Name,Date,Open,High,Low,Close,Volume,Market Cap
bitcoin,2013-04-28,135.3,135.98,132.1,134.21,,1500520000
litecoin,2013-04-28,4.3,4.4,4.18,4.35,,73773400
bitcoin,2013-04-29,134.44,147.49,134.0,144.54,,1491160000
litecoin,2013-04-29,4.37,4.57,4.23,4.38,,74952700
bitcoin,2013-04-30,144.0,146.93,134.05,139.0,,1597780000
litecoin,2013-04-30,4.4,4.57,4.17,4.3,,75726800
bitcoin,2013-05-01,139.0,139.89,107.72,116.99,,1542820000
litecoin,2013-05-01,4.29,4.36,3.52,3.8,,73901200
bitcoin,2013-05-02,116.38,125.6,92.28,105.21,,1292190000
litecoin,2013-05-02,3.78,4.04,3.01,3.37,,65242700
bitcoin,2013-05-03,106.25,108.13,79.1,97.75,,1180070000
litecoin,2013-05-03,3.39,3.45,2.4,3.04,,58607400
bitcoin,2013-05-04,98.1,115.0,92.5,112.5,,1089890000
litecoin,2013-05-04,3.03,3.64,2.9,3.48,,52476400
bitcoin,2013-05-05,112.9,118.8,107.14,115.91,,1254760000
litecoin,2013-05-05,3.49,3.69,3.35,3.59,,60525000
bitcoin,2013-05-06,115.98,124.66,106.64,112.3,,1289470000
litecoin,2013-05-06,3.59,3.78,3.12,3.37,,62356000
bitcoin,2013-05-07,112.25,113.44,97.7,111.5,,1248470000
litecoin,2013-05-07,3.37,3.41,2.94,3.33,,58588300
bitcoin,2013-05-08,109.6,115.78,109.6,113.57,,1219450000
litecoin,2013-05-08,3.28,3.49,3.28,3.41,,57196300
bitcoin,2013-05-09,113.2,113.46,109.26,112.67,,1259980000
litecoin,2013-05-09,3.4,3.44,3.29,3.42,,59337100
bitcoin,2013-05-10,112.8,122.0,111.55,117.2,,1255970000
litecoin,2013-05-10,3.41,3.63,3.37,3.44,,59588000
bitcoin,2013-05-11,117.7,118.68,113.01,115.24,,1311050000
litecoin,2013-05-11,3.46,3.48,3.3,3.35,,60658000
bitcoin,2013-05-12,115.64,117.45,113.44,115.0,,1288630000
litecoin,2013-05-12,3.36,3.42,3.22,3.27,,59052900
bitcoin,2013-05-13,114.82,118.7,114.5,117.98,,1279980000
litecoin,2013-05-13,3.26,3.37,3.2,3.28,,57363200
bitcoin,2013-05-14,117.98,119.8,110.25,111.5,,1315720000
litecoin,2013-05-14,3.28,3.33,2.78,2.82,,57812000
bitcoin,2013-05-15,111.4,115.81,103.5,114.22,,1242760000
litecoin,2013-05-15,2.82,3.04,2.64,2.94,,49842500
bitcoin,2013-05-16,114.22,118.76,112.2,118.76,,1274620000
litecoin,2013-05-16,2.93,2.97,2.69,2.92,,51790900
bitcoin,2013-05-17,118.21,125.3,116.57,123.02,,1319590000
litecoin,2013-05-17,2.89,3.34,2.87,3.19,,51195900
bitcoin,2013-05-18,123.5,125.25,122.3,123.5,,1379140000
litecoin,2013-05-18,3.2,3.36,3.13,3.29,,56721100
bitcoin,2013-05-19,123.21,124.5,119.57,121.99,,1376370000
litecoin,2013-05-19,3.3,3.41,3.19,3.3,,58645400
bitcoin,2013-05-20,122.5,123.62,120.12,122.0,,1368910000
litecoin,2013-05-20,3.31,3.32,3.15,3.18,,58962900
bitcoin,2013-05-21,122.02,123.0,121.21,122.88,,1363940000
litecoin,2013-05-21,3.19,3.22,3.04,3.09,,56887600
bitcoin,2013-05-22,122.89,124.0,122.0,123.89,,1374130000
litecoin,2013-05-22,3.09,3.14,3.03,3.12,,55165300
bitcoin,2013-05-23,123.8,126.93,123.1,126.7,,1384780000
litecoin,2013-05-23,3.12,3.19,3.09,3.18,,55727000
bitcoin,2013-05-24,126.3,133.85,125.72,133.2,,1413300000
litecoin,2013-05-24,3.17,3.19,3.04,3.18,,56747200
bitcoin,2013-05-25,133.1,133.22,128.9,131.98,,1489950000
litecoin,2013-05-25,3.19,3.2,3.05,3.12,,57165800
bitcoin,2013-05-26,131.99,136.0,130.62,133.48,,1478030000
litecoin,2013-05-26,3.12,3.33,3.09,3.25,,56123900
bitcoin,2013-05-27,133.5,135.47,124.7,129.75,,1495520000
litecoin,2013-05-27,3.23,3.26,3.02,3.1,,58130800
bitcoin,2013-05-28,129.77,130.58,125.6,129.0,,1454310000
litecoin,2013-05-28,3.1,3.13,3.02,3.09,,55916500
bitcoin,2013-05-29,129.0,132.59,127.66,132.3,,1446190000
litecoin,2013-05-29,3.09,3.12,3.02,3.1,,55814300
bitcoin,2013-05-30,132.25,132.25,127.0,128.8,,1483180000
litecoin,2013-05-30,3.08,3.09,2.88,2.97,,55640200
bitcoin,2013-05-31,128.8,129.9,126.4,129.0,,1445050000
litecoin,2013-05-31,2.97,2.99,2.69,2.96,,53813700
bitcoin,2013-06-01,128.81,129.78,127.2,129.3,,1445800000
litecoin,2013-06-01,2.94,2.97,2.8,2.83,,53372200
bitcoin,2013-06-02,129.3,129.4,115.05,122.29,,1451930000
litecoin,2013-06-02,2.83,2.86,2.56,2.73,,51378100
bitcoin,2013-06-03,122.5,122.5,116.0,122.22,,1376180000
litecoin,2013-06-03,2.73,2.75,2.61,2.73,,49688400
bitcoin,2013-06-04,120.74,123.84,119.1,121.42,,1357020000
litecoin,2013-06-04,2.7,2.9,2.7,2.87,,49268800
bitcoin,2013-06-05,121.4,123.47,119.9,121.65,,1365110000
litecoin,2013-06-05,2.87,2.99,2.81,2.86,,52338100
bitcoin,2013-06-06,121.9,123.1,117.25,118.0,,1371300000
litecoin,2013-06-06,2.88,2.91,2.74,2.75,,52595600
bitcoin,2013-06-07,118.97,119.0,106.42,111.5,,1338880000
litecoin,2013-06-07,2.78,2.79,2.51,2.6,,50890900
bitcoin,2013-06-08,111.0,111.42,107.3,108.3,,1249630000
litecoin,2013-06-08,2.6,2.66,2.54,2.56,,47770700
bitcoin,2013-06-09,107.89,108.99,88.5,100.0,,1215130000
litecoin,2013-06-09,2.55,2.59,2.07,2.38,,46911500
bitcoin,2013-06-10,100.44,110.1,95.0,106.35,,1131570000
litecoin,2013-06-10,2.38,2.58,2.26,2.49,,43883900
bitcoin,2013-06-11,106.35,109.6,104.0,108.9,,1198640000
litecoin,2013-06-11,2.49,2.5,2.18,2.4,,45951500
bitcoin,2013-06-12,109.0,111.79,106.73,108.15,,1229000000
litecoin,2013-06-12,2.41,2.45,2.31,2.38,,44532400
bitcoin,2013-06-13,108.78,110.3,100.53,104.0,,1227030000
litecoin,2013-06-13,2.4,2.49,2.23,2.27,,44356700
bitcoin,2013-06-14,103.95,104.7,98.0,99.98,,1173060000
litecoin,2013-06-14,2.27,2.29,2.09,2.13,,42035700
bitcoin,2013-06-15,100.0,103.7,98.0,99.99,,1128950000
litecoin,2013-06-15,2.14,2.21,2.05,2.11,,39693000
bitcoin,2013-06-16,99.8,101.6,98.95,99.51,,1127120000
litecoin,2013-06-16,2.09,2.15,2.02,2.13,,38754600
bitcoin,2013-06-17,99.9,102.21,99.0,101.7,,1128720000
litecoin,2013-06-17,2.14,2.29,2.09,2.28,,39791100
bitcoin,2013-06-18,101.95,111.11,101.03,107.4,,1152250000
litecoin,2013-06-18,2.28,2.37,2.19,2.31,,42507000
bitcoin,2013-06-19,107.05,110.22,105.75,108.25,,1210260000
litecoin,2013-06-19,2.3,2.34,2.25,2.3,,43009600
bitcoin,2013-06-20,108.25,114.3,107.5,110.15,,1224210000
litecoin,2013-06-20,2.3,2.4,2.27,2.29,,42968900
bitcoin,2013-06-21,111.29,114.99,107.69,109.5,,1259000000
litecoin,2013-06-21,2.33,2.87,2.27,2.87,,43568400
bitcoin,2013-06-22,109.5,109.96,107.51,108.3,,1239210000
litecoin,2013-06-22,2.86,3.58,2.66,2.92,,53719800
bitcoin,2013-06-23,108.2,108.8,106.23,107.6,,1224980000
litecoin,2013-06-23,2.9,3.34,2.9,3.12,,54440600
bitcoin,2013-06-24,107.9,108.33,100.98,102.74,,1222030000
litecoin,2013-06-24,3.13,3.15,2.71,2.87,,58990400
bitcoin,2013-06-25,102.09,106.47,101.01,103.95,,1156610000
litecoin,2013-06-25,2.85,2.91,2.77,2.82,,53693400
bitcoin,2013-06-26,103.33,105.49,102.79,104.0,,1171050000
litecoin,2013-06-26,2.81,2.95,2.75,2.86,,52981700
bitcoin,2013-06-27,104.0,104.0,101.1,101.44,,1179110000
litecoin,2013-06-27,2.88,3.03,2.84,3.02,,54479500
bitcoin,2013-06-28,101.74,101.74,92.33,94.65,,1153880000
litecoin,2013-06-28,3.04,3.04,2.67,2.75,,57524700
bitcoin,2013-06-29,94.66,99.99,93.0,94.99,,1074010000
litecoin,2013-06-29,2.76,2.93,2.7,2.79,,52385700
bitcoin,2013-06-30,95.0,98.12,94.22,96.61,,1078260000
litecoin,2013-06-30,2.79,3.0,2.77,2.98,,52983200
bitcoin,2013-07-01,97.51,97.66,86.3,88.05,,1107130000
litecoin,2013-07-01,3.01,3.3,2.88,2.95,,57266300
bitcoin,2013-07-02,88.05,92.3,87.51,90.13,,1000070000
litecoin,2013-07-02,2.95,3.03,2.81,2.83,,56226500
bitcoin,2013-07-03,90.41,90.98,76.98,77.53,,1027160000
litecoin,2013-07-03,2.85,3.03,2.61,2.62,,54356500
bitcoin,2013-07-04,78.89,83.11,72.0,80.53,,896693000
litecoin,2013-07-04,2.68,2.78,2.49,2.73,,51159000
bitcoin,2013-07-05,79.99,80.0,65.53,68.43,,909526000
litecoin,2013-07-05,2.71,2.72,2.33,2.43,,51849500
bitcoin,2013-07-06,68.5,75.0,66.82,70.28,,779255000
litecoin,2013-07-06,2.42,2.62,2.37,2.52,,46474600
bitcoin,2013-07-07,68.75,74.56,66.62,74.56,,782352000
litecoin,2013-07-07,2.46,2.66,2.38,2.66,,47204600
bitcoin,2013-07-08,76.5,80.0,72.6,76.52,,870912000
litecoin,2013-07-08,2.71,2.74,2.49,2.61,,52149300
bitcoin,2013-07-09,76.0,78.3,72.52,76.69,,865585000
litecoin,2013-07-09,2.58,2.65,2.48,2.61,,49803200
bitcoin,2013-07-10,76.72,87.0,76.2,86.76,,874138000
litecoin,2013-07-10,2.61,2.81,2.58,2.81,,50357000
bitcoin,2013-07-11,88.0,90.28,85.08,88.98,,1003090000
litecoin,2013-07-11,2.84,2.87,2.64,2.73,,54838700
bitcoin,2013-07-12,88.98,104.0,88.17,93.59,,1014640000
litecoin,2013-07-12,2.72,2.91,2.7,2.79,,52706200
bitcoin,2013-07-13,93.99,98.25,88.06,98.13,,1072140000
litecoin,2013-07-13,2.81,2.91,2.67,2.9,,54422000
bitcoin,2013-07-14,98.7,98.7,92.86,94.69,,1126260000
litecoin,2013-07-14,2.93,2.97,2.78,2.91,,56845500
bitcoin,2013-07-15,93.61,101.9,93.11,98.4,,1068520000
litecoin,2013-07-15,2.87,3.06,2.85,2.98,,55861000
bitcoin,2013-07-16,98.89,99.86,96.14,97.45,,1129260000
litecoin,2013-07-16,3.0,3.18,2.95,3.1,,58400000
bitcoin,2013-07-17,96.71,99.97,96.18,98.5,,1104760000
litecoin,2013-07-17,3.08,3.17,3.06,3.15,,59995800
bitcoin,2013-07-18,98.5,98.8,86.2,90.58,,1125660000
litecoin,2013-07-18,3.15,3.15,2.76,2.89,,61435200
bitcoin,2013-07-19,90.07,95.2,87.8,92.17,,1029670000
litecoin,2013-07-19,2.88,3.05,2.8,2.96,,56367600
bitcoin,2013-07-20,92.0,93.1,89.27,89.39,,1052140000
litecoin,2013-07-20,2.96,3.01,2.86,2.86,,58032500
bitcoin,2013-07-21,89.82,91.95,88.0,90.76,,1027640000
litecoin,2013-07-21,2.87,2.95,2.81,2.92,,56298200
bitcoin,2013-07-22,92.0,92.0,90.08,91.61,,1053000000
litecoin,2013-07-22,2.95,2.95,2.86,2.89,,57698700
bitcoin,2013-07-23,91.6,96.82,91.6,95.56,,1048820000
litecoin,2013-07-23,2.89,3.01,2.88,2.99,,56792800
bitcoin,2013-07-24,95.56,95.99,93.0,94.51,,1094490000
litecoin,2013-07-24,2.99,2.99,2.88,2.94,,58868500
bitcoin,2013-07-25,94.5,97.33,93.87,96.9,,1082800000
litecoin,2013-07-25,2.95,3.02,2.92,2.97,,58178300
bitcoin,2013-07-26,96.95,97.47,96.0,96.02,,1111160000
litecoin,2013-07-26,2.98,2.99,2.83,2.9,,58943000
bitcoin,2013-07-27,96.02,97.0,93.0,94.12,,1100900000
litecoin,2013-07-27,2.9,2.94,2.84,2.88,,57328700
bitcoin,2013-07-28,94.4,100.58,94.0,99.76,,1082750000
litecoin,2013-07-28,2.88,3.03,2.84,2.98,,57167200
bitcoin,2013-07-29,98.6,102.5,98.45,101.2,,1131340000
litecoin,2013-07-29,2.94,3.04,2.94,2.96,,58407100
bitcoin,2013-07-30,101.49,107.99,100.47,107.99,,1164940000
litecoin,2013-07-30,2.97,3.0,2.88,2.99,,59070500
bitcoin,2013-07-31,107.95,111.34,103.88,106.09,,1239630000
litecoin,2013-07-31,3.0,3.03,2.84,2.87,,59718400
bitcoin,2013-08-01,106.21,108.0,103.01,104.0,,1220190000
litecoin,2013-08-01,2.87,3.01,2.85,2.91,,57264600
bitcoin,2013-08-02,104.86,108.0,101.21,104.5,,1205070000
litecoin,2013-08-02,2.94,2.97,2.82,2.84,,58698900
bitcoin,2013-08-03,104.5,105.78,102.0,104.0,,1201490000
litecoin,2013-08-03,2.84,3.12,2.81,2.96,,56787100
bitcoin,2013-08-04,104.95,105.95,103.52,105.14,,1207100000
litecoin,2013-08-04,3.01,3.05,2.94,3.01,,60240700
ripple,2013-08-04,0.005874,0.005927,0.005874,0.005882,,45921000
bitcoin,2013-08-05,105.12,107.77,105.0,106.22,,1209520000
litecoin,2013-08-05,3.0,3.03,2.82,2.83,,60085300
ripple,2013-08-05,0.005875,0.00598,0.005613,0.005613,,45928400
bitcoin,2013-08-06,106.72,107.38,105.56,106.75,,1228440000
litecoin,2013-08-06,2.84,2.9,2.79,2.82,,57073600
ripple,2013-08-06,0.005637,0.005661,0.004629,0.00468,,44067600
bitcoin,2013-08-07,106.75,106.75,106.75,106.75,,1229100000
litecoin,2013-08-07,2.82,2.82,2.7,2.76,,56705800
ripple,2013-08-07,0.0046689999999999995,0.004682,0.004333,0.004417,,36503500
bitcoin,2013-08-08,106.75,106.75,101.26,103.0,,1229100000
litecoin,2013-08-08,2.75,2.81,2.67,2.7,,55423400
ripple,2013-08-08,0.004397,0.004424,0.004175,0.004254,,34372500
bitcoin,2013-08-09,103.07,105.75,101.94,102.8,,1187920000
litecoin,2013-08-09,2.71,2.76,2.66,2.68,,54639500
ripple,2013-08-09,0.004257,0.004367,0.004253,0.004291,,33282700
bitcoin,2013-08-10,102.8,103.9,102.41,103.0,,1185310000
litecoin,2013-08-10,2.69,2.71,2.56,2.56,,54201200
ripple,2013-08-10,0.004291,0.004366,0.004279,0.004314,,33547500
bitcoin,2013-08-11,103.0,105.19,102.75,105.0,,1188150000
litecoin,2013-08-11,2.55,2.72,2.53,2.69,,51564700
ripple,2013-08-11,0.004314,0.0044210000000000005,0.0043,0.004415,,33725000
bitcoin,2013-08-12,105.0,108.0,103.5,106.64,,1211790000
litecoin,2013-08-12,2.69,2.72,2.58,2.65,,54534200
ripple,2013-08-12,0.004414,0.004520000000000001,0.004359,0.004449,,34511100
bitcoin,2013-08-13,106.99,109.35,104.65,109.0,,1235340000
litecoin,2013-08-13,2.66,2.76,2.62,2.74,,53831200
ripple,2013-08-13,0.004463,0.004463,0.004171,0.0042450000000000005,,34893700
bitcoin,2013-08-14,109.56,115.0,108.0,112.56,,1265450000
litecoin,2013-08-14,2.76,2.83,2.69,2.73,,56028000
ripple,2013-08-14,0.004267,0.004267,0.003785,0.003788,,33359300
bitcoin,2013-08-15,112.56,113.25,109.0,109.99,,1300660000
litecoin,2013-08-15,2.74,2.83,2.69,2.76,,55615700
ripple,2013-08-15,0.003788,0.003804,0.0030670000000000003,0.003092,,29615000
bitcoin,2013-08-16,110.0,112.3,108.52,108.99,,1271470000
litecoin,2013-08-16,2.76,2.79,2.7,2.72,,56243000
ripple,2013-08-16,0.003082,0.0031620000000000003,0.002875,0.003134,,24092600
bitcoin,2013-08-17,108.99,113.75,108.22,113.5,,1260350000
litecoin,2013-08-17,2.72,2.84,2.69,2.82,,55404000
ripple,2013-08-17,0.0031379999999999997,0.005684000000000001,0.0031379999999999997,0.005671,,24533400
bitcoin,2013-08-18,112.75,114.69,112.0,113.5,,1304320000
litecoin,2013-08-18,2.8,2.86,2.77,2.8,,57183000
ripple,2013-08-18,0.005686999999999999,0.006263,0.0055850000000000006,0.0056170000000000005,,44458200
bitcoin,2013-08-19,113.38,123.06,111.77,119.0,,1312160000
litecoin,2013-08-19,2.8,2.89,2.74,2.82,,57253600
ripple,2013-08-19,0.005587,0.0058390000000000004,0.005222999999999999,0.00526,,43678200
bitcoin,2013-08-20,119.0,123.01,117.51,121.2,,1377730000
litecoin,2013-08-20,2.82,2.88,2.76,2.78,,57817600
ripple,2013-08-20,0.005376,0.006157999999999999,0.005309,0.006097999999999999,,42031100
bitcoin,2013-08-21,121.21,124.91,119.68,123.3,,1403890000
litecoin,2013-08-21,2.77,2.84,2.59,2.7,,56892500
ripple,2013-08-21,0.006097999999999999,0.0063490000000000005,0.00595,0.006131,,47675800
bitcoin,2013-08-22,123.3,123.5,120.6,121.15,,1428700000
litecoin,2013-08-22,2.69,2.78,2.59,2.75,,55332200
ripple,2013-08-22,0.006131,0.006138,0.005143,0.005143,,47928700
bitcoin,2013-08-23,122.0,122.0,118.44,118.5,,1414290000
litecoin,2013-08-23,2.78,2.88,2.67,2.72,,57221800
ripple,2013-08-23,0.005179,0.005232,0.004919,0.005139,,40487300
bitcoin,2013-08-24,118.51,121.39,118.02,120.05,,1374420000
litecoin,2013-08-24,2.74,2.78,2.67,2.69,,56421100
ripple,2013-08-24,0.005139,0.005603,0.0051259999999999995,0.005546,,40176000
bitcoin,2013-08-25,119.6,122.99,119.17,122.11,,1387640000
litecoin,2013-08-25,2.68,2.71,2.52,2.59,,55274700
ripple,2013-08-25,0.005526,0.006148,0.005519,0.006104,,43198100
bitcoin,2013-08-26,122.11,122.75,119.93,120.06,,1417200000
litecoin,2013-08-26,2.58,2.65,2.56,2.57,,53225200
ripple,2013-08-26,0.006104,0.006506999999999999,0.006065,0.006417,,47719500
bitcoin,2013-08-27,120.07,127.24,120.07,126.5,,1394010000
litecoin,2013-08-27,2.57,2.65,2.49,2.57,,53123200
ripple,2013-08-27,0.006468000000000001,0.006936,0.006372999999999999,0.006451999999999999,,50569200
bitcoin,2013-08-28,126.48,127.32,122.62,122.62,,1468960000
litecoin,2013-08-28,2.58,2.6,2.51,2.52,,53333500
ripple,2013-08-28,0.006451,0.006462999999999999,0.006065999999999999,0.006246,,50433400
bitcoin,2013-08-29,122.62,123.7,122.21,122.39,,1424680000
litecoin,2013-08-29,2.54,2.58,2.52,2.55,,52612100
ripple,2013-08-29,0.006246,0.006246,0.005756,0.005763,,48829100
bitcoin,2013-08-30,122.35,135.75,120.99,133.49,,1422120000
litecoin,2013-08-30,2.54,2.73,2.51,2.66,,52649500
ripple,2013-08-30,0.00576,0.0062640000000000005,0.00561,0.0059299999999999995,,45034300
bitcoin,2013-08-31,133.09,140.89,132.72,135.35,,1547640000
litecoin,2013-08-31,2.66,2.69,2.55,2.58,,55259800
ripple,2013-08-31,0.005913,0.0060810000000000005,0.005576,0.005632,,46223800
bitcoin,2013-09-01,135.14,145.81,134.81,138.34,,1572230000
litecoin,2013-09-01,2.59,2.76,2.54,2.58,,53981600
ripple,2013-09-01,0.0056229999999999995,0.005872,0.005574,0.005787,,43960300
bitcoin,2013-09-02,138.63,146.5,134.89,135.85,,1613600000
litecoin,2013-09-02,2.57,2.74,2.54,2.56,,53667700
ripple,2013-09-02,0.005799,0.006115,0.005507,0.005528,,45334600
bitcoin,2013-09-03,135.61,138.34,133.0,136.77,,1579180000
litecoin,2013-09-03,2.55,2.62,2.49,2.6,,53347900
ripple,2013-09-03,0.005518,0.005693,0.005405,0.0056700000000000006,,43139800
bitcoin,2013-09-04,136.53,144.5,123.61,126.74,,1590550000
litecoin,2013-09-04,2.6,3.19,2.6,2.81,,54374100
ripple,2013-09-04,0.00566,0.0062759999999999995,0.005507,0.005695,,44248300
bitcoin,2013-09-05,126.76,131.44,121.83,126.43,,1477250000
litecoin,2013-09-05,2.82,2.95,2.71,2.75,,58978900
ripple,2013-09-05,0.005696,0.005991,0.005474000000000001,0.005715,,44529800
bitcoin,2013-09-06,126.49,127.34,119.15,119.15,,1474670000
litecoin,2013-09-06,2.78,2.84,2.65,2.69,,58296100
ripple,2013-09-06,0.005717,0.006151,0.005627,0.005866,,44698500
bitcoin,2013-09-07,118.89,125.94,118.46,124.15,,1386610000
litecoin,2013-09-07,2.68,2.76,2.67,2.71,,56314500
ripple,2013-09-07,0.005853,0.00627,0.005832,0.006173,,45756200
bitcoin,2013-09-08,124.13,124.72,120.49,121.66,,1448180000
litecoin,2013-09-08,2.7,2.77,2.67,2.73,,56907400
ripple,2013-09-08,0.0061719999999999995,0.006304,0.0061200000000000004,0.006183,,48251900
bitcoin,2013-09-09,121.86,129.06,119.75,127.11,,1422180000
litecoin,2013-09-09,2.73,2.76,2.65,2.73,,57564700
ripple,2013-09-09,0.006193,0.006552,0.006079,0.00627,,48417800
bitcoin,2013-09-10,127.27,129.74,125.9,125.91,,1485960000
litecoin,2013-09-10,2.73,2.73,2.62,2.64,,57610700
ripple,2013-09-10,0.006278,0.006332,0.005807,0.005808,,49079900
bitcoin,2013-09-11,125.89,137.83,123.27,135.25,,1470450000
litecoin,2013-09-11,2.64,2.81,2.61,2.72,,55825700
ripple,2013-09-11,0.005807,0.006393,0.005698,0.006273,,45397700
bitcoin,2013-09-12,135.55,136.08,131.81,133.13,,1583960000
litecoin,2013-09-12,2.75,2.75,2.66,2.7,,58116300
ripple,2013-09-12,0.006287,0.006442,0.0060079999999999995,0.0063490000000000005,,49152200
bitcoin,2013-09-13,132.83,137.58,132.27,134.98,,1552880000
litecoin,2013-09-13,2.69,2.74,2.6,2.67,,56941900
ripple,2013-09-13,0.006334,0.00672,0.0063159999999999996,0.006513,,49521000
bitcoin,2013-09-14,135.01,135.85,128.87,129.22,,1579050000
litecoin,2013-09-14,2.66,2.68,2.52,2.54,,56435100
ripple,2013-09-14,0.006515000000000001,0.00655,0.006288,0.00634,,50930100
bitcoin,2013-09-15,129.4,131.44,128.26,130.37,,1514140000
litecoin,2013-09-15,2.59,2.72,2.55,2.64,,54890100
ripple,2013-09-15,0.0063490000000000005,0.006516,0.0063490000000000005,0.0064719999999999995,,49633200
bitcoin,2013-09-16,130.86,132.72,129.77,131.72,,1531820000
litecoin,2013-09-16,2.65,2.68,2.6,2.63,,56288200
ripple,2013-09-16,0.006495999999999999,0.0070799999999999995,0.0062439999999999996,0.007056000000000001,,50785700
bitcoin,2013-09-17,131.59,132.76,124.89,131.66,,1540880000
litecoin,2013-09-17,2.63,2.65,2.48,2.6,,56009200
ripple,2013-09-17,0.007086,0.009658,0.007058,0.009613,,55397400
bitcoin,2013-09-18,131.71,133.2,130.54,131.47,,1542870000
litecoin,2013-09-18,2.6,2.63,2.54,2.56,,55497300
ripple,2013-09-18,0.009617,0.010870999999999999,0.009595000000000001,0.010782,,75181400
bitcoin,2013-09-19,131.37,131.77,128.45,129.65,,1539430000
litecoin,2013-09-19,2.55,2.63,2.55,2.62,,54423900
ripple,2013-09-19,0.010773999999999999,0.011151000000000001,0.010773999999999999,0.010957999999999999,,84227600
bitcoin,2013-09-20,129.7,135.62,126.68,127.04,,1520470000
litecoin,2013-09-20,2.61,2.72,2.46,2.48,,55805000
ripple,2013-09-20,0.010962000000000001,0.011142,0.010084000000000001,0.010112999999999999,,85699700
bitcoin,2013-09-21,126.95,128.61,126.24,127.43,,1488870000
litecoin,2013-09-21,2.48,2.57,2.47,2.51,,53085600
ripple,2013-09-21,0.010106,0.010123,0.009643,0.0097,,79006800
bitcoin,2013-09-22,127.87,133.94,126.59,129.12,,1500260000
litecoin,2013-09-22,2.53,2.64,2.49,2.53,,54142400
ripple,2013-09-22,0.009734,0.010551999999999999,0.009689,0.010406,,76097500
bitcoin,2013-09-23,128.98,132.72,125.66,125.95,,1513940000
litecoin,2013-09-23,2.53,2.63,2.46,2.47,,54240500
ripple,2013-09-23,0.010395,0.010698000000000001,0.009995,0.010008,,81265400
bitcoin,2013-09-24,126.05,127.46,125.39,127.25,,1480210000
litecoin,2013-09-24,2.47,2.5,2.42,2.47,,53139300
ripple,2013-09-24,0.010015999999999999,0.010467,0.010009,0.010448,,78301600
bitcoin,2013-09-25,127.38,129.69,127.33,128.22,,1496510000
litecoin,2013-09-25,2.47,2.51,2.37,2.37,,53168400
ripple,2013-09-25,0.010459,0.010728,0.010433,0.010433,,81768100
bitcoin,2013-09-26,128.21,134.93,127.32,128.38,,1506920000
litecoin,2013-09-26,2.37,2.53,2.37,2.39,,51028000
ripple,2013-09-26,0.010431999999999999,0.012094,0.010431999999999999,0.011713,,81557000
bitcoin,2013-09-27,128.94,134.74,128.49,133.78,,1516020000
litecoin,2013-09-27,2.4,2.49,2.36,2.4,,51857200
ripple,2013-09-27,0.011765000000000001,0.014675,0.011765000000000001,0.014565999999999999,,91973600
bitcoin,2013-09-28,133.77,135.63,132.56,134.78,,1573400000
litecoin,2013-09-28,2.39,2.4,2.23,2.25,,51699800
ripple,2013-09-28,0.014966,0.014966,0.013781,0.013835,,117006000
bitcoin,2013-09-29,134.9,140.61,134.71,137.34,,1587290000
litecoin,2013-09-29,2.27,2.4,2.25,2.3,,49047900
ripple,2013-09-29,0.013847,0.014254,0.012856,0.012868000000000001,,108254000
bitcoin,2013-09-30,137.15,138.35,130.27,133.0,,1614350000
litecoin,2013-09-30,2.3,2.45,2.23,2.35,,49805700
ripple,2013-09-30,0.01285,0.01285,0.010543,0.010931999999999999,,100460000
bitcoin,2013-10-01,132.68,134.63,131.55,132.18,,1562270000
litecoin,2013-10-01,2.34,2.51,2.33,2.42,,50834400
ripple,2013-10-01,0.010906,0.012447,0.010517,0.010529,,85261900
bitcoin,2013-10-02,132.05,133.59,102.25,114.13,,1555470000
litecoin,2013-10-02,2.42,2.47,1.62,1.97,,52580700
ripple,2013-10-02,0.010518000000000001,0.010518000000000001,0.007146,0.007862000000000001,,82231700
bitcoin,2013-10-03,114.45,123.63,111.82,123.63,,1348700000
litecoin,2013-10-03,1.98,2.18,1.92,2.17,,43020500
ripple,2013-10-03,0.007779,0.009112,0.0077069999999999994,0.009112,,60813300
bitcoin,2013-10-04,123.41,130.09,123.41,129.01,,1454900000
litecoin,2013-10-04,2.18,2.26,2.18,2.2,,47418000
ripple,2013-10-04,0.008922,0.010013,0.008922,0.009873,,69748000
bitcoin,2013-10-05,128.63,130.44,128.03,128.55,,1517020000
litecoin,2013-10-05,2.19,2.22,2.12,2.15,,47805900
ripple,2013-10-05,0.009676,0.00975,0.00912,0.009488,,75642700
bitcoin,2013-10-06,128.36,129.66,126.15,129.0,,1514540000
litecoin,2013-10-06,2.13,2.2,2.12,2.17,,46586200
ripple,2013-10-06,0.009474,0.010598999999999999,0.009474,0.009819,,74066400
bitcoin,2013-10-07,129.43,130.27,126.36,126.94,,1527760000
litecoin,2013-10-07,2.17,2.2,2.08,2.1,,47545900
ripple,2013-10-07,0.009669,0.009669,0.009197,0.00924,,75587700
bitcoin,2013-10-08,126.74,127.47,124.71,126.0,,1496500000
litecoin,2013-10-08,2.1,2.11,1.89,1.98,,45870300
ripple,2013-10-08,0.009225,0.009748999999999999,0.009114,0.009451000000000001,,72120200
bitcoin,2013-10-09,125.85,131.75,125.58,130.69,,1486510000
litecoin,2013-10-09,1.98,2.0,1.86,1.92,,43429000
ripple,2013-10-09,0.009439,0.009747,0.009391,0.009663,,73796500
bitcoin,2013-10-10,130.67,131.5,129.26,130.59,,1544020000
litecoin,2013-10-10,1.93,2.38,1.85,2.03,,42394000
ripple,2013-10-10,0.009662,0.010115,0.009622,0.009861,,75533700
bitcoin,2013-10-11,130.75,131.81,129.64,130.9,,1545600000
litecoin,2013-10-11,2.03,2.22,1.91,2.07,,44514200
ripple,2013-10-11,0.009884,0.009893,0.008917,0.00897,,77269300
bitcoin,2013-10-12,130.9,135.66,130.56,135.19,,1547970000
litecoin,2013-10-12,2.07,2.14,2.06,2.12,,45513300
ripple,2013-10-12,0.008912,0.009408,0.008485,0.009382,,69671600
bitcoin,2013-10-13,135.19,138.66,134.55,138.13,,1599430000
litecoin,2013-10-13,2.12,2.19,2.1,2.13,,46766600
ripple,2013-10-13,0.009382,0.00941,0.008184,0.008412000000000001,,73347800
bitcoin,2013-10-14,139.27,144.12,138.9,140.52,,1648470000
litecoin,2013-10-14,2.15,2.17,2.03,2.05,,47411600
ripple,2013-10-14,0.008485,0.008759999999999999,0.008401,0.008489,,66332400
bitcoin,2013-10-15,140.77,145.39,139.13,145.24,,1667100000
litecoin,2013-10-15,2.06,2.08,1.9,1.96,,45406100
ripple,2013-10-15,0.008504000000000001,0.008504000000000001,0.007935,0.008051,,66484600
bitcoin,2013-10-16,145.65,152.23,142.43,142.55,,1725840000
litecoin,2013-10-16,1.97,2.04,1.85,1.92,,43632900
ripple,2013-10-16,0.008068,0.008131000000000001,0.007176999999999999,0.007305,,63074800
bitcoin,2013-10-17,142.41,147.42,142.41,146.25,,1688200000
litecoin,2013-10-17,1.92,1.96,1.88,1.91,,42467400
ripple,2013-10-17,0.007298000000000001,0.008415,0.007287,0.008343000000000001,,57051600
bitcoin,2013-10-18,146.37,155.96,145.57,155.96,,1735750000
litecoin,2013-10-18,1.92,1.94,1.88,1.9,,42499100
ripple,2013-10-18,0.00835,0.008431999999999999,0.007645999999999999,0.007942,,65277700
bitcoin,2013-10-19,155.91,177.48,155.7,172.42,,1849630000
litecoin,2013-10-19,1.91,2.0,1.82,1.88,,42318300
ripple,2013-10-19,0.007940000000000001,0.008024,0.006779,0.007252,,62073400
bitcoin,2013-10-20,171.66,174.91,168.95,174.61,,2037440000
litecoin,2013-10-20,1.87,1.96,1.87,1.93,,41580100
ripple,2013-10-20,0.00722,0.00757,0.0065829999999999994,0.0067,,56444800
bitcoin,2013-10-21,174.8,184.82,174.8,182.21,,2075580000
litecoin,2013-10-21,1.93,1.95,1.78,1.82,,43015300
ripple,2013-10-21,0.006706999999999999,0.006931999999999999,0.006614,0.006634,,52433500
bitcoin,2013-10-22,182.65,196.27,182.65,193.76,,2169750000
litecoin,2013-10-22,1.82,1.84,1.64,1.7,,40604700
ripple,2013-10-22,0.00665,0.006954000000000001,0.006527,0.006845,,51991300
bitcoin,2013-10-23,193.36,213.62,192.38,213.62,,2298160000
litecoin,2013-10-23,1.7,2.37,1.69,2.05,,37943700
ripple,2013-10-23,0.006829000000000001,0.007873,0.006795999999999999,0.007873,,53384500
bitcoin,2013-10-24,214.3,217.42,168.52,198.23,,2548230000
litecoin,2013-10-24,2.06,2.39,1.95,2.27,,45984300
ripple,2013-10-24,0.007906,0.008813,0.006501000000000001,0.008596,,61808600
bitcoin,2013-10-25,197.69,198.87,168.5,186.69,,2351780000
litecoin,2013-10-25,2.29,2.65,2.12,2.18,,51325700
ripple,2013-10-25,0.00857,0.008745999999999999,0.0065060000000000005,0.00686,,66998000
bitcoin,2013-10-26,187.45,188.41,175.75,177.32,,2231070000
litecoin,2013-10-26,2.16,2.3,2.15,2.21,,48443500
ripple,2013-10-26,0.006887999999999999,0.006887999999999999,0.00599,0.006064,,53850600
bitcoin,2013-10-27,176.6,196.44,176.6,196.44,,2102730000
litecoin,2013-10-27,2.2,2.27,2.09,2.13,,49469600
ripple,2013-10-27,0.00604,0.006842,0.00604,0.006842,,47218300
bitcoin,2013-10-28,196.21,198.62,192.06,198.55,,2337100000
litecoin,2013-10-28,2.13,2.23,2.11,2.18,,47813500
ripple,2013-10-28,0.006834000000000001,0.006834000000000001,0.005942,0.005942,,53430600
bitcoin,2013-10-29,198.55,204.79,198.55,204.39,,2365840000
litecoin,2013-10-29,2.17,2.22,2.12,2.13,,48894400
ripple,2013-10-29,0.005942,0.006,0.005811,0.005998,,46453800
bitcoin,2013-10-30,204.39,209.16,199.97,199.97,,2436240000
litecoin,2013-10-30,2.13,2.31,2.11,2.29,,47999300
ripple,2013-10-30,0.006014,0.006209,0.005797,0.005854,,47018500
bitcoin,2013-10-31,199.83,205.18,198.85,204.0,,2382870000
litecoin,2013-10-31,2.28,2.38,2.21,2.36,,51405800
ripple,2013-10-31,0.005853,0.006093,0.005823,0.006072999999999999,,45756500
bitcoin,2013-11-01,203.9,206.65,202.13,206.18,,2432470000
litecoin,2013-11-01,2.34,2.48,2.33,2.45,,52967400
ripple,2013-11-01,0.006075,0.0063560000000000005,0.006024,0.006353,,47494500
bitcoin,2013-11-02,205.81,207.76,201.65,206.22,,2456330000
litecoin,2013-11-02,2.46,2.75,2.37,2.7,,55624300
ripple,2013-11-02,0.006346,0.006848999999999999,0.006219,0.006814,,49616200
bitcoin,2013-11-03,205.99,215.05,203.99,215.05,,2459520000
litecoin,2013-11-03,2.72,3.32,2.48,2.88,,61520100
ripple,2013-11-03,0.006807,0.007383,0.006763,0.00716,,53215000
bitcoin,2013-11-04,214.66,231.01,213.94,229.1,,2564070000
litecoin,2013-11-04,2.9,3.17,2.77,3.08,,65752700
ripple,2013-11-04,0.007147,0.00745,0.006908,0.007011,,55876500
bitcoin,2013-11-05,229.21,250.66,226.22,245.24,,2738980000
litecoin,2013-11-05,3.08,3.14,2.87,3.04,,69993500
ripple,2013-11-05,0.007014,0.007305,0.0064719999999999995,0.00715,,54838300
bitcoin,2013-11-06,244.78,263.0,244.78,262.5,,2926100000
litecoin,2013-11-06,3.04,3.51,3.0,3.39,,69168900
ripple,2013-11-06,0.007137,0.007831999999999999,0.007137,0.007776000000000001,,55794300
bitcoin,2013-11-07,261.68,304.17,261.55,296.41,,3129190000
litecoin,2013-11-07,3.36,4.55,3.35,4.39,,76482000
ripple,2013-11-07,0.007751000000000001,0.009046,0.007749,0.008939,,60599400
bitcoin,2013-11-08,297.85,338.66,296.93,338.11,,3562790000
litecoin,2013-11-08,4.38,4.8,4.35,4.61,,99797700
ripple,2013-11-08,0.008983,0.010776,0.008965,0.010722,,70229100
bitcoin,2013-11-09,338.58,370.82,319.71,339.11,,4051120000
litecoin,2013-11-09,4.61,4.65,3.8,4.22,,105183000
ripple,2013-11-09,0.010679000000000001,0.011129,0.008403,0.008653000000000001,,83484100
bitcoin,2013-11-10,348.82,350.7,277.24,326.62,,4174930000
litecoin,2013-11-10,4.34,4.34,3.25,3.93,,99112700
ripple,2013-11-10,0.008859,0.008907,0.007051999999999999,0.008609,,69261400
bitcoin,2013-11-11,325.41,351.27,311.78,342.44,,3896130000
litecoin,2013-11-11,3.91,4.1,3.7,4.0,,89534800
ripple,2013-11-11,0.008595,0.009302,0.008237999999999999,0.008681,,67191600
bitcoin,2013-11-12,343.06,362.81,342.8,360.33,,4109060000
litecoin,2013-11-12,4.01,4.09,3.89,3.98,,91997300
ripple,2013-11-12,0.008697,0.009568,0.008675,0.009557,,67988900
bitcoin,2013-11-13,360.97,414.05,359.8,407.37,,4325400000
litecoin,2013-11-13,4.02,4.3,3.96,4.11,,92196100
ripple,2013-11-13,0.009578,0.011666,0.009564,0.010846,,74879700
bitcoin,2013-11-14,406.41,425.9,395.19,420.2,,4871600000
litecoin,2013-11-14,4.11,4.39,4.07,4.29,,94403200
ripple,2013-11-14,0.01082,0.011191,0.009304999999999999,0.009646,,84591900
bitcoin,2013-11-15,419.41,437.89,396.11,417.95,,5029340000
litecoin,2013-11-15,4.27,4.42,4.07,4.21,,98318100
ripple,2013-11-15,0.009628,0.010115,0.009221,0.009685,,75271300
bitcoin,2013-11-16,417.28,450.26,415.57,440.22,,5005530000
litecoin,2013-11-16,4.19,4.42,4.18,4.3,,96603200
ripple,2013-11-16,0.009669,0.010429,0.00963,0.01014,,75592700
bitcoin,2013-11-17,440.96,500.58,440.24,492.11,,5291730000
litecoin,2013-11-17,4.33,4.4,4.09,4.09,,99881500
ripple,2013-11-17,0.010157,0.01067,0.00998,0.010209000000000001,,79404000
bitcoin,2013-11-18,496.58,703.78,494.94,703.56,,5961500000
litecoin,2013-11-18,4.13,9.89,3.74,9.37,,95311600
ripple,2013-11-18,0.010301000000000001,0.011719,0.009035,0.010918,,80536000
bitcoin,2013-11-19,712.76,806.11,456.39,584.61,,8559550000
litecoin,2013-11-19,9.42,10.27,6.66,8.03,,217921000
ripple,2013-11-19,0.010602,0.011881000000000001,0.005561,0.007225,,82888400
bitcoin,2013-11-20,577.98,599.65,448.45,590.83,,6943300000
litecoin,2013-11-20,7.96,8.21,6.0,7.98,,184464000
ripple,2013-11-20,0.007134000000000001,0.007547,0.005686,0.0074670000000000005,,55771700
bitcoin,2013-11-21,594.32,733.4,577.29,722.43,,7142030000
litecoin,2013-11-21,8.01,9.51,7.79,9.35,,185795000
ripple,2013-11-21,0.007511,0.01008,0.0072959999999999995,0.009935,,58718600
bitcoin,2013-11-22,724.07,780.85,668.13,771.44,,8703970000
litecoin,2013-11-22,9.36,10.35,8.81,10.13,,217402000
ripple,2013-11-22,0.009958,0.00998,0.008596,0.009717,,77849100
bitcoin,2013-11-23,771.7,844.97,771.7,797.82,,9279850000
litecoin,2013-11-23,10.12,11.08,10.05,10.61,,235214000
ripple,2013-11-23,0.009555,0.010546999999999999,0.009555,0.009798000000000001,,74696500
bitcoin,2013-11-24,795.63,807.36,722.87,774.25,,9570990000
litecoin,2013-11-24,10.59,10.81,9.5,10.41,,246542000
ripple,2013-11-24,0.009773,0.011812000000000001,0.009064000000000001,0.011668000000000001,,76403900
bitcoin,2013-11-25,773.02,810.68,754.43,799.11,,9302270000
litecoin,2013-11-25,10.32,12.36,10.21,12.27,,240567000
ripple,2013-11-25,0.011742,0.018444,0.011742,0.018208000000000002,,91799200
bitcoin,2013-11-26,805.73,928.54,800.8,928.1,,9699360000
litecoin,2013-11-26,12.38,20.35,11.81,20.35,,288874000
ripple,2013-11-26,0.018858,0.030395,0.018759,0.029913,,147429000
bitcoin,2013-11-27,923.85,1001.96,891.68,1001.96,,11124900000
litecoin,2013-11-27,19.91,39.04,19.04,39.04,,465273000
ripple,2013-11-27,0.029991000000000004,0.029991000000000004,0.02235,0.024096,,234464000
bitcoin,2013-11-28,1003.38,1077.56,962.17,1031.95,,12087000000
litecoin,2013-11-28,38.99,53.15,36.86,43.39,,912390000
ripple,2013-11-28,0.027879,0.030111000000000002,0.027837999999999998,0.028981,,217958000
bitcoin,2013-11-29,1042.01,1146.97,1000.64,1131.97,,12557100000
litecoin,2013-11-29,44.37,47.94,28.61,37.74,,1039720000
ripple,2013-11-29,0.029264,0.031561,0.028366000000000002,0.030986,,228781000
bitcoin,2013-11-30,1129.37,1156.14,1106.61,1129.43,,13614700000
litecoin,2013-11-30,36.94,43.78,35.01,40.47,,866912000
ripple,2013-11-30,0.0309,0.038386,0.030338,0.038386,,241572000
bitcoin,2013-12-01,1128.92,1133.08,801.82,955.85,,13614300000
litecoin,2013-12-01,40.57,42.03,27.86,34.74,,953397000
ripple,2013-12-01,0.03916,0.055028999999999995,0.03916,0.051497,,306152000
bitcoin,2013-12-02,951.42,1055.42,938.41,1043.33,,11478300000
litecoin,2013-12-02,34.47,35.82,27.25,33.18,,811082000
ripple,2013-12-02,0.052384,0.061267999999999996,0.052139,0.055251999999999996,,409530000
bitcoin,2013-12-03,1046.4,1096.0,1011.21,1078.28,,12628300000
litecoin,2013-12-03,33.35,39.79,31.12,39.79,,785826000
ripple,2013-12-03,0.055415,0.055415,0.048076,0.048672,,433226000
bitcoin,2013-12-04,1077.58,1156.12,1070.16,1151.17,,13010000000
litecoin,2013-12-04,39.32,45.73,37.9,44.73,,927859000
ripple,2013-12-04,0.048551,0.058846,0.048264,0.058691999999999994,,379569000
bitcoin,2013-12-05,1152.73,1154.36,897.11,1045.11,,13922300000
litecoin,2013-12-05,44.53,44.53,31.14,37.75,,1052120000
ripple,2013-12-05,0.058772000000000005,0.06144500000000001,0.048922,0.055153,,459470000
bitcoin,2013-12-06,1042.38,1042.38,829.45,829.45,,12593900000
litecoin,2013-12-06,37.46,37.64,29.06,29.84,,886330000
ripple,2013-12-06,0.055009,0.055009,0.042211,0.042211,,430054000
bitcoin,2013-12-07,835.32,854.64,640.22,698.23,,10096600000
litecoin,2013-12-07,29.74,30.74,20.8,23.29,,704611000
ripple,2013-12-07,0.042207999999999996,0.04359,0.031252999999999996,0.033066000000000005,,329974000
bitcoin,2013-12-08,697.31,802.51,670.88,795.87,,8431860000
litecoin,2013-12-08,23.18,27.48,21.2,27.27,,549989000
ripple,2013-12-08,0.032756,0.036869,0.031594,0.036456,,256084000
bitcoin,2013-12-09,793.8,921.93,780.9,893.19,,9602480000
litecoin,2013-12-09,27.21,33.02,26.45,31.57,,646640000
ripple,2013-12-09,0.036361000000000004,0.041491,0.035702,0.03893,,284264000
bitcoin,2013-12-10,892.32,997.23,892.32,988.51,,10798200000
litecoin,2013-12-10,31.5,36.69,31.5,36.29,,749614000
ripple,2013-12-10,0.03889,0.044174,0.03889,0.043784,,304037000
bitcoin,2013-12-11,989.07,1001.58,834.23,878.48,,11973700000
litecoin,2013-12-11,36.29,37.17,28.95,30.98,,864654000
ripple,2013-12-11,0.043818,0.044342,0.036322,0.037937,,342565000
bitcoin,2013-12-12,882.78,901.94,844.95,873.26,,10690600000
litecoin,2013-12-12,31.23,32.44,29.84,31.59,,745197000
ripple,2013-12-12,0.038122,0.038832,0.034241,0.03465,,298030000
bitcoin,2013-12-13,874.98,941.79,860.05,892.58,,10599700000
litecoin,2013-12-13,31.65,33.73,29.9,31.2,,756153000
ripple,2013-12-13,0.034649,0.036897000000000006,0.033922,0.035144999999999996,,270879000
bitcoin,2013-12-14,899.85,904.65,858.36,872.6,,10904900000
litecoin,2013-12-14,31.45,31.83,29.82,30.38,,752325000
ripple,2013-12-14,0.035431,0.035431,0.031939999999999996,0.031939999999999996,,276998000
bitcoin,2013-12-15,875.29,886.16,825.0,876.12,,10611600000
dogecoin,2013-12-15,0.000559,0.000904,0.00029,0.000298,,3488670
litecoin,2013-12-15,30.46,31.71,28.21,31.28,,729656000
ripple,2013-12-15,0.032039,0.032039,0.028414,0.029137,,250477000
bitcoin,2013-12-16,880.33,882.25,668.25,705.97,,10676600000
dogecoin,2013-12-16,0.000299,0.000866,0.00015,0.000205,,1970320
litecoin,2013-12-16,31.39,31.6,23.76,24.64,,752925000
ripple,2013-12-16,0.029212000000000002,0.029276,0.020862000000000002,0.021565,,228375000
bitcoin,2013-12-17,706.37,754.83,630.88,682.12,,8570390000
dogecoin,2013-12-17,0.000207,0.00028900000000000003,0.00011599999999999999,0.000269,,1526120
litecoin,2013-12-17,24.43,26.12,19.79,21.97,,586726000
ripple,2013-12-17,0.021399,0.021612,0.018043,0.018313,,167292000
bitcoin,2013-12-18,678.2,679.32,420.51,522.7,,8232040000
dogecoin,2013-12-18,0.000267,0.000362,0.000205,0.000362,,2160040
litecoin,2013-12-18,21.85,21.9,9.63,13.39,,525407000
ripple,2013-12-18,0.017971,0.018571,0.012325,0.015852,,140495000
bitcoin,2013-12-19,519.06,707.23,502.89,691.96,,6302970000
dogecoin,2013-12-19,0.000395,0.0015199999999999999,0.000328,0.0011619999999999998,,3487800
litecoin,2013-12-19,13.43,20.11,13.43,19.91,,323026000
ripple,2013-12-19,0.015783000000000002,0.021546,0.015313,0.021072999999999998,,123390000
bitcoin,2013-12-20,694.22,729.16,595.33,625.32,,8433870000
dogecoin,2013-12-20,0.001143,0.001143,0.000662,0.000704,,10967000
litecoin,2013-12-20,19.85,21.95,16.88,17.57,,478564000
ripple,2013-12-20,0.021141,0.023278999999999998,0.019852,0.020850999999999998,,165276000
bitcoin,2013-12-21,619.9,654.27,579.17,605.66,,7533740000
dogecoin,2013-12-21,0.0007,0.0007,0.000354,0.000394,,7251820
litecoin,2013-12-21,17.31,18.97,16.05,16.73,,417609000
ripple,2013-12-21,0.020978999999999998,0.022572,0.020305,0.021684000000000002,,164010000
bitcoin,2013-12-22,601.78,666.74,585.64,617.18,,7315940000
dogecoin,2013-12-22,0.000391,0.0004980000000000001,0.00028,0.000315,,4333660
litecoin,2013-12-22,16.6,18.23,16.19,16.86,,401059000
ripple,2013-12-22,0.021571,0.023839,0.020959000000000002,0.021716,,168637000
bitcoin,2013-12-23,613.06,680.91,611.04,673.41,,7455670000
dogecoin,2013-12-23,0.00031299999999999996,0.00045999999999999996,0.000294,0.00045099999999999996,,3682510
litecoin,2013-12-23,16.74,18.04,16.69,17.89,,404707000
ripple,2013-12-23,0.021571,0.023965,0.021485,0.023702,,168640000
bitcoin,2013-12-24,672.36,684.39,645.71,665.58,,8179730000
dogecoin,2013-12-24,0.00045,0.0009130000000000001,0.00045,0.000686,,5636240
litecoin,2013-12-24,17.81,18.11,17.09,17.64,,431173000
ripple,2013-12-24,0.023698,0.024124,0.022305000000000002,0.022575,,185269000
bitcoin,2013-12-25,666.31,682.7,649.48,682.21,,8108930000
dogecoin,2013-12-25,0.000686,0.0006940000000000001,0.000558,0.000587,,9086260
litecoin,2013-12-25,17.65,21.15,17.09,21.15,,427762000
ripple,2013-12-25,0.0226,0.0226,0.021434,0.022042,,176680000
bitcoin,2013-12-26,683.94,777.75,683.94,761.98,,8326270000
dogecoin,2013-12-26,0.000588,0.0007059999999999999,0.000543,0.000602,,8217120
litecoin,2013-12-26,21.65,25.42,21.65,24.76,,525226000
ripple,2013-12-26,0.022097,0.024891,0.022097,0.024385,,172756000
bitcoin,2013-12-27,763.28,777.51,713.6,735.07,46862700.0,9295570000
dogecoin,2013-12-27,0.000603,0.000628,0.0004969999999999999,0.000522,477422.0,8854330
litecoin,2013-12-27,24.81,25.27,22.26,23.27,31112200.0,602608000
ripple,2013-12-27,0.024427,0.027123,0.023527,0.027076,148422.0,190964000
bitcoin,2013-12-28,737.98,747.06,705.35,727.83,32505800.0,8990850000
dogecoin,2013-12-28,0.000524,0.00054,0.000458,0.000459,341581.0,8051360
litecoin,2013-12-28,23.19,23.22,21.93,22.56,11003700.0,564204000
ripple,2013-12-28,0.027554000000000002,0.028106,0.026629000000000003,0.027302999999999997,143404.0,215413000
bitcoin,2013-12-29,728.05,748.61,714.44,745.05,19011300.0,8872600000
dogecoin,2013-12-29,0.000459,0.000492,0.000399,0.000454,360974.0,7377480
litecoin,2013-12-29,22.56,24.39,22.2,24.07,11384200.0,549577000
ripple,2013-12-29,0.027311000000000002,0.027535000000000004,0.026626999999999998,0.027218,56772.0,213518000
bitcoin,2013-12-30,741.35,766.6,740.24,756.13,20707700.0,9037000000
dogecoin,2013-12-30,0.000452,0.000459,0.00041600000000000003,0.00041600000000000003,276660.0,7598510
litecoin,2013-12-30,23.89,24.95,23.74,24.38,12439600.0,582721000
ripple,2013-12-30,0.027055000000000003,0.02775,0.026985000000000002,0.027460000000000002,72634.0,211515000
bitcoin,2013-12-31,760.32,760.58,738.17,754.01,20897300.0,9268240000
dogecoin,2013-12-31,0.00041799999999999997,0.000466,0.000408,0.00042199999999999996,273400.0,7311460
litecoin,2013-12-31,24.51,24.6,23.71,24.35,7446870.0,598381000
ripple,2013-12-31,0.027675,0.027738,0.027022000000000004,0.02733,63621.0,216359000
bitcoin,2014-01-01,754.97,775.35,754.97,771.4,22489400.0,9203030000
dogecoin,2014-01-01,0.00042300000000000004,0.00045099999999999996,0.00042300000000000004,0.00044,307917.0,7701190
litecoin,2014-01-01,24.35,25.01,24.31,24.62,8092540.0,595241000
ripple,2014-01-01,0.027364999999999997,0.02781,0.026815,0.026944,58533.0,213937000
bitcoin,2014-01-02,773.44,820.31,767.21,802.39,38489500.0,9428180000
dogecoin,2014-01-02,0.000449,0.000449,0.000331,0.00035299999999999996,318037.0,8504140
litecoin,2014-01-02,24.7,26.59,24.28,25.76,24848700.0,604650000
ripple,2014-01-02,0.027014,0.02943,0.026438999999999997,0.028725999999999998,128914.0,211195000
bitcoin,2014-01-03,802.85,834.15,789.12,818.72,37810100.0,9786680000
dogecoin,2014-01-03,0.00035299999999999996,0.000376,0.000293,0.000303,303106.0,6940830
litecoin,2014-01-03,25.67,25.93,23.99,24.82,21122000.0,628948000
ripple,2014-01-03,0.028789,0.029018000000000002,0.02732,0.027627,89780.0,225065000
bitcoin,2014-01-04,823.27,859.51,801.67,859.51,38005000.0,10035600000
dogecoin,2014-01-04,0.000305,0.000321,0.000256,0.000301,313907.0,6198170
litecoin,2014-01-04,24.81,25.61,24.18,25.11,12141900.0,608748000
ripple,2014-01-04,0.027781,0.028370999999999997,0.026794,0.028129,60973.0,217189000
bitcoin,2014-01-05,858.55,952.4,854.52,933.53,72898500.0,10465700000
dogecoin,2014-01-05,0.0003,0.000312,0.00024700000000000004,0.000271,245107.0,6318730
litecoin,2014-01-05,25.04,28.0,24.8,26.83,29995000.0,615008000
ripple,2014-01-05,0.028098,0.029667000000000002,0.02489,0.025228999999999998,200438.0,219665000
bitcoin,2014-01-06,936.05,1017.12,905.71,953.29,85565700.0,11410400000
dogecoin,2014-01-06,0.000271,0.00029,0.000226,0.00025499999999999996,265529.0,5899650
litecoin,2014-01-06,26.91,32.06,26.52,29.22,55258000.0,661917000
ripple,2014-01-06,0.025297999999999998,0.027385000000000003,0.024276,0.0257,184478.0,197774000
bitcoin,2014-01-07,946.49,965.74,802.0,802.0,81311700.0,11571400000
dogecoin,2014-01-07,0.00025499999999999996,0.00028399999999999996,0.00022,0.000225,212892.0,5726300
litecoin,2014-01-07,29.24,30.49,23.25,23.25,44133600.0,720229000
ripple,2014-01-07,0.025799000000000002,0.026409,0.022986000000000003,0.022986000000000003,73761.0,201691000
bitcoin,2014-01-08,795.99,870.68,776.18,842.72,74175600.0,9734800000
dogecoin,2014-01-08,0.000223,0.00023799999999999998,0.00020299999999999997,0.00022799999999999999,174256.0,5159610
litecoin,2014-01-08,22.84,25.53,21.81,24.39,45716500.0,563356000
ripple,2014-01-08,0.022825,0.024723,0.022257,0.023227,82941.0,178440000
bitcoin,2014-01-09,841.47,864.36,804.14,846.86,59998600.0,10295100000
dogecoin,2014-01-09,0.000227,0.000269,0.000212,0.000246,314644.0,5415010
litecoin,2014-01-09,24.49,25.23,23.16,24.43,20669400.0,604687000
ripple,2014-01-09,0.022996,0.023375999999999997,0.021195,0.022368,100357.0,179784000
bitcoin,2014-01-10,846.69,871.19,822.6,868.48,31876800.0,10363300000
dogecoin,2014-01-10,0.000246,0.00037400000000000004,0.000241,0.000373,570553.0,6034890
litecoin,2014-01-10,24.45,25.11,23.63,24.93,9761000.0,604555000
ripple,2014-01-10,0.022366999999999998,0.022903,0.021744,0.022837,64111.0,174864000
bitcoin,2014-01-11,867.32,921.48,861.72,913.95,44754200.0,10619900000
dogecoin,2014-01-11,0.000373,0.000509,0.000334,0.000356,986660.0,9428560
litecoin,2014-01-11,24.99,27.34,24.75,26.79,24313000.0,618545000
ripple,2014-01-11,0.022721,0.024233,0.022575,0.024019,70390.0,177631000
bitcoin,2014-01-12,919.6,928.52,851.17,863.22,39623500.0,11264800000
dogecoin,2014-01-12,0.000359,0.000375,0.000323,0.00034500000000000004,296158.0,9321690
litecoin,2014-01-12,27.05,27.42,24.56,25.09,20433500.0,670489000
ripple,2014-01-12,0.024162,0.024396,0.022044,0.022044,42581.0,188894000
bitcoin,2014-01-13,860.19,861.29,806.05,841.2,45580900.0,10541500000
dogecoin,2014-01-13,0.000344,0.000344,0.00026000000000000003,0.000278,391890.0,9175880
litecoin,2014-01-13,25.13,25.13,23.51,24.27,16726300.0,623662000
ripple,2014-01-13,0.021961,0.021991999999999998,0.020657,0.021664,15328.0,171688000
bitcoin,2014-01-14,843.17,855.69,825.66,833.27,20829800.0,10336500000
dogecoin,2014-01-14,0.000278,0.000354,0.000276,0.000342,577691.0,7619940
litecoin,2014-01-14,24.28,24.74,23.78,24.1,7753650.0,603213000
ripple,2014-01-14,0.021724,0.022,0.021032,0.021186,41916.0,169835000
bitcoin,2014-01-15,833.12,872.81,830.86,860.9,28107200.0,10216700000
dogecoin,2014-01-15,0.000342,0.00044100000000000004,0.000341,0.000413,1259190.0,9604290
litecoin,2014-01-15,24.1,25.78,23.99,25.22,12136300.0,599368000
ripple,2014-01-15,0.021182,0.022394,0.021122,0.022221,25189.0,165599000
bitcoin,2014-01-16,860.29,866.16,835.63,835.63,19149300.0,10553800000
dogecoin,2014-01-16,0.000413,0.00043099999999999996,0.00037,0.000384,483679.0,11924600
litecoin,2014-01-16,25.27,25.54,24.41,24.46,7030480.0,629109000
ripple,2014-01-16,0.022205000000000003,0.022343000000000002,0.021024,0.021024,58851.0,173599000
bitcoin,2014-01-17,834.49,842.91,797.63,814.64,39031700.0,10241200000
dogecoin,2014-01-17,0.000384,0.00042199999999999996,0.000376,0.00041500000000000006,716054.0,11354800
litecoin,2014-01-17,24.4,24.58,23.19,23.71,10610700.0,608196000
ripple,2014-01-17,0.02099,0.021148,0.020097999999999998,0.02053,72572.0,164096000
bitcoin,2014-01-18,816.07,841.49,816.07,840.0,18052700.0,10018200000
dogecoin,2014-01-18,0.00041600000000000003,0.000646,0.00041600000000000003,0.000588,2998020.0,12584500
litecoin,2014-01-18,23.81,24.55,23.75,24.55,5190400.0,594282000
ripple,2014-01-18,0.020559,0.021374,0.020559,0.021278000000000002,21242.0,160724000
bitcoin,2014-01-19,839.66,870.96,825.53,870.96,24365700.0,10311500000
dogecoin,2014-01-19,0.000588,0.000753,0.0005780000000000001,0.000697,3509460.0,18265900
litecoin,2014-01-19,24.56,25.44,24.09,25.44,6974650.0,613694000
ripple,2014-01-19,0.021314,0.021419999999999998,0.020333,0.020875,69842.0,166631000
bitcoin,2014-01-20,871.39,886.39,853.87,870.2,27652700.0,10704800000
dogecoin,2014-01-20,0.000697,0.001341,0.000685,0.001253,9061440.0,22181200
litecoin,2014-01-20,25.43,25.74,24.9,25.2,6186070.0,636076000
ripple,2014-01-20,0.020886000000000002,0.021041,0.019618,0.019856,67712.0,163282000
bitcoin,2014-01-21,869.65,881.2,855.93,863.91,18997300.0,10687700000
dogecoin,2014-01-21,0.0012519999999999999,0.0023350000000000003,0.0012519999999999999,0.001814,13114300.0,40764900
litecoin,2014-01-21,25.2,25.58,24.66,24.73,4743190.0,631140000
ripple,2014-01-21,0.019849000000000002,0.02018,0.019642,0.019927,82453.0,155179000
bitcoin,2014-01-22,867.21,870.15,837.36,845.59,18453700.0,10661400000
dogecoin,2014-01-22,0.001977,0.002038,0.0013650000000000001,0.001497,5896280.0,65907400
litecoin,2014-01-22,24.85,24.89,23.16,23.65,10957200.0,622754000
ripple,2014-01-22,0.019986,0.02002,0.019227,0.019389,60703.0,156246000
bitcoin,2014-01-23,845.46,851.57,819.32,822.04,15607100.0,10398000000
dogecoin,2014-01-23,0.0014960000000000002,0.0019219999999999999,0.0014960000000000002,0.0018,5532260.0,50913700
litecoin,2014-01-23,23.65,23.96,22.24,22.38,9875320.0,593147000
ripple,2014-01-23,0.019385,0.019461000000000003,0.018473,0.018534000000000002,106755.0,151554000
bitcoin,2014-01-24,822.43,822.43,783.58,797.07,34912000.0,10118400000
dogecoin,2014-01-24,0.001801,0.0019079999999999998,0.0016309999999999999,0.0017850000000000001,4732940.0,62568300
litecoin,2014-01-24,22.3,22.3,19.56,20.72,24376400.0,559690000
ripple,2014-01-24,0.018525,0.018525,0.017709,0.018126,136622.0,144826000
bitcoin,2014-01-25,796.24,861.45,792.96,853.61,24303900.0,9799920000
dogecoin,2014-01-25,0.001784,0.0019089999999999999,0.00175,0.0018440000000000002,3206090.0,63241800
litecoin,2014-01-25,20.7,23.65,20.39,23.08,11953200.0,520190000
ripple,2014-01-25,0.018106999999999998,0.019348,0.018037,0.019141,75029.0,141560000
bitcoin,2014-01-26,853.68,897.02,844.86,885.28,32224300.0,10510400000
dogecoin,2014-01-26,0.0018440000000000002,0.00187,0.001498,0.001594,4570820.0,66670100
litecoin,2014-01-26,23.2,25.08,22.54,24.12,12199200.0,583587000
ripple,2014-01-26,0.019132,0.020252000000000003,0.018969,0.020128999999999998,77411.0,149573000
bitcoin,2014-01-27,884.6,893.0,757.11,771.39,49233600.0,10894400000
dogecoin,2014-01-27,0.001592,0.001675,0.001219,0.001219,1999700.0,58676000
litecoin,2014-01-27,24.13,24.55,19.66,20.02,16380200.0,607439000
ripple,2014-01-27,0.020113,0.02053,0.018588999999999998,0.018966999999999998,124685.0,157241000
bitcoin,2014-01-28,774.02,832.5,766.98,812.51,44875500.0,9535950000
dogecoin,2014-01-28,0.0012230000000000001,0.001403,0.0012230000000000001,0.0013570000000000001,2112100.0,45943000
litecoin,2014-01-28,20.12,22.68,20.05,21.55,15500400.0,506991000
ripple,2014-01-28,0.019362,0.0211,0.019356,0.020605000000000002,100169.0,151368000
bitcoin,2014-01-29,809.96,836.87,809.85,826.0,17984400.0,9981850000
dogecoin,2014-01-29,0.001353,0.001602,0.0013460000000000002,0.001602,2488540.0,51737400
litecoin,2014-01-29,21.42,22.34,21.42,21.92,6053630.0,540424000
ripple,2014-01-29,0.020541,0.02065,0.020024,0.020337,73134.0,160584000
bitcoin,2014-01-30,826.02,830.5,799.06,819.03,29918200.0,10182900000
dogecoin,2014-01-30,0.001602,0.001603,0.001444,0.001523,2168880.0,62452400
litecoin,2014-01-30,21.91,22.09,21.01,21.69,8373710.0,553665000
ripple,2014-01-30,0.020326,0.020619,0.019898,0.020337,90862.0,158906000
bitcoin,2014-01-31,818.43,831.87,812.6,829.92,17107900.0,10092900000
dogecoin,2014-01-31,0.0015220000000000001,0.00156,0.001509,0.00156,1003380.0,60477400
litecoin,2014-01-31,21.65,22.13,21.49,22.13,2952510.0,547740000
ripple,2014-01-31,0.020322,0.020578,0.020121,0.020503999999999998,98529.0,158873000
bitcoin,2014-02-01,828.61,853.52,827.11,832.58,19668700.0,10222300000
dogecoin,2014-02-01,0.001558,0.001572,0.001457,0.001457,1084150.0,63019600
litecoin,2014-02-01,22.1,23.38,22.08,22.47,6694190.0,559715000
ripple,2014-02-01,0.020519,0.021141999999999998,0.020432,0.020697999999999998,123949.0,160418000
bitcoin,2014-02-02,832.9,844.72,820.67,825.37,11300900.0,10279200000
dogecoin,2014-02-02,0.001449,0.0014960000000000002,0.0010890000000000001,0.001279,2000720.0,59662500
litecoin,2014-02-02,22.5,23.01,22.17,22.4,3546110.0,570552000
ripple,2014-02-02,0.020745,0.021884,0.020733,0.02156,112301.0,162182000
bitcoin,2014-02-03,824.08,826.48,807.22,823.83,13940100.0,10174100000
dogecoin,2014-02-03,0.001277,0.001363,0.001227,0.001269,1879300.0,53467700
litecoin,2014-02-03,22.37,22.52,21.6,21.91,3524210.0,567762000
ripple,2014-02-03,0.021531,0.021653,0.021184,0.021402,74739.0,168326000
bitcoin,2014-02-04,823.77,840.17,820.94,827.96,16609700.0,10174000000
dogecoin,2014-02-04,0.001269,0.001289,0.0011220000000000002,0.001161,2569440.0,54005800
litecoin,2014-02-04,21.9,21.97,21.35,21.46,4879620.0,556177000
ripple,2014-02-04,0.0214,0.021586,0.020974,0.020997,75453.0,167302000
bitcoin,2014-02-05,829.96,837.32,811.91,811.91,22395100.0,10254100000
dogecoin,2014-02-05,0.001163,0.001326,0.0011619999999999998,0.001302,2623790.0,50366800
litecoin,2014-02-05,21.53,21.79,20.78,20.78,4936760.0,547538000
ripple,2014-02-05,0.021047999999999997,0.02107,0.020357,0.020357,54085.0,164552000
bitcoin,2014-02-06,815.59,819.81,770.59,781.55,50108700.0,10079900000
dogecoin,2014-02-06,0.001308,0.001374,0.001279,0.001306,1831240.0,57574800
litecoin,2014-02-06,20.86,20.89,19.82,19.91,7828450.0,531339000
ripple,2014-02-06,0.020449000000000002,0.020653,0.01942,0.019752000000000002,97667.0,159872000
bitcoin,2014-02-07,783.2,783.2,654.35,712.4,113643000.0,9683190000
dogecoin,2014-02-07,0.001308,0.001308,0.001046,0.001124,1401220.0,58566400
litecoin,2014-02-07,19.9,19.9,17.7,18.54,16757700.0,507590000
ripple,2014-02-07,0.019780000000000002,0.019780000000000002,0.016606,0.018377,153029.0,154639000
bitcoin,2014-02-08,699.57,721.82,661.87,673.92,38742600.0,8651930000
dogecoin,2014-02-08,0.001105,0.001158,0.001058,0.0010810000000000001,789545.0,50250600
litecoin,2014-02-08,18.53,18.98,17.8,18.08,6965790.0,473073000
ripple,2014-02-08,0.018046,0.018606,0.017174000000000002,0.017487,54013.0,141085000
bitcoin,2014-02-09,671.46,712.27,655.25,682.9,39311400.0,8307340000
dogecoin,2014-02-09,0.001077,0.001291,0.001056,0.001291,2538170.0,49773700
litecoin,2014-02-09,18.02,18.83,17.53,18.22,5744230.0,460532000
ripple,2014-02-09,0.017422999999999998,0.018315,0.016996999999999998,0.01739,64662.0,136211000
bitcoin,2014-02-10,681.32,703.71,550.5,681.03,112758000.0,8431680000
dogecoin,2014-02-10,0.001287,0.001507,0.0010789999999999999,0.0014140000000000001,4810030.0,60361800
litecoin,2014-02-10,18.3,18.69,14.13,17.73,27097100.0,467936000
ripple,2014-02-10,0.017361,0.018305000000000002,0.013475,0.016677,38466.0,135726000
bitcoin,2014-02-11,683.5,712.46,636.66,672.17,72745200.0,8461320000
dogecoin,2014-02-11,0.0014140000000000001,0.001831,0.001385,0.001812,9117540.0,67385100
litecoin,2014-02-11,17.76,18.69,16.77,17.46,16089200.0,454561000
ripple,2014-02-11,0.018172999999999998,0.018497,0.015769,0.017681,63155.0,142071000
bitcoin,2014-02-12,672.38,672.9,643.04,651.72,25367600.0,8326420000
dogecoin,2014-02-12,0.0018170000000000003,0.0019440000000000002,0.0017469999999999999,0.001818,6437240.0,87842000
litecoin,2014-02-12,17.41,17.47,16.75,16.95,5629570.0,446044000
ripple,2014-02-12,0.017697,0.017831,0.015537,0.017174000000000002,67226.0,138352000
bitcoin,2014-02-13,651.08,657.99,601.91,605.24,38588100.0,8065550000
dogecoin,2014-02-13,0.0018170000000000003,0.0018620000000000002,0.001572,0.001572,5636470.0,89197700
litecoin,2014-02-13,16.93,17.12,15.26,15.29,10353300.0,434127000
ripple,2014-02-13,0.017161000000000003,0.017228,0.014538999999999998,0.016079,64399.0,134164000
bitcoin,2014-02-14,601.17,691.72,541.04,661.99,102506000.0,7449940000
dash,2014-02-14,0.21389899999999998,0.37888299999999997,0.21389899999999998,0.37402399999999997,15422.0,702537
dogecoin,2014-02-14,0.001565,0.001674,0.001459,0.001584,6470210.0,77942300
litecoin,2014-02-14,15.37,17.05,13.31,16.41,24859900.0,394511000
ripple,2014-02-14,0.016058000000000003,0.017144,0.014044,0.016367,126825.0,125544000
bitcoin,2014-02-15,660.9,661.84,632.84,650.92,26709200.0,8193290000
dash,2014-02-15,0.331111,0.354461,0.21943400000000002,0.314865,21119.0,1092120
dogecoin,2014-02-15,0.001575,0.001605,0.00137,0.0015220000000000001,4900070.0,79014400
litecoin,2014-02-15,16.45,16.5,15.76,16.17,3971300.0,422930000
ripple,2014-02-15,0.01651,0.01651,0.015714,0.016083,82831.0,129075000
bitcoin,2014-02-16,651.3,665.1,584.17,616.63,40061700.0,8077340000
dash,2014-02-16,0.32584,0.459833,0.310345,0.406976,28017.0,1085280
dogecoin,2014-02-16,0.001517,0.001527,0.001366,0.001413,2110320.0,76647400
litecoin,2014-02-16,16.09,16.55,14.53,15.2,7650140.0,414206000
ripple,2014-02-16,0.016089,0.016447999999999997,0.014669,0.015338,80122.0,125780000
bitcoin,2014-02-17,614.23,656.95,607.31,626.27,31948400.0,7620580000
dash,2014-02-17,0.406039,1.5,0.402588,1.45,178618.0,1360260
dogecoin,2014-02-17,0.00141,0.001482,0.001333,0.001343,4679940.0,71737400
litecoin,2014-02-17,15.14,16.26,15.02,15.49,5834890.0,390157000
ripple,2014-02-17,0.01529,0.015959,0.015092,0.015293000000000001,110878.0,119537000
bitcoin,2014-02-18,627.16,645.76,612.54,626.6,20015100.0,7783430000
dash,2014-02-18,1.18,1.5,0.841751,1.04,160779.0,3960320
dogecoin,2014-02-18,0.0013460000000000002,0.001426,0.00131,0.001426,2027290.0,68956500
litecoin,2014-02-18,15.47,15.94,15.38,15.62,2986580.0,399311000
ripple,2014-02-18,0.015308,0.015698,0.014986000000000001,0.015286000000000001,152124.0,119676000
bitcoin,2014-02-19,625.97,631.77,618.7,623.03,13897800.0,7771210000
dash,2014-02-19,1.04,1.21,0.8519950000000001,0.9416469999999999,60551.0,3497850
dogecoin,2014-02-19,0.001424,0.001429,0.001344,0.001344,2416530.0,73485600
litecoin,2014-02-19,15.56,15.84,15.49,15.73,2741110.0,401899000
ripple,2014-02-19,0.015243000000000001,0.015607,0.015055,0.015237,106281.0,119171000
bitcoin,2014-02-20,623.09,627.73,556.14,556.14,46905000.0,7738580000
dash,2014-02-20,0.941944,1.23,0.8948649999999999,1.06,93281.0,3196180
dogecoin,2014-02-20,0.0013449999999999998,0.001358,0.001212,0.001212,2420130.0,69869700
litecoin,2014-02-20,15.7,15.8,13.92,13.98,9196220.0,406015000
ripple,2014-02-20,0.015198,0.015484999999999999,0.014172,0.014251,217393.0,118819000
bitcoin,2014-02-21,556.88,582.96,530.47,574.16,47308100.0,6918730000
dash,2014-02-21,1.05,1.33,1.02,1.13,83008.0,3590320
dogecoin,2014-02-21,0.001212,0.001266,0.0011300000000000001,0.001208,2149320.0,63418800
litecoin,2014-02-21,13.98,14.36,13.18,13.89,7258070.0,361895000
ripple,2014-02-21,0.014302,0.015203,0.013732,0.015069999999999998,124321.0,111811000
bitcoin,2014-02-22,574.24,614.48,558.58,605.42,31254000.0,7136600000
dash,2014-02-22,1.12,1.26,0.6965020000000001,1.24,101024.0,3833460
dogecoin,2014-02-22,0.001208,0.0012900000000000001,0.001193,0.0012779999999999998,1455000.0,63620000
litecoin,2014-02-22,13.92,15.22,13.67,14.94,6373580.0,360619000
ripple,2014-02-22,0.015103,0.015740999999999998,0.014583,0.015681999999999998,88006.0,118074000
bitcoin,2014-02-23,606.47,639.91,599.7,605.82,31434400.0,7539890000
dash,2014-02-23,1.15,3.36,0.6234430000000001,1.15,115234.0,3945250
dogecoin,2014-02-23,0.00128,0.001299,0.001173,0.001185,2818150.0,67881200
litecoin,2014-02-23,14.98,16.16,14.78,15.49,8169300.0,388743000
ripple,2014-02-23,0.015609999999999999,0.016076,0.015347999999999999,0.015412,103944.0,122034000
bitcoin,2014-02-24,606.04,607.61,538.7,546.32,57893900.0,7537080000
dash,2014-02-24,1.18,1.19,0.41853199999999996,0.8419030000000001,109256.0,4082000
dogecoin,2014-02-24,0.001176,0.001202,0.001058,0.001075,1907020.0,62802400
litecoin,2014-02-24,15.42,15.46,14.31,14.55,7749270.0,400579000
ripple,2014-02-24,0.015411000000000001,0.015543000000000001,0.013590000000000001,0.013590000000000001,141564.0,120485000
bitcoin,2014-02-25,540.24,541.38,420.41,538.71,126314000.0,6721330000
dash,2014-02-25,0.839383,0.839383,0.527474,0.527474,69493.0,2902860
dogecoin,2014-02-25,0.001051,0.001082,0.0008230000000000001,0.000989,4596380.0,56495400
litecoin,2014-02-25,14.5,14.5,11.41,13.82,23785700.0,377145000
ripple,2014-02-25,0.013605,0.013669999999999998,0.010839,0.01299,293736.0,106362000
bitcoin,2014-02-26,537.04,603.8,532.58,582.69,64642700.0,6683680000
dash,2014-02-26,0.6203989999999999,0.739818,0.494515,0.619451,49321.0,2153440
dogecoin,2014-02-26,0.000986,0.001196,0.000984,0.001186,3165270.0,53321900
litecoin,2014-02-26,13.8,14.9,13.69,14.23,11189500.0,359410000
ripple,2014-02-26,0.013019,0.014181000000000001,0.013019,0.014093000000000001,70979.0,101779000
bitcoin,2014-02-27,581.65,594.05,566.62,578.77,25540800.0,7241560000
dash,2014-02-27,0.616643,0.742251,0.549852,0.61939,15148.0,2148350
dogecoin,2014-02-27,0.001193,0.001219,0.0011220000000000002,0.001159,1492960.0,64970300
litecoin,2014-02-27,14.26,14.54,13.89,14.29,3859700.0,371645000
ripple,2014-02-27,0.014119999999999999,0.014341,0.013692,0.014153,101022.0,110391000
bitcoin,2014-02-28,579.7,584.14,545.17,549.26,28076100.0,7219990000
dash,2014-02-28,0.6186619999999999,0.6255390000000001,0.458697,0.550661,60517.0,2163860
dogecoin,2014-02-28,0.001163,0.001163,0.001066,0.0010710000000000001,1519040.0,63750700
litecoin,2014-02-28,14.29,14.29,13.07,13.23,6549690.0,372792000
ripple,2014-02-28,0.014124000000000001,0.014309,0.013581000000000001,0.013666,166863.0,110421000
bitcoin,2014-03-01,549.92,573.38,539.29,565.61,18668100.0,6851590000
dash,2014-03-01,0.549616,1.07,0.5289729999999999,0.937342,252311.0,1929800
dogecoin,2014-03-01,0.001072,0.0010890000000000001,0.001041,0.001057,1227770.0,59172100
litecoin,2014-03-01,13.23,13.82,13.04,13.65,3267220.0,345571000
ripple,2014-03-01,0.013687000000000001,0.013992,0.013483000000000002,0.013799,111575.0,107003000
bitcoin,2014-03-02,567.23,570.48,553.27,559.79,7950760.0,7069290000
dash,2014-03-02,0.9360360000000001,1.08,0.8159029999999999,1.03,148259.0,3298980
dogecoin,2014-03-02,0.001058,0.001059,0.000953,0.000953,1498200.0,58739500
litecoin,2014-03-02,13.66,13.71,12.72,12.74,3812480.0,357177000
ripple,2014-03-02,0.013784999999999999,0.013786000000000001,0.013341,0.013543000000000001,62982.0,107770000
bitcoin,2014-03-03,562.56,702.91,560.52,667.76,96056900.0,7013060000
dash,2014-03-03,1.03,4.4,0.9357489999999999,1.21,271197.0,3651050
dogecoin,2014-03-03,0.000956,0.001118,0.000907,0.0011,3652600.0,53446500
litecoin,2014-03-03,12.78,14.46,12.23,14.27,17573800.0,334685000
ripple,2014-03-03,0.013590000000000001,0.015717,0.013363,0.015596,127717.0,106245000
bitcoin,2014-03-04,668.24,696.22,655.68,666.78,55344600.0,8332950000
dash,2014-03-04,1.21,1.21,0.9708829999999999,0.987557,90550.0,4283970
dogecoin,2014-03-04,0.001099,0.001106,0.001011,0.001044,3778550.0,61839700
litecoin,2014-03-04,14.29,18.55,14.15,17.07,47109100.0,374656000
ripple,2014-03-04,0.015308,0.018208000000000002,0.015127000000000002,0.016135,179747.0,119680000
bitcoin,2014-03-05,666.24,674.28,646.28,665.51,22461900.0,8310510000
dash,2014-03-05,0.987192,1.07,0.9411510000000001,1.03,93138.0,3515760
dogecoin,2014-03-05,0.001042,0.001433,0.001009,0.001059,1247530.0,58994200
litecoin,2014-03-05,16.99,17.29,15.7,16.34,11390300.0,446077000
ripple,2014-03-05,0.015996,0.016155000000000003,0.015431,0.016008,122347.0,125053000
bitcoin,2014-03-06,664.52,669.77,649.79,663.86,16068100.0,8291650000
dash,2014-03-06,1.03,1.05,0.952003,1.05,68896.0,3692890
dogecoin,2014-03-06,0.001058,0.001073,0.001,0.0010119999999999999,1093730.0,60275100
litecoin,2014-03-06,16.38,16.91,16.09,16.46,8044810.0,430457000
ripple,2014-03-06,0.015992,0.016118,0.015635,0.015921,142277.0,125022000
bitcoin,2014-03-07,664.31,665.34,616.35,629.15,34150800.0,8291900000
dash,2014-03-07,1.06,1.1,0.877912,0.877912,112877.0,3787000
dogecoin,2014-03-07,0.001011,0.001021,0.000921,0.0009279999999999999,1551340.0,57955400
litecoin,2014-03-07,16.48,16.59,15.6,15.85,6222120.0,433783000
ripple,2014-03-07,0.015928,0.016019,0.014813999999999999,0.015009,169553.0,124524000
bitcoin,2014-03-08,629.66,635.14,604.46,617.45,18654200.0,7862010000
dash,2014-03-08,0.911867,0.9534940000000001,0.8568600000000001,0.914905,70281.0,3285680
dogecoin,2014-03-08,0.000927,0.000936,0.000833,0.000833,1319210.0,53483300
litecoin,2014-03-08,15.86,16.1,15.16,15.41,5923750.0,417867000
ripple,2014-03-08,0.015019,0.0151,0.014259,0.014403999999999998,56617.0,117415000
bitcoin,2014-03-09,616.31,643.95,612.35,636.96,15396500.0,7697910000
dash,2014-03-09,0.9131889999999999,0.958778,0.806353,0.872964,48781.0,3296790
dogecoin,2014-03-09,0.000831,0.0008820000000000001,0.0008210000000000001,0.0008710000000000001,1444630.0,48232000
litecoin,2014-03-09,15.41,16.37,15.17,16.0,6666580.0,406495000
ripple,2014-03-09,0.014449000000000002,0.015503,0.0142,0.014745,47281.0,112963000
bitcoin,2014-03-10,636.33,644.76,615.02,627.79,20639800.0,7950820000
dash,2014-03-10,0.872114,0.9121600000000001,0.745242,0.8102560000000001,45946.0,3159030
dogecoin,2014-03-10,0.0008710000000000001,0.000884,0.000778,0.000778,1428770.0,50844900
litecoin,2014-03-10,15.98,16.52,15.77,16.01,5340680.0,422208000
ripple,2014-03-10,0.014688,0.015013999999999998,0.014009,0.014745,101610.0,114829000
bitcoin,2014-03-11,627.95,638.42,618.84,634.11,11732500.0,7848450000
dash,2014-03-11,0.8075979999999999,0.922435,0.764712,0.8913,42234.0,2934810
dogecoin,2014-03-11,0.00078,0.0008029999999999999,0.000665,0.000767,3138850.0,45809000
litecoin,2014-03-11,16.01,16.23,15.85,16.14,3714800.0,423295000
ripple,2014-03-11,0.014773,0.014851,0.014034,0.014279,33228.0,115491000
bitcoin,2014-03-12,631.91,648.03,629.51,632.1,18621200.0,7900600000
dash,2014-03-12,0.888208,0.953882,0.8582139999999999,0.865936,39530.0,3238290
dogecoin,2014-03-12,0.000766,0.0009699999999999999,0.0007469999999999999,0.000906,4777870.0,45247200
litecoin,2014-03-12,16.1,17.24,16.1,17.18,12417500.0,426302000
ripple,2014-03-12,0.014199000000000002,0.015178,0.014163999999999998,0.014353,135171.0,111007000
bitcoin,2014-03-13,633.62,644.2,630.85,638.14,11634900.0,7924860000
dash,2014-03-13,0.865569,0.8950940000000001,0.810772,0.8333360000000001,31123.0,3166030
dogecoin,2014-03-13,0.000906,0.0009289999999999999,0.000849,0.000868,2111640.0,53882800
litecoin,2014-03-13,17.16,17.19,16.89,17.02,4116820.0,454839000
ripple,2014-03-13,0.014379,0.014506999999999999,0.014243,0.014333000000000002,57138.0,112413000
bitcoin,2014-03-14,638.14,639.53,627.21,628.8,11913800.0,7983980000
dash,2014-03-14,0.8333799999999999,0.8460799999999999,0.7851600000000001,0.811341,26274.0,3057150
dogecoin,2014-03-14,0.000868,0.0008900000000000001,0.0008560000000000001,0.000867,991836.0,51950500
litecoin,2014-03-14,17.0,17.06,16.48,16.59,4006980.0,451061000
ripple,2014-03-14,0.014333000000000002,0.014369999999999999,0.014133000000000001,0.014197999999999999,121852.0,112055000
bitcoin,2014-03-15,629.37,639.14,627.3,636.12,4342080.0,7876360000
dash,2014-03-15,0.812077,0.8160569999999999,0.739031,0.7912,30817.0,2979000
dogecoin,2014-03-15,0.000867,0.0008730000000000001,0.0008349999999999999,0.00084,835369.0,52155800
litecoin,2014-03-15,16.6,17.0,16.56,16.9,3080560.0,441064000
ripple,2014-03-15,0.014206,0.014438,0.014169999999999999,0.014344999999999998,37093.0,111061000
bitcoin,2014-03-16,636.5,637.52,628.11,631.11,5277290.0,7968200000
dash,2014-03-16,0.791673,0.800764,0.755205,0.775647,39429.0,2924440
dogecoin,2014-03-16,0.0008410000000000001,0.000848,0.000819,0.000826,776123.0,50855900
litecoin,2014-03-16,16.89,17.5,16.86,17.35,5627180.0,449390000
ripple,2014-03-16,0.014358000000000001,0.014487,0.014207,0.014306000000000001,82339.0,112250000
bitcoin,2014-03-17,630.92,632.68,616.86,622.37,14648200.0,7901040000
dash,2014-03-17,0.772496,0.821393,0.749368,0.781925,34416.0,2863030
dogecoin,2014-03-17,0.000822,0.000822,0.0007570000000000001,0.000779,1484340.0,50037400
litecoin,2014-03-17,17.35,17.51,17.07,17.31,6764140.0,461913000
ripple,2014-03-17,0.014302,0.014362999999999999,0.013909,0.014112000000000001,121541.0,111814000
bitcoin,2014-03-18,621.84,622.39,603.8,614.83,24011500.0,7789810000
dash,2014-03-18,0.77927,0.780172,0.7302930000000001,0.75221,39252.0,2897450
dogecoin,2014-03-18,0.000779,0.000779,0.0007570000000000001,0.000767,1148100.0,47693100
litecoin,2014-03-18,17.29,19.83,17.11,19.42,28101700.0,461066000
ripple,2014-03-18,0.014102000000000002,0.014122,0.013656,0.01405,87514.0,110251000
bitcoin,2014-03-19,613.9,622.0,609.1,609.89,14228900.0,7692450000
dash,2014-03-19,0.750897,0.7682359999999999,0.728004,0.743559,35742.0,2800990
dogecoin,2014-03-19,0.000766,0.000808,0.000766,0.000772,1550450.0,47129100
litecoin,2014-03-19,19.45,20.98,17.23,17.24,35045000.0,519293000
ripple,2014-03-19,0.014047,0.014237,0.01385,0.013963,132717.0,109815000
bitcoin,2014-03-20,609.75,609.75,587.49,588.77,20572900.0,7642910000
dash,2014-03-20,0.743256,0.755714,0.701852,0.725089,42290.0,2781320
dogecoin,2014-03-20,0.000772,0.0007740000000000001,0.000721,0.000723,888744.0,47782700
litecoin,2014-03-20,17.17,17.17,15.76,16.47,15946500.0,458814000
ripple,2014-03-20,0.013940000000000001,0.014115,0.013561000000000002,0.013637999999999999,162797.0,108980000
bitcoin,2014-03-21,588.29,604.59,561.81,571.49,38414100.0,7376710000
dash,2014-03-21,0.724498,0.751899,0.679063,0.7046479999999999,28087.0,2719600
dogecoin,2014-03-21,0.000723,0.00075,0.000643,0.0006889999999999999,2157110.0,44987700
litecoin,2014-03-21,16.4,17.07,14.95,15.7,18958100.0,438842000
ripple,2014-03-21,0.013687999999999999,0.013883000000000001,0.013009,0.01325,192607.0,107013000
bitcoin,2014-03-22,571.18,572.55,554.39,565.04,17360700.0,7164770000
dash,2014-03-22,0.704266,0.718955,0.6816939999999999,0.71468,24618.0,2652100
dogecoin,2014-03-22,0.0006889999999999999,0.000704,0.0006799999999999999,0.000686,830262.0,43093400
litecoin,2014-03-22,15.64,15.84,15.23,15.71,6305450.0,418879000
ripple,2014-03-22,0.013244999999999998,0.013374,0.012889,0.012953999999999999,137122.0,103550000
bitcoin,2014-03-23,565.76,570.24,560.88,561.27,9288400.0,7099230000
dash,2014-03-23,0.715596,0.728952,0.6934779999999999,0.7182569999999999,34977.0,2703390
dogecoin,2014-03-23,0.000686,0.000745,0.000672,0.0007440000000000001,882613.0,43145800
litecoin,2014-03-23,15.71,15.75,15.32,15.36,2493740.0,421272000
ripple,2014-03-23,0.012961000000000002,0.013075,0.012648999999999999,0.012651,137413.0,101328000
bitcoin,2014-03-24,562.51,586.56,551.77,583.41,22706900.0,7061380000
dash,2014-03-24,0.719851,0.892484,0.700397,0.866518,136677.0,2727950
dogecoin,2014-03-24,0.000746,0.000759,0.0007,0.000743,1183650.0,47165200
litecoin,2014-03-24,15.3,16.19,14.88,16.19,8181220.0,410593000
ripple,2014-03-24,0.01267,0.012924000000000001,0.012296,0.012871,115538.0,99053400
bitcoin,2014-03-25,585.03,585.44,572.61,583.92,14020100.0,7346810000
dash,2014-03-25,0.8689120000000001,0.9009790000000001,0.795766,0.8201,78095.0,3302840
dogecoin,2014-03-25,0.000746,0.0007480000000000001,0.000644,0.000653,911303.0,47392600
litecoin,2014-03-25,16.23,16.39,15.82,16.3,6448800.0,435960000
ripple,2014-03-25,0.01287,0.012918,0.012598,0.012830000000000001,90025.0,100619000
bitcoin,2014-03-26,583.48,590.03,570.96,580.83,16401100.0,7329720000
dash,2014-03-26,0.8194940000000001,0.870226,0.79043,0.858815,39790.0,3124140
dogecoin,2014-03-26,0.000653,0.000659,0.000637,0.0006389999999999999,709492.0,41696200
litecoin,2014-03-26,16.29,16.81,16.14,16.27,7946950.0,438103000
ripple,2014-03-26,0.012824,0.012824,0.012527,0.012594,154104.0,100255000
bitcoin,2014-03-27,580.26,580.56,471.24,471.24,62225400.0,7291520000
dash,2014-03-27,0.864728,0.8655129999999999,0.6835,0.6835,32991.0,3305920
dogecoin,2014-03-27,0.0006389999999999999,0.00064,0.00046699999999999997,0.00046699999999999997,1935920.0,41002100
litecoin,2014-03-27,16.28,16.28,12.48,12.48,25956800.0,438305000
ripple,2014-03-27,0.012579,0.012584,0.010226,0.010226,272507.0,98338100
bitcoin,2014-03-28,477.14,526.02,473.23,495.67,58828300.0,5997850000
dash,2014-03-28,0.692062,0.774768,0.683257,0.697426,27851.0,2653470
dogecoin,2014-03-28,0.000453,0.0005639999999999999,0.000443,0.000519,2114930.0,29246000
litecoin,2014-03-28,12.66,14.73,12.39,13.74,20549800.0,341235000
ripple,2014-03-28,0.010319,0.01119,0.010147,0.010551000000000001,220765.0,80670500
bitcoin,2014-03-29,501.71,504.86,489.73,491.17,11147100.0,6308890000
dash,2014-03-29,0.709294,0.728762,0.702573,0.703475,23667.0,2727370
dogecoin,2014-03-29,0.000525,0.000627,0.000521,0.000588,1877200.0,34046700
litecoin,2014-03-29,13.91,13.95,13.45,13.45,3442020.0,375303000
ripple,2014-03-29,0.010626,0.01063,0.010338,0.010338,121921.0,83070500
bitcoin,2014-03-30,492.37,492.37,444.18,460.27,42958300.0,6193560000
dash,2014-03-30,0.708306,0.7100380000000001,0.612809,0.662486,30985.0,2731140
dogecoin,2014-03-30,0.000588,0.000588,0.0005200000000000001,0.00053,1337820.0,38362900
litecoin,2014-03-30,13.45,13.55,12.64,13.14,10933600.0,363232000
ripple,2014-03-30,0.010357,0.010358,0.009281000000000001,0.009653,177965.0,80971400
bitcoin,2014-03-31,462.3,483.02,443.37,457.0,28254000.0,5816910000
dash,2014-03-31,0.6651229999999999,0.68689,0.624873,0.641774,15608.0,2571600
dogecoin,2014-03-31,0.000531,0.000571,0.000496,0.000505,1377400.0,34814200
litecoin,2014-03-31,13.15,13.62,12.59,12.75,7248790.0,355481000
ripple,2014-03-31,0.009677,0.009903,0.0087,0.008785,244598.0,75654300
bitcoin,2014-04-01,457.0,495.34,457.0,478.38,35685800.0,5752280000
dash,2014-04-01,0.641783,0.747204,0.6383850000000001,0.724105,36211.0,2488370
dogecoin,2014-04-01,0.0005059999999999999,0.000554,0.000502,0.000537,845770.0,33341000
litecoin,2014-04-01,12.77,13.67,12.76,13.13,7346120.0,345810000
ripple,2014-04-01,0.008785,0.009319,0.008588,0.008757,172709.0,68678000
bitcoin,2014-04-02,479.14,495.05,431.27,437.14,49647600.0,6032970000
dash,2014-04-02,0.725259,0.7404970000000001,0.5899909999999999,0.6150439999999999,21722.0,2819600
dogecoin,2014-04-02,0.000536,0.000547,0.000421,0.000429,1385560.0,35451100
litecoin,2014-04-02,13.09,13.37,10.94,11.29,14966900.0,354825000
ripple,2014-04-02,0.008795,0.009021,0.0077069999999999994,0.007922,306889.0,68758700
bitcoin,2014-04-03,436.44,449.56,414.89,444.72,40765500.0,5497550000
dash,2014-04-03,0.614065,0.6667649999999999,0.573639,0.638183,18610.0,2393680
dogecoin,2014-04-03,0.000429,0.000449,0.00038500000000000003,0.00044800000000000005,1151820.0,28536700
litecoin,2014-04-03,11.26,11.26,10.29,11.05,10985500.0,305579000
ripple,2014-04-03,0.007901,0.008027,0.007176,0.007944,172873.0,61772800
bitcoin,2014-04-04,445.66,454.65,429.09,447.53,22925500.0,5615980000
dash,2014-04-04,0.640371,0.662537,0.6252800000000001,0.648937,11863.0,2502840
dogecoin,2014-04-04,0.00045,0.00048600000000000005,0.00043099999999999996,0.000446,1043010.0,30082400
litecoin,2014-04-04,11.07,11.39,10.72,11.02,5857970.0,300564000
ripple,2014-04-04,0.007959,0.008265,0.007657,0.008094,132007.0,62219800
bitcoin,2014-04-05,446.68,463.57,444.2,461.91,13404500.0,5630890000
dash,2014-04-05,0.640305,0.703904,0.620445,0.700444,28674.0,2509580
dogecoin,2014-04-05,0.00044699999999999997,0.00047000000000000004,0.000436,0.00047000000000000004,473934.0,29999100
litecoin,2014-04-05,11.0,11.24,10.86,11.2,3023900.0,299206000
ripple,2014-04-05,0.008076,0.008352,0.007894,0.008324,73596.0,63133800
bitcoin,2014-04-06,463.4,466.32,452.97,460.5,10241400.0,5843670000
dash,2014-04-06,0.700828,0.723713,0.630182,0.641513,13167.0,2754220
dogecoin,2014-04-06,0.00046699999999999997,0.00047999999999999996,0.000453,0.00045999999999999996,701008.0,31539200
litecoin,2014-04-06,11.18,11.9,11.09,11.64,5093420.0,304340000
ripple,2014-04-06,0.00835,0.008365000000000001,0.008137,0.008246999999999999,95708.0,65277000
bitcoin,2014-04-07,461.47,462.56,445.12,449.42,15616600.0,5821160000
dash,2014-04-07,0.6478,0.64933,0.5907220000000001,0.6041,45233.0,2552670
dogecoin,2014-04-07,0.000462,0.000471,0.000449,0.000458,782860.0,31291600
litecoin,2014-04-07,11.66,11.93,11.26,11.26,3903230.0,317608000
ripple,2014-04-07,0.008263,0.008269,0.007995,0.008034999999999999,62187.0,64598400
bitcoin,2014-04-08,447.61,457.42,446.11,453.09,10921600.0,5648000000
dash,2014-04-08,0.606079,0.6282220000000001,0.5806979999999999,0.603018,21411.0,2395150
dogecoin,2014-04-08,0.00045599999999999997,0.00046399999999999995,0.000443,0.00045099999999999996,667073.0,31061000
litecoin,2014-04-08,11.21,11.65,11.11,11.36,3435810.0,305773000
ripple,2014-04-08,0.008005,0.008189,0.00798,0.008013,65204.0,62579500
bitcoin,2014-04-09,453.18,455.73,441.93,442.73,13204400.0,5719730000
dash,2014-04-09,0.603431,0.61673,0.583104,0.587437,9604.0,2390830
dogecoin,2014-04-09,0.00045,0.00045700000000000005,0.000437,0.00044100000000000004,440661.0,30826600
litecoin,2014-04-09,11.38,11.51,11.15,11.19,2084940.0,310700000
ripple,2014-04-09,0.008014,0.008154,0.007818,0.007866,221844.0,62653200
bitcoin,2014-04-10,442.26,443.37,358.73,365.18,55868300.0,5583670000
dash,2014-04-10,0.587616,0.5916560000000001,0.44896,0.45703599999999994,16417.0,2334430
dogecoin,2014-04-10,0.00044100000000000004,0.00044500000000000003,0.00034700000000000003,0.00034700000000000003,862264.0,30338900
litecoin,2014-04-10,11.19,11.28,8.13,8.46,15032300.0,305788000
ripple,2014-04-10,0.007857,0.007936,0.006219,0.006318,332953.0,61423400
bitcoin,2014-04-11,363.71,429.77,351.27,420.95,62562800.0,4593400000
dash,2014-04-11,0.453743,0.576868,0.44131400000000004,0.5489069999999999,18946.0,1807350
dogecoin,2014-04-11,0.00034700000000000003,0.00044,0.000341,0.00044,1096790.0,23999700
litecoin,2014-04-11,8.42,11.37,8.18,10.95,18745900.0,230520000
ripple,2014-04-11,0.006296,0.007227,0.006064,0.006581999999999999,345888.0,49218900
bitcoin,2014-04-12,420.89,439.61,415.79,421.12,19226500.0,5317310000
dash,2014-04-12,0.5488310000000001,0.591372,0.535384,0.571875,18959.0,2191980
dogecoin,2014-04-12,0.00044100000000000004,0.00044800000000000005,0.000417,0.00042,503227.0,30628900
litecoin,2014-04-12,10.9,11.56,10.59,10.66,7740060.0,298698000
ripple,2014-04-12,0.006581,0.006745999999999999,0.006229,0.006257,182421.0,51449100
bitcoin,2014-04-13,421.46,427.4,395.25,414.06,22493500.0,5326230000
dash,2014-04-13,0.572342,0.576653,0.520363,0.539027,15789.0,2291840
dogecoin,2014-04-13,0.00042,0.000426,0.000376,0.000389,512104.0,29314200
litecoin,2014-04-13,10.66,10.96,9.68,10.31,6250360.0,292420000
ripple,2014-04-13,0.006271,0.006312,0.005784,0.005987,153005.0,49026100
bitcoin,2014-04-14,414.83,469.75,407.37,458.79,50730200.0,5244350000
dash,2014-04-14,0.538982,0.6012,0.521968,0.583917,29214.0,2164120
dogecoin,2014-04-14,0.000388,0.000465,0.000384,0.00046100000000000004,1416560.0,27196100
litecoin,2014-04-14,10.39,11.69,10.01,11.52,11481300.0,285072000
ripple,2014-04-14,0.0059960000000000005,0.006603,0.005933,0.006518,466329.0,46878800
bitcoin,2014-04-15,458.37,519.0,453.54,515.59,49561000.0,5797070000
dash,2014-04-15,0.5879949999999999,0.653352,0.576325,0.647564,28751.0,2367280
dogecoin,2014-04-15,0.00046100000000000004,0.000588,0.00045700000000000005,0.000587,2503670.0,32426200
litecoin,2014-04-15,11.46,13.44,11.31,13.25,15088900.0,314953000
ripple,2014-04-15,0.006513,0.007719,0.006375,0.007719,274616.0,50917900
bitcoin,2014-04-16,522.18,542.38,502.78,527.39,56480100.0,6606460000
dash,2014-04-16,0.655849,0.687299,0.631659,0.655656,23860.0,2647720
dogecoin,2014-04-16,0.000592,0.0008029999999999999,0.00059,0.000708,6425170.0,41899900
litecoin,2014-04-16,13.3,14.22,12.69,13.37,17352400.0,365869000
ripple,2014-04-16,0.007753,0.007857,0.006809999999999999,0.007023000000000001,1024970.0,60613700
bitcoin,2014-04-17,529.07,533.52,484.87,495.96,34025500.0,6695650000
dash,2014-04-17,0.6577350000000001,0.6696489999999999,0.610727,0.6158560000000001,19435.0,2662660
dogecoin,2014-04-17,0.0007099999999999999,0.0007469999999999999,0.000617,0.000643,3792830.0,50410700
litecoin,2014-04-17,13.42,13.74,12.22,12.52,10919300.0,369542000
ripple,2014-04-17,0.0071010000000000005,0.007159,0.0061990000000000005,0.006339,261187.0,55512600
bitcoin,2014-04-18,495.8,498.6,472.74,479.64,19042400.0,6276700000
dash,2014-04-18,0.618219,1.03,0.612899,0.7897770000000001,293384.0,2509430
dogecoin,2014-04-18,0.000644,0.000654,0.000594,0.000617,1511350.0,45954600
litecoin,2014-04-18,12.46,12.64,11.68,12.06,8631860.0,343401000
ripple,2014-04-18,0.006345,0.006392,0.0060609999999999995,0.00621,209538.0,49604000
bitcoin,2014-04-19,479.58,503.56,470.56,501.56,19588200.0,6073340000
dash,2014-04-19,0.794215,0.794215,0.701508,0.736829,57416.0,3232440
dogecoin,2014-04-19,0.0006129999999999999,0.000651,0.000602,0.000646,1622690.0,43987600
litecoin,2014-04-19,12.05,12.89,11.64,12.82,6728010.0,332274000
ripple,2014-04-19,0.006209,0.00657,0.006146,0.0064730000000000005,207541.0,48541900
bitcoin,2014-04-20,501.75,510.87,490.84,498.17,12103100.0,6356070000
dash,2014-04-20,0.747391,0.754119,0.689135,0.7229260000000001,30229.0,3050050
dogecoin,2014-04-20,0.000646,0.000664,0.0006259999999999999,0.000629,1089990.0,46571800
litecoin,2014-04-20,12.86,13.12,12.43,12.62,6195390.0,354908000
ripple,2014-04-20,0.006475,0.006555,0.006159,0.006214,162830.0,50618300
bitcoin,2014-04-21,497.74,510.57,493.2,495.77,15171400.0,6307460000
dash,2014-04-21,0.722222,0.745336,0.673071,0.708118,29266.0,2955240
dogecoin,2014-04-21,0.000629,0.000646,0.000614,0.000621,1021950.0,45538700
litecoin,2014-04-21,12.56,12.93,12.35,12.5,3872040.0,347125000
ripple,2014-04-21,0.006206000000000001,0.006353,0.0061200000000000004,0.006142,172813.0,48515300
bitcoin,2014-04-22,495.45,503.22,487.58,487.92,11670900.0,6280640000
dash,2014-04-22,0.707657,0.728795,0.6661590000000001,0.722089,72972.0,2903710
dogecoin,2014-04-22,0.000621,0.0006259999999999999,0.000588,0.000588,1014070.0,45194800
litecoin,2014-04-22,12.5,12.61,12.05,12.07,2969980.0,345711000
ripple,2014-04-22,0.006139,0.0062369999999999995,0.006056000000000001,0.006059,205655.0,47990200
bitcoin,2014-04-23,488.36,493.25,485.82,491.3,9814530.0,6192560000
dash,2014-04-23,0.7227319999999999,1.01,0.713825,0.8730709999999999,196373.0,2973610
dogecoin,2014-04-23,0.000588,0.000591,0.000551,0.00057,1276710.0,42958700
litecoin,2014-04-23,12.04,12.21,11.98,12.13,2381190.0,333391000
ripple,2014-04-23,0.006064,0.006145,0.006032,0.00611,248284.0,47409900
bitcoin,2014-04-24,490.82,500.46,482.95,500.46,13009400.0,6225860000
dash,2014-04-24,0.871977,1.15,0.871977,1.06,329106.0,3596660
dogecoin,2014-04-24,0.0005679999999999999,0.000589,0.000551,0.000586,1031310.0,41681300
litecoin,2014-04-24,12.14,12.63,11.85,12.55,4714780.0,336492000
ripple,2014-04-24,0.006104999999999999,0.006104999999999999,0.005879,0.006069,201064.0,47729700
bitcoin,2014-04-25,500.09,500.3,442.95,461.45,46856500.0,6345230000
dash,2014-04-25,1.06,1.97,1.0,1.69,794049.0,4372240
dogecoin,2014-04-25,0.000587,0.000588,0.000446,0.00047599999999999997,4732600.0,43259800
litecoin,2014-04-25,12.54,12.55,10.47,10.79,13003700.0,347939000
ripple,2014-04-25,0.006069,0.006072,0.005234,0.005490999999999999,115698.0,47450000
bitcoin,2014-04-26,461.7,464.54,449.1,458.6,12214600.0,5860330000
dash,2014-04-26,1.71,2.41,1.39,1.72,1204200.0,7094160
dogecoin,2014-04-26,0.00047599999999999997,0.000484,0.00046100000000000004,0.000472,998929.0,35290700
litecoin,2014-04-26,10.81,10.85,10.39,10.57,3156250.0,300329000
ripple,2014-04-26,0.005490999999999999,0.00557,0.005357,0.0053939999999999995,62246.0,42929700
bitcoin,2014-04-27,457.24,459.33,436.39,436.39,10949500.0,5805530000
dash,2014-04-27,1.7,2.0,1.54,1.71,509028.0,7054200
dogecoin,2014-04-27,0.000471,0.00047400000000000003,0.000437,0.00044,708249.0,35010200
litecoin,2014-04-27,10.56,10.65,9.88,9.92,3349260.0,293837000
ripple,2014-04-27,0.005379999999999999,0.005392,0.0048590000000000005,0.0048590000000000005,183777.0,42064000
bitcoin,2014-04-28,430.72,447.53,422.94,440.29,23876600.0,5470650000
dash,2014-04-28,1.67,1.77,1.62,1.67,198793.0,6957830
dogecoin,2014-04-28,0.000437,0.0005,0.000429,0.000481,1578900.0,32620500
litecoin,2014-04-28,9.79,10.33,9.71,10.13,3537560.0,272731000
ripple,2014-04-28,0.004804,0.005182,0.004711,0.005139,179020.0,37559000
bitcoin,2014-04-29,439.98,451.64,435.18,447.21,16401400.0,5590030000
dash,2014-04-29,1.67,1.7,1.45,1.64,302458.0,6952590
dogecoin,2014-04-29,0.00048300000000000003,0.000503,0.000478,0.000495,1302450.0,36185000
litecoin,2014-04-29,10.12,10.47,9.98,10.4,3346380.0,282301000
ripple,2014-04-29,0.005136,0.005393,0.005136,0.005362,66925.0,40152400
bitcoin,2014-04-30,446.89,451.1,436.7,447.64,15244900.0,5679680000
dash,2014-04-30,1.63,1.66,1.49,1.54,38202.0,6827410
dogecoin,2014-04-30,0.000495,0.000519,0.000471,0.0005009999999999999,1149250.0,37234400
litecoin,2014-04-30,10.4,11.12,10.31,10.9,7592450.0,290501000
ripple,2014-04-30,0.005359,0.005415,0.005211,0.005364,222003.0,41897800
bitcoin,2014-05-01,447.63,460.61,447.63,457.76,12871800.0,5690670000
dash,2014-05-01,1.54,1.59,1.47,1.52,232684.0,6438560
dogecoin,2014-05-01,0.0005009999999999999,0.000512,0.0004969999999999999,0.000504,542606.0,37752200
litecoin,2014-05-01,10.93,11.38,10.9,11.1,4444330.0,305458000
ripple,2014-05-01,0.005364,0.005465,0.005334,0.005413,167861.0,41933900
bitcoin,2014-05-02,457.36,457.93,443.4,449.38,10394200.0,5816390000
dash,2014-05-02,1.51,1.54,1.18,1.35,171901.0,6343910
dogecoin,2014-05-02,0.000504,0.000505,0.000478,0.000482,540769.0,38013300
litecoin,2014-05-02,11.13,11.13,10.43,10.5,3393190.0,311470000
ripple,2014-05-02,0.005409000000000001,0.005495,0.005209,0.005315,292881.0,42287000
bitcoin,2014-05-03,449.4,449.4,430.68,437.76,9849640.0,5716960000
dash,2014-05-03,1.35,1.35,1.14,1.2,93670.0,5661610
dogecoin,2014-05-03,0.000482,0.00048300000000000003,0.00045700000000000005,0.000462,519009.0,36495000
litecoin,2014-05-03,10.52,10.55,10.1,10.31,2928390.0,294608000
ripple,2014-05-03,0.005315,0.005315,0.004947999999999999,0.005024,78782.0,41554000
bitcoin,2014-05-04,438.52,439.77,430.05,436.4,5621260.0,5580030000
dash,2014-05-04,1.19,1.7,1.16,1.55,275743.0,5002930
dogecoin,2014-05-04,0.000463,0.00047300000000000006,0.000452,0.000468,560527.0,35085100
litecoin,2014-05-04,10.3,10.37,10.2,10.32,1260130.0,288866000
ripple,2014-05-04,0.005033,0.005053,0.004924,0.005024,50950.0,39349100
bitcoin,2014-05-05,434.78,440.97,427.62,433.48,10004800.0,5534140000
dash,2014-05-05,1.56,1.84,1.52,1.67,291678.0,6598260
dogecoin,2014-05-05,0.000468,0.00047000000000000004,0.000421,0.000454,523194.0,35531400
litecoin,2014-05-05,10.31,10.38,10.15,10.18,1638510.0,289454000
ripple,2014-05-05,0.005007,0.005214,0.004951,0.005214,184156.0,39144600
bitcoin,2014-05-06,433.36,448.04,423.25,428.96,12507300.0,5517460000
dash,2014-05-06,1.68,1.71,1.6,1.61,75746.0,7096260
dogecoin,2014-05-06,0.000454,0.00046699999999999997,0.000443,0.00045700000000000005,750721.0,34542000
litecoin,2014-05-06,10.21,10.55,9.84,10.33,4018180.0,286760000
ripple,2014-05-06,0.005213000000000001,0.006248,0.005108,0.005973,518867.0,40757900
bitcoin,2014-05-07,429.34,446.13,428.45,438.82,18332200.0,5468310000
dash,2014-05-07,1.61,1.69,1.56,1.63,100953.0,6817910
dogecoin,2014-05-07,0.00045700000000000005,0.00047999999999999996,0.00045700000000000005,0.00047300000000000006,685166.0,34895400
litecoin,2014-05-07,10.34,11.01,10.24,10.51,3668840.0,290864000
ripple,2014-05-07,0.005974,0.006614,0.005957,0.006351,566819.0,46700600
bitcoin,2014-05-08,438.68,448.4,438.14,440.17,9446580.0,5588990000
dash,2014-05-08,1.61,1.74,1.61,1.65,84669.0,6841980
dogecoin,2014-05-08,0.000472,0.000479,0.00046699999999999997,0.000471,587545.0,36096100
litecoin,2014-05-08,10.51,10.78,10.44,10.45,2346290.0,295869000
ripple,2014-05-08,0.006343,0.006421,0.006026,0.0060799999999999995,293424.0,49592600
bitcoin,2014-05-09,440.18,452.69,440.14,449.46,10347900.0,5609930000
dash,2014-05-09,1.65,2.33,1.63,2.23,520876.0,7011350
dogecoin,2014-05-09,0.000471,0.0004969999999999999,0.000468,0.0004940000000000001,860285.0,36076600
litecoin,2014-05-09,10.42,10.84,10.42,10.75,2586370.0,293706000
ripple,2014-05-09,0.0060609999999999995,0.006123,0.005974,0.006063000000000001,234478.0,47381200
bitcoin,2014-05-10,450.46,455.77,448.47,454.43,6682600.0,5742830000
dash,2014-05-10,2.23,2.88,2.04,2.57,854388.0,9492880
dogecoin,2014-05-10,0.000495,0.0005,0.000472,0.000478,676349.0,38002000
litecoin,2014-05-10,10.76,10.87,10.66,10.73,1993440.0,303572000
ripple,2014-05-10,0.006074,0.006097999999999999,0.005906000000000001,0.005975,173762.0,47482200
bitcoin,2014-05-11,453.92,455.34,433.4,438.89,12251700.0,5789010000
dash,2014-05-11,2.54,2.82,2.54,2.57,569871.0,10825500
dogecoin,2014-05-11,0.000478,0.000479,0.00045099999999999996,0.00045599999999999997,480690.0,36800000
litecoin,2014-05-11,10.72,10.76,10.3,10.36,2521270.0,302622000
ripple,2014-05-11,0.005942,0.005958,0.0056890000000000005,0.005754,120923.0,46453700
bitcoin,2014-05-12,438.3,442.26,434.23,441.46,7383770.0,5591520000
dash,2014-05-12,2.56,2.66,2.15,2.47,760914.0,10934800
dogecoin,2014-05-12,0.00045700000000000005,0.00045999999999999996,0.000452,0.000454,535210.0,35280000
litecoin,2014-05-12,10.34,10.47,10.31,10.41,1422620.0,292232000
ripple,2014-05-12,0.005749,0.005949,0.0057469999999999995,0.005937,168471.0,44946600
bitcoin,2014-05-13,441.53,441.98,436.97,440.67,7682670.0,5634510000
dash,2014-05-13,2.47,2.8,2.43,2.77,415759.0,10560100
dogecoin,2014-05-13,0.000453,0.00048600000000000005,0.00044800000000000005,0.000449,484512.0,35051100
litecoin,2014-05-13,10.42,10.46,10.36,10.42,1754030.0,294842000
ripple,2014-05-13,0.005937,0.00648,0.005908,0.00634,331979.0,46418200
bitcoin,2014-05-14,440.59,446.66,440.5,443.97,9472960.0,5624310000
dash,2014-05-14,2.75,4.69,2.72,4.01,1721090.0,11779400
dogecoin,2014-05-14,0.000449,0.000459,0.000449,0.00045599999999999997,669458.0,34788700
litecoin,2014-05-14,10.41,10.49,10.39,10.43,1343860.0,294786000
ripple,2014-05-14,0.006339,0.007704000000000001,0.006339,0.007154000000000001,972270.0,49557400
bitcoin,2014-05-15,444.14,449.8,443.63,447.25,7362980.0,5671210000
dash,2014-05-15,4.01,7.34,4.0,5.76,3215550.0,17183700
dogecoin,2014-05-15,0.00045599999999999997,0.000462,0.000449,0.000455,388013.0,35413300
litecoin,2014-05-15,10.43,10.59,10.41,10.45,1692880.0,295895000
ripple,2014-05-15,0.0071719999999999996,0.007276,0.007015,0.007098999999999999,367672.0,56072400
bitcoin,2014-05-16,447.39,450.66,444.96,448.06,6475100.0,5714640000
dash,2014-05-16,5.84,6.62,4.99,5.92,2408390.0,25025600
dogecoin,2014-05-16,0.000452,0.000455,0.000446,0.00045099999999999996,605567.0,35134200
litecoin,2014-05-16,10.48,10.5,10.39,10.41,1458420.0,297632000
ripple,2014-05-16,0.0071,0.007116,0.006795999999999999,0.0069099999999999995,313468.0,55508000
bitcoin,2014-05-17,448.12,451.98,447.3,448.9,2945790.0,5725990000
dash,2014-05-17,5.92,6.07,4.11,4.74,1637800.0,25430500
dogecoin,2014-05-17,0.000452,0.000455,0.000449,0.000453,305748.0,35231100
litecoin,2014-05-17,10.44,10.46,10.34,10.35,1086520.0,296752000
ripple,2014-05-17,0.006901000000000001,0.006906,0.00648,0.006487000000000001,248157.0,53954400
bitcoin,2014-05-18,448.7,449.77,444.78,446.26,2857830.0,5735400000
dash,2014-05-18,4.71,6.38,4.22,6.38,2041030.0,20236200
dogecoin,2014-05-18,0.000452,0.000455,0.000446,0.000449,321137.0,35346300
litecoin,2014-05-18,10.35,10.45,10.28,10.36,908962.0,294403000
ripple,2014-05-18,0.006475,0.006490000000000001,0.005963,0.006004,346678.0,50620100
bitcoin,2014-05-19,446.08,447.56,443.1,446.18,6242620.0,5703760000
dash,2014-05-19,6.48,7.22,6.12,6.94,1655720.0,27873100
dogecoin,2014-05-19,0.00044800000000000005,0.00045099999999999996,0.000442,0.00044400000000000006,371681.0,35116600
litecoin,2014-05-19,10.34,10.38,10.27,10.3,1194390.0,294578000
ripple,2014-05-19,0.006,0.006037,0.0058649999999999996,0.006034,247907.0,46906900
bitcoin,2014-05-20,446.31,491.44,446.01,485.72,40327500.0,5708560000
dash,2014-05-20,6.93,7.06,6.13,6.88,1290930.0,29834300
dogecoin,2014-05-20,0.00044400000000000006,0.00047300000000000006,0.000443,0.000466,736828.0,34836600
litecoin,2014-05-20,10.3,10.79,10.29,10.63,4912980.0,293762000
ripple,2014-05-20,0.006045,0.006749,0.006036,0.006711,395587.0,47261100
bitcoin,2014-05-21,485.8,494.37,483.49,491.77,14626000.0,6215880000
dash,2014-05-21,6.88,8.0,6.78,7.99,1414570.0,29664200
dogecoin,2014-05-21,0.000466,0.000471,0.000454,0.00045599999999999997,505630.0,36668100
litecoin,2014-05-21,10.6,10.74,10.53,10.59,2653860.0,302609000
monero,2014-05-21,2.47,2.65,1.23,1.6,246540.0,2079640
ripple,2014-05-21,0.0067150000000000005,0.006804999999999999,0.0066170000000000005,0.006669,474992.0,52495600
bitcoin,2014-05-22,492.05,525.36,490.19,524.58,33086500.0,6297990000
dash,2014-05-22,8.0,11.23,7.98,11.23,4383980.0,34518300
dogecoin,2014-05-22,0.00045700000000000005,0.00046100000000000004,0.00042199999999999996,0.00042199999999999996,839516.0,35965100
litecoin,2014-05-22,10.58,10.77,10.48,10.67,5186880.0,302201000
monero,2014-05-22,1.59,2.19,1.36,2.1,132918.0,1371470
ripple,2014-05-22,0.0066760000000000005,0.0066760000000000005,0.003978,0.003993,2846750.0,52191100
bitcoin,2014-05-23,525.72,541.96,520.08,520.22,34934700.0,6731160000
dash,2014-05-23,11.15,15.03,11.06,13.49,7267510.0,48114100
dogecoin,2014-05-23,0.00042300000000000004,0.000443,0.000392,0.000413,939662.0,33350300
litecoin,2014-05-23,10.65,11.79,10.65,11.23,9134640.0,304423000
monero,2014-05-23,2.05,3.43,2.05,2.96,266852.0,1816200
ripple,2014-05-23,0.003963,0.0039759999999999995,0.0030629999999999998,0.003315,1174650.0,30979600
bitcoin,2014-05-24,521.05,525.17,516.28,525.14,11499300.0,6673600000
dash,2014-05-24,13.51,13.85,10.63,12.1,3637020.0,58371700
dogecoin,2014-05-24,0.000412,0.000429,0.000411,0.00042699999999999997,555017.0,32611900
litecoin,2014-05-24,11.21,11.21,10.99,11.1,2574380.0,320801000
monero,2014-05-24,2.92,4.01,2.62,3.7,248028.0,2653720
ripple,2014-05-24,0.003332,0.004201,0.0031030000000000003,0.004111,1111310.0,26047000
bitcoin,2014-05-25,525.23,576.48,525.23,571.59,47010300.0,6729120000
dash,2014-05-25,12.06,15.15,11.85,15.13,3625030.0,52126000
dogecoin,2014-05-25,0.00042699999999999997,0.000443,0.000405,0.000425,1222410.0,33802100
litecoin,2014-05-25,11.12,11.8,11.12,11.53,9072890.0,318703000
monero,2014-05-25,4.04,4.04,2.8,3.14,283545.0,3774890
ripple,2014-05-25,0.004129,0.004325,0.0035240000000000002,0.003646,638473.0,32280700
bitcoin,2014-05-26,571.39,588.39,565.33,583.42,29959800.0,7322870000
dash,2014-05-26,15.02,15.18,8.4,11.29,260919.0,64986200
dogecoin,2014-05-26,0.000426,0.00043,0.000398,0.00040300000000000004,824478.0,33857500
litecoin,2014-05-26,11.58,11.75,11.46,11.56,4063340.0,332099000
monero,2014-05-26,3.22,3.76,2.31,3.02,220148.0,3070190
ripple,2014-05-26,0.003668,0.003839,0.0036409999999999997,0.0037990000000000003,464861.0,28672700
bitcoin,2014-05-27,582.59,589.52,554.43,571.24,38032000.0,7468620000
dash,2014-05-27,11.27,12.07,8.31,10.57,3730600.0,48786600
dogecoin,2014-05-27,0.00040300000000000004,0.000411,0.000394,0.000397,659621.0,32060900
litecoin,2014-05-27,11.55,11.61,11.07,11.15,4409430.0,331600000
monero,2014-05-27,3.03,3.03,2.07,2.21,97603.0,2958060
ripple,2014-05-27,0.003761,0.0046429999999999996,0.0037340000000000003,0.0046429999999999996,1358170.0,29406600
bitcoin,2014-05-28,571.91,578.62,564.09,577.06,19289000.0,7333770000
dash,2014-05-28,10.59,10.68,6.94,7.21,3909160.0,45895300
dogecoin,2014-05-28,0.000397,0.00042199999999999996,0.000394,0.000399,898635.0,31640600
litecoin,2014-05-28,11.16,11.21,10.91,11.03,3167200.0,320904000
monero,2014-05-28,2.24,2.85,1.91,2.27,177716.0,2231880
ripple,2014-05-28,0.004659,0.005309,0.004488000000000001,0.005005,1550580.0,36424500
bitcoin,2014-05-29,576.33,577.1,561.6,568.18,18707800.0,7392820000
dash,2014-05-29,7.16,9.94,6.13,9.38,6110000.0,31060800
dogecoin,2014-05-29,0.000399,0.000399,0.000388,0.00039,476535.0,31860500
litecoin,2014-05-29,11.01,11.05,10.78,10.78,2006930.0,316904000
monero,2014-05-29,2.21,2.49,1.68,1.68,109157.0,2251030
ripple,2014-05-29,0.005028,0.005068,0.00469,0.004790999999999999,485322.0,39312100
bitcoin,2014-05-30,568.18,618.46,568.16,615.33,31985400.0,7290240000
dash,2014-05-30,9.38,11.97,8.41,11.05,5769570.0,40678700
dogecoin,2014-05-30,0.00039,0.000392,0.000341,0.00034700000000000003,988044.0,31236600
litecoin,2014-05-30,10.78,11.37,10.69,11.25,6192970.0,310601000
monero,2014-05-30,1.68,1.87,1.08,1.57,119296.0,1742630
ripple,2014-05-30,0.004767,0.004804999999999999,0.004138,0.004232,166638.0,37265100
bitcoin,2014-05-31,615.69,624.72,604.47,623.68,15107100.0,7902400000
dash,2014-05-31,11.09,12.5,10.99,11.33,2675190.0,48142000
dogecoin,2014-05-31,0.000346,0.000362,0.000334,0.000339,870901.0,27773400
litecoin,2014-05-31,11.26,11.3,10.81,10.93,4417180.0,324682000
monero,2014-05-31,1.58,2.28,1.41,1.94,117399.0,1675440
ripple,2014-05-31,0.004232,0.004424,0.004078,0.004146,201568.0,33082700
bitcoin,2014-06-01,623.69,671.51,619.91,630.23,45259100.0,8007450000
dash,2014-06-01,11.24,13.75,11.19,12.93,3460750.0,48841800
dogecoin,2014-06-01,0.000339,0.00043099999999999996,0.000335,0.00040300000000000004,1715410.0,27265900
litecoin,2014-06-01,10.93,11.56,10.89,11.14,7308220.0,315445000
monero,2014-06-01,1.94,2.57,1.54,1.74,130602.0,2111850
ripple,2014-06-01,0.004145,0.004331000000000001,0.003922,0.004092,246244.0,32404200
bitcoin,2014-06-02,629.64,665.5,618.75,660.62,45450200.0,8086630000
dash,2014-06-02,12.92,16.0,12.73,14.48,4918700.0,56183900
dogecoin,2014-06-02,0.00040300000000000004,0.00041600000000000003,0.000392,0.000395,1091610.0,32407600
litecoin,2014-06-02,11.15,11.73,11.12,11.36,6097460.0,322135000
monero,2014-06-02,1.76,1.94,1.6,1.73,47672.0,1964820
ripple,2014-06-02,0.004086,0.004382,0.004038,0.004339,274937.0,31940900
bitcoin,2014-06-03,660.55,674.11,650.78,667.61,40653700.0,8486730000
dash,2014-06-03,14.52,14.67,12.81,13.9,3096930.0,63173000
dogecoin,2014-06-03,0.000395,0.00040599999999999995,0.00038199999999999996,0.000386,904765.0,31835700
litecoin,2014-06-03,11.36,11.54,11.33,11.48,3646880.0,328596000
monero,2014-06-03,1.73,2.1,1.65,1.93,91332.0,1966370
ripple,2014-06-03,0.004339,0.004574,0.0042380000000000004,0.004385,612441.0,33921000
bitcoin,2014-06-04,666.77,668.56,624.09,641.61,37731500.0,8569660000
dash,2014-06-04,13.83,13.89,12.03,12.5,1454730.0,60216600
dogecoin,2014-06-04,0.000384,0.000386,0.00035299999999999996,0.000362,1065750.0,30991000
litecoin,2014-06-04,11.47,11.51,10.93,11.06,4085750.0,332174000
monero,2014-06-04,1.93,1.99,1.71,1.81,51886.0,2238440
ripple,2014-06-04,0.004379999999999999,0.004411,0.003947,0.003952000000000001,438672.0,34239100
bitcoin,2014-06-05,641.07,663.53,640.09,659.26,29621300.0,8242230000
dash,2014-06-05,12.46,12.62,10.61,10.61,1336970.0,54275500
dogecoin,2014-06-05,0.000362,0.000368,0.000357,0.00036,526707.0,29308500
litecoin,2014-06-05,11.04,11.32,11.01,11.29,4103560.0,320051000
ripple,2014-06-05,0.003914,0.004121,0.0038060000000000004,0.003841,251994.0,30595600
bitcoin,2014-06-06,659.28,661.37,652.3,653.7,18680100.0,8478870000
dash,2014-06-06,10.61,12.1,10.15,11.77,1613890.0,46236900
dogecoin,2014-06-06,0.000359,0.000365,0.000352,0.000362,542879.0,29152400
litecoin,2014-06-06,11.3,11.36,11.17,11.2,2062460.0,327803000
monero,2014-06-06,1.46,1.51,1.17,1.24,100635.0,1781530
ripple,2014-06-06,0.003958,0.003993,0.003834,0.003915999999999999,62554.0,30940700
bitcoin,2014-06-07,653.52,656.94,644.91,654.97,15855300.0,8407050000
dash,2014-06-07,11.8,11.8,10.38,10.38,506101.0,51452900
dogecoin,2014-06-07,0.000361,0.000375,0.00036,0.000367,413224.0,29383500
litecoin,2014-06-07,11.2,11.2,10.98,11.11,1878190.0,325266000
monero,2014-06-07,1.24,1.69,1.21,1.36,44187.0,1523430
ripple,2014-06-07,0.003915999999999999,0.0040420000000000005,0.0038229999999999996,0.003961,103888.0,30616000
bitcoin,2014-06-08,654.99,658.88,653.47,656.14,8614190.0,8428530000
dash,2014-06-08,10.42,11.0,8.75,9.5,1585220.0,45474400
dogecoin,2014-06-08,0.000366,0.00036899999999999997,0.00035800000000000003,0.00036,365300.0,29826400
litecoin,2014-06-08,11.11,11.29,11.09,11.27,1880630.0,323094000
monero,2014-06-08,1.36,1.44,1.24,1.34,40634.0,1702900
ripple,2014-06-08,0.0039700000000000004,0.003996,0.0039310000000000005,0.003974,115875.0,31038700
bitcoin,2014-06-09,655.64,657.7,644.39,649.16,19065400.0,8439070000
dash,2014-06-09,9.5,9.82,8.68,9.54,1311350.0,41476200
dogecoin,2014-06-09,0.00036,0.000364,0.000357,0.000362,380403.0,29339300
litecoin,2014-06-09,11.27,11.29,11.11,11.18,1784790.0,327986000
monero,2014-06-09,1.33,1.64,1.27,1.52,56500.0,1697580
ripple,2014-06-09,0.003972,0.004277,0.003971,0.004225,434971.0,31050900
bitcoin,2014-06-10,650.04,659.62,646.56,653.15,17913400.0,8369550000
dash,2014-06-10,9.56,11.84,9.42,11.65,1541710.0,41793000
dogecoin,2014-06-10,0.000363,0.000383,0.000361,0.00038199999999999996,589374.0,29666500
litecoin,2014-06-10,11.21,11.25,11.09,11.11,2752500.0,326760000
monero,2014-06-10,1.48,2.39,1.31,1.73,182599.0,1917820
ripple,2014-06-10,0.004229,0.004547,0.004228,0.004547,386360.0,33060900
bitcoin,2014-06-11,653.19,657.04,632.55,633.02,25163800.0,8412780000
dash,2014-06-11,11.65,11.65,10.27,10.27,724358.0,50928300
dogecoin,2014-06-11,0.000383,0.00043499999999999995,0.00037999999999999997,0.00042,1322230.0,31365100
litecoin,2014-06-11,11.1,11.17,10.94,10.94,2064260.0,323931000
monero,2014-06-11,1.72,2.17,1.53,1.62,85735.0,2279840
ripple,2014-06-11,0.004549,0.00458,0.0043939999999999995,0.0044210000000000005,257057.0,35564400
bitcoin,2014-06-12,633.43,638.11,573.27,586.95,50818800.0,8160590000
dash,2014-06-12,10.38,11.35,10.02,10.18,895885.0,45377400
dogecoin,2014-06-12,0.00041900000000000005,0.000424,0.000375,0.00038199999999999996,876563.0,34401500
litecoin,2014-06-12,10.93,10.97,9.98,10.17,4748730.0,319206000
monero,2014-06-12,1.62,2.17,1.53,1.74,108619.0,2174900
ripple,2014-06-12,0.004405,0.0044210000000000005,0.003948,0.0040479999999999995,264548.0,34436500
bitcoin,2014-06-13,585.7,615.14,585.7,600.16,35700700.0,7548170000
dash,2014-06-13,10.16,10.89,10.16,10.64,426354.0,44453800
dogecoin,2014-06-13,0.00038199999999999996,0.00040599999999999995,0.000381,0.000392,523038.0,31387300
litecoin,2014-06-13,10.16,10.47,10.08,10.25,2338830.0,297021000
monero,2014-06-13,1.65,1.96,1.62,1.92,84237.0,2257650
ripple,2014-06-13,0.004038,0.004234,0.004036,0.004161,172430.0,31571800
bitcoin,2014-06-14,600.75,601.27,549.82,577.36,38481200.0,7744580000
dash,2014-06-14,10.68,10.68,9.78,10.24,514834.0,46763800
dogecoin,2014-06-14,0.000392,0.000395,0.00036899999999999997,0.000376,435885.0,32305100
litecoin,2014-06-14,10.26,10.3,9.67,9.93,3232610.0,300140000
monero,2014-06-14,1.93,2.82,1.88,2.34,276919.0,2677530
ripple,2014-06-14,0.004137,0.004142,0.0038469999999999997,0.004017,144324.0,32341900
bitcoin,2014-06-15,575.93,592.94,554.89,592.94,23580900.0,7427200000
dash,2014-06-15,10.24,10.35,9.54,10.35,274260.0,44895900
dogecoin,2014-06-15,0.000376,0.000381,0.000364,0.00037400000000000004,289056.0,31037500
litecoin,2014-06-15,9.87,9.95,9.53,9.94,2788040.0,289179000
monero,2014-06-15,2.32,2.75,2.25,2.69,150652.0,3288170
ripple,2014-06-15,0.004011,0.004197,0.00389,0.004197,82035.0,31357000
bitcoin,2014-06-16,592.65,608.72,587.07,592.19,28677500.0,7645650000
dash,2014-06-16,10.23,10.44,10.09,10.13,427550.0,44871400
dogecoin,2014-06-16,0.00037400000000000004,0.00037799999999999997,0.00036,0.000365,521729.0,30919300
litecoin,2014-06-16,9.96,10.05,9.68,9.71,2633400.0,292055000
monero,2014-06-16,2.72,3.55,2.62,3.18,438776.0,3905660
ripple,2014-06-16,0.004208,0.004291,0.004168,0.004173,177955.0,32894000
bitcoin,2014-06-17,591.59,610.89,590.4,610.86,18597300.0,7634710000
bytecoin-bcn,2014-06-17,6.500000000000001e-05,6.500000000000001e-05,5.9999999999999995e-05,5.9999999999999995e-05,2593.0,10175300
dash,2014-06-17,10.12,10.45,10.04,10.21,305768.0,44424600
dogecoin,2014-06-17,0.000365,0.000367,0.00035800000000000003,0.000363,253373.0,30243900
litecoin,2014-06-17,9.68,9.77,9.52,9.66,2214920.0,284195000
monero,2014-06-17,3.15,3.31,2.72,2.82,228445.0,4601540
ripple,2014-06-17,0.004164,0.004264,0.004157,0.004264,115743.0,32552800
bitcoin,2014-06-18,609.77,615.88,604.4,607.96,17862000.0,7872150000
bytecoin-bcn,2014-06-18,5.5e-05,7.3e-05,4.9e-05,6.7e-05,14531.0,8572420
dash,2014-06-18,10.29,10.52,9.91,10.22,475249.0,45190900
dogecoin,2014-06-18,0.000362,0.000364,0.00035099999999999997,0.00035800000000000003,340545.0,30078000
litecoin,2014-06-18,9.67,9.73,9.58,9.68,1703900.0,284219000
monero,2014-06-18,2.9,2.98,2.46,2.79,183102.0,4304890
ripple,2014-06-18,0.004256,0.004297,0.004221,0.004247,153448.0,33275500
bitcoin,2014-06-19,608.07,612.24,597.02,598.07,12803800.0,7852650000
bytecoin-bcn,2014-06-19,6.7e-05,7.900000000000001e-05,6.1e-05,6.6e-05,11923.0,10424400
dash,2014-06-19,10.22,11.12,10.0,10.97,589450.0,44912000
dogecoin,2014-06-19,0.00035800000000000003,0.000363,0.00035499999999999996,0.000359,289988.0,29804600
litecoin,2014-06-19,9.68,10.16,9.6,9.99,3395730.0,284608000
monero,2014-06-19,2.78,3.52,2.68,3.13,283962.0,4188790
ripple,2014-06-19,0.004251,0.004278,0.004204,0.004229999999999999,24118.0,33231500
bitcoin,2014-06-20,597.4,599.75,587.76,594.15,18134100.0,7717370000
bytecoin-bcn,2014-06-20,6.6e-05,7.2e-05,5.9e-05,6.500000000000001e-05,9531.0,10262500
dash,2014-06-20,10.98,12.4,8.92,10.34,4047720.0,48306500
dogecoin,2014-06-20,0.000357,0.000359,0.00035,0.00035299999999999996,343110.0,29758700
litecoin,2014-06-20,10.0,10.01,9.8,9.83,1862810.0,294353000
monero,2014-06-20,3.17,4.59,3.12,4.56,543764.0,4844000
ripple,2014-06-20,0.004229999999999999,0.004309,0.0041670000000000006,0.004188,157677.0,33073200
bitcoin,2014-06-21,593.68,599.46,587.74,594.99,9256290.0,7672030000
bytecoin-bcn,2014-06-21,6.500000000000001e-05,6.6e-05,5.9e-05,5.9999999999999995e-05,9797.0,10197900
dash,2014-06-21,10.24,10.24,8.91,9.29,1003310.0,45082300
dogecoin,2014-06-21,0.00035299999999999996,0.000354,0.00034500000000000004,0.00034700000000000003,289457.0,29457700
litecoin,2014-06-21,9.84,9.87,9.67,9.83,1201330.0,290087000
monero,2014-06-21,4.33,5.85,4.14,5.01,723077.0,6730580
ripple,2014-06-21,0.004187,0.004194,0.004138,0.00415,77189.0,32730700
bitcoin,2014-06-22,595.9,606.0,594.63,602.27,10877700.0,7703560000
bytecoin-bcn,2014-06-22,5.9e-05,8.4e-05,5.9e-05,7.8e-05,18882.0,9287680
dash,2014-06-22,9.3,9.95,9.27,9.46,287288.0,40952800
dogecoin,2014-06-22,0.00034700000000000003,0.00035299999999999996,0.000336,0.000342,321583.0,29042900
litecoin,2014-06-22,9.85,9.92,9.74,9.77,1382550.0,290612000
monero,2014-06-22,4.98,5.21,4.02,4.35,491984.0,7853920
ripple,2014-06-22,0.0041530000000000004,0.004236,0.004147,0.004187,204893.0,32464500
bitcoin,2014-06-23,602.16,603.21,586.34,593.98,14053800.0,7787160000
bytecoin-bcn,2014-06-23,7.8e-05,8.4e-05,7.6e-05,8.3e-05,5535.0,12226800
dash,2014-06-23,9.45,10.03,9.45,9.8,345384.0,41650300
dogecoin,2014-06-23,0.000339,0.000343,0.000322,0.00032599999999999996,458940.0,28442000
litecoin,2014-06-23,9.77,10.93,9.66,9.72,1306090.0,288542000
monero,2014-06-23,4.28,4.82,3.77,3.98,433301.0,6851250
ripple,2014-06-23,0.004186,0.004190999999999999,0.004036,0.004085,104712.0,32723700
bitcoin,2014-06-24,593.97,596.97,582.36,582.36,14144900.0,7683850000
bytecoin-bcn,2014-06-24,8.3e-05,8.3e-05,5.7999999999999994e-05,5.7999999999999994e-05,16144.0,12991300
dash,2014-06-24,9.8,9.9,9.44,9.44,327520.0,43214300
dogecoin,2014-06-24,0.00032599999999999996,0.000327,0.000304,0.00031099999999999997,573812.0,27367000
litecoin,2014-06-24,9.73,9.78,9.62,9.63,1449760.0,287584000
monero,2014-06-24,3.93,4.07,2.96,3.28,150995.0,6374590
ripple,2014-06-24,0.004085,0.004152,0.0040490000000000005,0.0040490000000000005,196770.0,31936400
bitcoin,2014-06-25,581.81,583.6,565.63,566.34,20687700.0,7529260000
bytecoin-bcn,2014-06-25,6.4e-05,6.9e-05,5.6999999999999996e-05,5.6999999999999996e-05,6862.0,10011100
dash,2014-06-25,9.42,9.53,8.99,8.99,243528.0,41587200
dogecoin,2014-06-25,0.00031,0.00031,0.000264,0.000269,301853.0,26119700
litecoin,2014-06-25,9.61,9.66,9.19,9.19,2061300.0,284464000
monero,2014-06-25,3.23,3.39,2.63,3.39,217183.0,5313820
ripple,2014-06-25,0.004046,0.004057,0.00392,0.0039310000000000005,208741.0,31629500
bitcoin,2014-06-26,566.14,581.63,564.73,581.14,14655900.0,7329110000
bytecoin-bcn,2014-06-26,5.6999999999999996e-05,6.9e-05,5.1e-05,5.7999999999999994e-05,9498.0,8858100
dash,2014-06-26,8.97,10.63,8.97,10.0,942175.0,39622400
dogecoin,2014-06-26,0.000265,0.000296,0.00026000000000000003,0.000296,483973.0,22360000
litecoin,2014-06-26,9.2,9.26,9.01,9.09,2457120.0,272567000
monero,2014-06-26,3.28,3.38,2.8,2.89,117740.0,5471230
ripple,2014-06-26,0.003929,0.004071,0.00392,0.004051,19022.0,30716300
bitcoin,2014-06-27,581.3,600.12,579.88,597.26,20814600.0,7527840000
bytecoin-bcn,2014-06-27,5.7999999999999994e-05,6.500000000000001e-05,5.7999999999999994e-05,5.9999999999999995e-05,1567.0,9089320
dash,2014-06-27,10.07,10.25,9.84,10.09,362067.0,44475800
dogecoin,2014-06-27,0.000291,0.000298,0.00028700000000000004,0.000294,454754.0,24551600
litecoin,2014-06-27,9.09,9.29,9.09,9.25,1574680.0,269692000
monero,2014-06-27,2.98,3.0,2.07,2.2,250643.0,5044180
ripple,2014-06-27,0.004052,0.004122,0.0039840000000000006,0.003993,17794.0,31679700
bitcoin,2014-06-28,599.08,604.47,595.92,596.55,13398100.0,7761630000
bytecoin-bcn,2014-06-28,5.9999999999999995e-05,5.9999999999999995e-05,5.4000000000000005e-05,5.4000000000000005e-05,2040.0,9374630
dash,2014-06-28,9.84,9.86,9.34,9.53,287441.0,43494000
dogecoin,2014-06-28,0.000292,0.000292,0.000275,0.000276,253850.0,24709000
litecoin,2014-06-28,9.27,9.28,9.17,9.19,1466260.0,275381000
monero,2014-06-28,2.32,2.9,2.25,2.55,184970.0,3997740
ripple,2014-06-28,0.0040100000000000005,0.004046,0.003863,0.003922999999999999,8316.0,31347600
bitcoin,2014-06-29,596.33,604.08,596.16,602.72,8897470.0,7728190000
bytecoin-bcn,2014-06-29,5.4000000000000005e-05,5.9999999999999995e-05,5.4000000000000005e-05,5.4000000000000005e-05,2763.0,8400930
dash,2014-06-29,9.51,9.73,9.12,9.23,262898.0,42086500
dogecoin,2014-06-29,0.000275,0.000279,0.000268,0.000271,248181.0,23350200
litecoin,2014-06-29,9.2,9.27,8.89,8.96,2181070.0,273298000
monero,2014-06-29,2.55,2.76,2.26,2.54,138511.0,4434960
ripple,2014-06-29,0.003936,0.004078,0.003936,0.004013,13533.0,30774500
bitcoin,2014-06-30,602.62,645.15,599.88,639.8,46422400.0,7812050000
bytecoin-bcn,2014-06-30,5.4000000000000005e-05,6.3e-05,5e-05,5.1e-05,5260.0,8494400
dash,2014-06-30,9.19,9.44,8.28,8.93,1216120.0,40669900
dogecoin,2014-06-30,0.000269,0.000281,0.000264,0.000267,382776.0,22861400
litecoin,2014-06-30,8.97,9.1,8.79,8.95,4287560.0,266898000
monero,2014-06-30,2.55,2.7,2.44,2.5,124575.0,4484350
ripple,2014-06-30,0.004013,0.004061,0.003779,0.0037799999999999995,20028.0,31372400
bitcoin,2014-07-01,641.39,657.86,640.11,640.81,38446300.0,8316770000
bytecoin-bcn,2014-07-01,5.1e-05,5.3e-05,3.9e-05,5.1e-05,3807.0,8058680
dash,2014-07-01,8.93,9.13,7.82,7.9,689084.0,39564800
dogecoin,2014-07-01,0.000267,0.000268,0.00025699999999999996,0.000259,448434.0,22764200
litecoin,2014-07-01,8.96,9.03,7.79,7.79,6485840.0,266885000
monero,2014-07-01,2.51,2.65,2.34,2.35,98540.0,4470350
ripple,2014-07-01,0.0037799999999999995,0.004213000000000001,0.003618,0.0036229999999999995,241870.0,29549400
bitcoin,2014-07-02,641.04,656.68,638.34,650.88,25768200.0,8314310000
bytecoin-bcn,2014-07-02,5.1e-05,5.1e-05,3.2e-05,4.6e-05,2441.0,8028330
dash,2014-07-02,7.97,8.3,6.14,6.99,1070360.0,35317900
dogecoin,2014-07-02,0.00025699999999999996,0.00026000000000000003,0.000223,0.000223,491802.0,21947500
litecoin,2014-07-02,7.98,8.47,7.69,8.16,7882050.0,238021000
monero,2014-07-02,2.34,2.54,2.26,2.31,101095.0,4225600
ripple,2014-07-02,0.0036149999999999997,0.003625,0.003474,0.0034840000000000006,157412.0,28263600
bitcoin,2014-07-03,650.77,650.77,641.3,645.16,18949000.0,8442770000
bytecoin-bcn,2014-07-03,4.6e-05,4.6e-05,3.8e-05,3.9e-05,2646.0,7142670
dash,2014-07-03,7.0,8.37,6.19,7.82,946899.0,31051700
dogecoin,2014-07-03,0.000225,0.000226,0.000207,0.00021899999999999998,449730.0,19226500
litecoin,2014-07-03,8.07,8.17,7.95,8.03,2917800.0,240738000
monero,2014-07-03,2.31,2.82,2.23,2.64,168532.0,4217730
ripple,2014-07-03,0.003481,0.003481,0.003346,0.00336,140023.0,27215900
bitcoin,2014-07-04,644.65,648.43,629.4,630.69,22237200.0,8365570000
bytecoin-bcn,2014-07-04,3.9e-05,5.6999999999999996e-05,3.9e-05,5e-05,11741.0,6071930
dash,2014-07-04,7.77,8.05,7.56,7.56,250875.0,34491300
dogecoin,2014-07-04,0.00021899999999999998,0.000245,0.000217,0.000234,415581.0,18742300
litecoin,2014-07-04,8.03,8.04,7.31,7.34,3545090.0,239981000
monero,2014-07-04,2.64,3.0,2.54,2.64,148555.0,4899760
ripple,2014-07-04,0.003357,0.003372,0.00324,0.003246,224680.0,26244100
bitcoin,2014-07-05,629.95,633.22,628.0,631.46,9105940.0,8177490000
bytecoin-bcn,2014-07-05,5e-05,5.6999999999999996e-05,4.4e-05,4.4e-05,2308.0,7910050
dash,2014-07-05,7.5,7.54,6.48,7.12,414546.0,33295300
dogecoin,2014-07-05,0.000233,0.000236,0.00021400000000000002,0.000223,293813.0,19990200
litecoin,2014-07-05,7.32,7.39,6.76,7.28,5330180.0,218960000
monero,2014-07-05,2.64,2.64,2.44,2.47,68525.0,4956910
ripple,2014-07-05,0.0032450000000000005,0.0032600000000000003,0.003127,0.0031320000000000002,215980.0,25372300
bitcoin,2014-07-06,631.77,638.65,631.16,635.81,10080000.0,8203530000
bytecoin-bcn,2014-07-06,4.4e-05,5.1e-05,4.4e-05,4.4e-05,3619.0,6939720
dash,2014-07-06,7.13,7.33,6.02,6.66,349136.0,31701100
dogecoin,2014-07-06,0.00022400000000000002,0.00023500000000000002,0.000217,0.000226,141042.0,19217000
litecoin,2014-07-06,7.3,7.37,6.85,7.11,2569530.0,218675000
monero,2014-07-06,2.47,2.48,2.29,2.4,77663.0,4690900
ripple,2014-07-06,0.003134,0.003169,0.002804,0.00281,148862.0,24500300
bitcoin,2014-07-07,635.46,637.16,617.01,624.09,17813600.0,8253710000
bytecoin-bcn,2014-07-07,4.5e-05,5e-05,3.7e-05,3.7e-05,3244.0,6991590
dash,2014-07-07,6.67,6.87,6.16,6.53,237262.0,29664700
dogecoin,2014-07-07,0.000226,0.00023199999999999997,0.00021899999999999998,0.000223,91325.0,19448700
litecoin,2014-07-07,7.1,7.61,6.97,7.56,5011390.0,212727000
monero,2014-07-07,2.4,2.4,1.95,1.99,111370.0,4609840
ripple,2014-07-07,0.002809,0.003082,0.002802,0.003082,191510.0,21960300
bitcoin,2014-07-08,622.57,626.7,620.91,624.82,10005500.0,8088590000
bytecoin-bcn,2014-07-08,3.7e-05,4.4e-05,3.1e-05,4.4e-05,3122.0,5871570
dash,2014-07-08,6.98,7.64,6.82,7.17,578868.0,31048700
dogecoin,2014-07-08,0.00022400000000000002,0.000262,0.00022400000000000002,0.000262,443163.0,19335300
litecoin,2014-07-08,7.58,7.8,7.58,7.73,2798300.0,227425000
monero,2014-07-08,1.98,2.36,1.97,2.35,94993.0,3851290
ripple,2014-07-08,0.0030789999999999997,0.003319,0.0030789999999999997,0.0033,222957.0,24069800
bitcoin,2014-07-09,625.22,627.0,622.6,624.51,9819150.0,8125370000
bytecoin-bcn,2014-07-09,4.4e-05,4.4e-05,3.1e-05,3.1e-05,1022.0,6879050
dash,2014-07-09,7.17,7.41,7.09,7.1,255938.0,31920700
dogecoin,2014-07-09,0.000261,0.00028700000000000004,0.00025299999999999997,0.000275,652666.0,22560800
litecoin,2014-07-09,7.77,7.99,7.73,7.79,2978550.0,233495000
monero,2014-07-09,2.3,2.31,1.99,2.01,69554.0,4518280
ripple,2014-07-09,0.0033009999999999997,0.003879,0.0033009999999999997,0.003879,178918.0,25805500
bitcoin,2014-07-10,624.83,626.12,612.35,616.76,15880700.0,8122830000
bytecoin-bcn,2014-07-10,3.1e-05,5.6000000000000006e-05,3.1e-05,4.9e-05,12453.0,4916300
dash,2014-07-10,7.11,7.15,6.36,6.79,299842.0,31652000
dogecoin,2014-07-10,0.00027400000000000005,0.00028399999999999996,0.000251,0.000263,522520.0,23736100
litecoin,2014-07-10,7.78,7.84,7.66,7.79,1988790.0,234030000
monero,2014-07-10,2.03,2.09,1.86,1.89,89099.0,4033590
ripple,2014-07-10,0.0038799999999999998,0.004082,0.0038799999999999998,0.004074,281909.0,30332200
bitcoin,2014-07-11,616.66,632.09,615.77,632.0,16467100.0,8019000000
bytecoin-bcn,2014-07-11,4.9e-05,6.2e-05,4.3e-05,5.1e-05,10528.0,7760190
dash,2014-07-11,6.77,6.98,6.48,6.52,354126.0,30178400
dogecoin,2014-07-11,0.000264,0.000275,0.000261,0.000273,366291.0,22874400
litecoin,2014-07-11,7.8,7.96,7.79,7.85,1996570.0,234694000
monero,2014-07-11,1.86,1.92,1.72,1.79,116666.0,3746700
ripple,2014-07-11,0.004074,0.004338,0.004072999999999999,0.004298,406560.0,31851000
bitcoin,2014-07-12,631.88,636.66,626.98,633.71,13329000.0,8219370000
bytecoin-bcn,2014-07-12,5.1e-05,6.3e-05,4.4e-05,4.4e-05,4235.0,7959760
dash,2014-07-12,6.57,6.7,6.45,6.54,136625.0,29318500
dogecoin,2014-07-12,0.000273,0.000275,0.000266,0.000273,292935.0,23743300
litecoin,2014-07-12,7.86,8.73,7.84,8.62,5976190.0,236901000
monero,2014-07-12,1.79,1.94,1.72,1.73,65375.0,3648870
ripple,2014-07-12,0.004298,0.004368,0.0042899999999999995,0.0043170000000000005,172674.0,33597900
bitcoin,2014-07-13,634.22,634.73,624.91,626.5,11291000.0,8252240000
bytecoin-bcn,2014-07-13,4.4e-05,5e-05,3.8e-05,3.8e-05,4226.0,6993010
dash,2014-07-13,6.54,6.65,6.33,6.35,189565.0,29207800
dogecoin,2014-07-13,0.00027400000000000005,0.00027400000000000005,0.000266,0.00027,287834.0,23878400
litecoin,2014-07-13,8.61,9.11,8.57,8.9,5485690.0,259539000
monero,2014-07-13,1.73,1.97,1.46,1.79,122049.0,3562450
ripple,2014-07-13,0.004318,0.004324000000000001,0.0042439999999999995,0.004306,64623.0,33756900
bitcoin,2014-07-14,626.56,627.34,617.32,619.32,12706800.0,8155140000
bytecoin-bcn,2014-07-14,3.8e-05,5.6000000000000006e-05,3.7e-05,5e-05,7401.0,5925250
dash,2014-07-14,6.36,6.44,6.04,6.2,255024.0,28401500
dogecoin,2014-07-14,0.00027,0.000273,0.00025499999999999996,0.000258,289599.0,23535800
litecoin,2014-07-14,8.9,8.9,8.49,8.62,4107330.0,268608000
monero,2014-07-14,1.79,1.99,1.62,1.97,100284.0,3716450
ripple,2014-07-14,0.004306,0.004369,0.004278,0.004367,113927.0,33664800
bitcoin,2014-07-15,620.0,625.14,619.63,621.59,10873200.0,8071770000
bytecoin-bcn,2014-07-15,5e-05,5e-05,4.3e-05,4.4e-05,1100.0,7815600
dash,2014-07-15,6.18,6.46,5.67,6.3,388889.0,27620600
dogecoin,2014-07-15,0.000256,0.000259,0.000251,0.000254,269268.0,22349800
litecoin,2014-07-15,8.62,8.73,8.54,8.56,1729530.0,260390000
monero,2014-07-15,1.95,2.2,1.79,2.11,136205.0,4096760
ripple,2014-07-15,0.004368,0.004515,0.004364,0.004514,176067.0,34148100
bitcoin,2014-07-16,622.01,623.09,615.33,616.8,13182400.0,8100510000
bytecoin-bcn,2014-07-16,4.4e-05,5e-05,3.7e-05,3.7e-05,1387.0,6872480
dash,2014-07-16,6.32,6.5,5.75,6.35,351827.0,28261700
dogecoin,2014-07-16,0.000254,0.00025499999999999996,0.00022999999999999998,0.000234,368030.0,22202500
litecoin,2014-07-16,8.56,8.56,8.29,8.32,3440990.0,258928000
monero,2014-07-16,2.16,2.93,2.05,2.71,353430.0,4585570
ripple,2014-07-16,0.004514,0.004898,0.004496,0.004898,351852.0,35289600
bitcoin,2014-07-17,616.54,626.29,608.4,623.09,16576700.0,8031440000
bytecoin-bcn,2014-07-17,3.7e-05,4.9e-05,3.7e-05,3.7e-05,1098.0,5851570
dash,2014-07-17,6.38,7.78,6.25,7.44,699285.0,28560700
dogecoin,2014-07-17,0.000234,0.000262,0.000233,0.000261,432877.0,20449400
litecoin,2014-07-17,8.33,8.69,8.28,8.66,2659970.0,252096000
monero,2014-07-17,2.71,3.58,2.64,2.98,503684.0,5804450
ripple,2014-07-17,0.004898,0.006174,0.004898,0.006162,952310.0,38288200
bitcoin,2014-07-18,622.37,629.21,620.47,628.78,14158100.0,8110060000
bytecoin-bcn,2014-07-18,3.7e-05,4.4e-05,3.7e-05,3.8e-05,1946.0,5899400
dash,2014-07-18,7.42,7.9,6.95,7.21,729493.0,33232100
dogecoin,2014-07-18,0.00026000000000000003,0.000261,0.00024700000000000004,0.00024700000000000004,366333.0,22765400
litecoin,2014-07-18,8.66,8.8,8.57,8.72,2515210.0,262388000
monero,2014-07-18,3.03,3.29,2.46,2.62,348336.0,6577180
ripple,2014-07-18,0.006167,0.00646,0.006131,0.006364,613098.0,48216700
bitcoin,2014-07-19,629.17,629.17,624.6,628.51,7222030.0,8201340000
bytecoin-bcn,2014-07-19,3.8e-05,4.4e-05,3.8e-05,3.8e-05,650.0,5971260
dash,2014-07-19,7.21,7.23,7.0,7.06,99443.0,32320400
dogecoin,2014-07-19,0.00024700000000000004,0.000251,0.000242,0.000245,223770.0,21688200
litecoin,2014-07-19,8.72,8.74,8.61,8.61,1577680.0,264452000
monero,2014-07-19,2.59,3.07,2.54,2.88,169471.0,5680000
ripple,2014-07-19,0.006365,0.006368,0.005259000000000001,0.005298,538408.0,49764300
bitcoin,2014-07-20,628.56,628.56,622.77,623.9,5760120.0,8196210000
bytecoin-bcn,2014-07-20,3.8e-05,4.4e-05,3.7e-05,3.7e-05,2142.0,5964340
dash,2014-07-20,7.06,7.26,6.96,7.11,137239.0,31670100
dogecoin,2014-07-20,0.000245,0.000246,0.000234,0.00023999999999999998,228417.0,21516700
litecoin,2014-07-20,8.61,8.65,8.41,8.46,1790490.0,261506000
monero,2014-07-20,2.88,2.93,2.58,2.63,116853.0,6372740
ripple,2014-07-20,0.005261999999999999,0.005383,0.005159,0.005383,175004.0,41137900
bitcoin,2014-07-21,623.95,624.09,619.11,622.21,10711900.0,8138520000
bitshares,2014-07-21,0.013212,0.013881999999999999,0.013104,0.013487,19494.0,26424000
bytecoin-bcn,2014-07-21,3.7e-05,4.4e-05,2.5e-05,3.1e-05,7383.0,5922150
dash,2014-07-21,7.11,7.15,6.69,6.77,121175.0,31914400
dogecoin,2014-07-21,0.00023999999999999998,0.000241,0.000233,0.00023700000000000001,196337.0,21118100
litecoin,2014-07-21,8.46,8.62,8.36,8.59,1553560.0,257188000
monero,2014-07-21,2.67,3.14,2.65,3.09,243140.0,5978470
ripple,2014-07-21,0.005383,0.0053950000000000005,0.005327,0.005362,136967.0,42080500
bitcoin,2014-07-22,622.27,624.3,620.96,621.55,9602880.0,8119060000
bitshares,2014-07-22,0.013569999999999999,0.013713,0.009659000000000001,0.010128,512931.0,27139200
bytecoin-bcn,2014-07-22,3.1e-05,3.7e-05,3.1e-05,3.1e-05,1748.0,4923530
dash,2014-07-22,6.76,6.76,6.26,6.41,183517.0,30373400
dogecoin,2014-07-22,0.000236,0.00023700000000000001,0.000215,0.00022,396016.0,20718700
litecoin,2014-07-22,8.59,9.29,8.56,8.57,910432.0,261418000
monero,2014-07-22,3.09,3.32,3.01,3.2,262049.0,6966760
ripple,2014-07-22,0.005361,0.005643,0.005357,0.005643,280454.0,41911900
bitcoin,2014-07-23,621.12,624.43,618.29,619.41,11056600.0,8106260000
bitshares,2014-07-23,0.010168,0.010343000000000001,0.009686,0.010022,118097.0,20332900
bytecoin-bcn,2014-07-23,3.1e-05,3.7e-05,3.1e-05,3.1e-05,1449.0,4919050
dash,2014-07-23,6.4,6.69,6.35,6.37,134307.0,28768400
dogecoin,2014-07-23,0.000221,0.000226,0.000218,0.000225,245097.0,19408200
litecoin,2014-07-23,8.57,8.61,8.45,8.46,1221280.0,260880000
monero,2014-07-23,3.2,3.24,2.84,2.91,274946.0,7296220
ripple,2014-07-23,0.005647,0.00615,0.005644,0.006144,327880.0,44145400
bitcoin,2014-07-24,619.5,620.43,595.57,601.73,20917200.0,8087290000
bitshares,2014-07-24,0.010024,0.010288,0.009634,0.009923999999999999,61327.0,20045100
bytecoin-bcn,2014-07-24,3.1e-05,3.1e-05,2.9999999999999997e-05,2.9999999999999997e-05,2827.0,4905460
dash,2014-07-24,6.37,6.49,6.13,6.18,167948.0,28622700
dogecoin,2014-07-24,0.00022400000000000002,0.00022799999999999999,0.000215,0.000217,256883.0,19773500
litecoin,2014-07-24,8.47,8.5,7.79,7.79,3899860.0,258197000
monero,2014-07-24,2.92,2.97,2.28,2.36,292547.0,6717400
ripple,2014-07-24,0.006146,0.006184,0.005925,0.005929,263739.0,50717600
bitcoin,2014-07-25,601.51,607.07,597.23,601.09,12279500.0,7854660000
bitshares,2014-07-25,0.009923000000000001,0.009931,0.009156999999999998,0.009244,75918.0,19844100
bytecoin-bcn,2014-07-25,2.9999999999999997e-05,3.6e-05,2.4e-05,2.9999999999999997e-05,1931.0,4765710
dash,2014-07-25,6.18,6.22,6.02,6.07,234015.0,27805400
dogecoin,2014-07-25,0.000217,0.000221,0.00021099999999999998,0.000213,176119.0,19147200
litecoin,2014-07-25,7.78,7.99,7.48,7.55,3168960.0,237364000
monero,2014-07-25,2.37,2.71,2.31,2.71,182887.0,5500730
ripple,2014-07-25,0.005929,0.00609,0.005918,0.006043,153002.0,48929400
bitcoin,2014-07-26,601.54,602.09,593.96,595.81,10752900.0,7857510000
bitshares,2014-07-26,0.009216,0.009293000000000001,0.008831,0.009022,44231.0,18430000
bytecoin-bcn,2014-07-26,2.9999999999999997e-05,2.9999999999999997e-05,2.4e-05,2.4e-05,618.0,4757390
dash,2014-07-26,6.08,6.08,5.77,5.97,175004.0,27359100
dogecoin,2014-07-26,0.00021400000000000002,0.00021600000000000002,0.000207,0.00020800000000000001,169123.0,18876200
litecoin,2014-07-26,7.58,7.7,7.52,7.6,1317700.0,231364000
monero,2014-07-26,2.7,2.77,2.51,2.62,125320.0,6327920
ripple,2014-07-26,0.006057,0.006103,0.006031,0.0060409999999999995,146117.0,49984400
bitcoin,2014-07-27,595.67,598.94,593.43,593.85,7774230.0,7782830000
bitshares,2014-07-27,0.009027,0.009084,0.008140999999999999,0.0082,91449.0,18052700
bytecoin-bcn,2014-07-27,2.4e-05,2.9999999999999997e-05,2.4e-05,2.4e-05,329.0,3813420
dash,2014-07-27,5.97,5.97,5.71,5.83,175722.0,26902000
dogecoin,2014-07-27,0.00020800000000000001,0.00022,0.000206,0.000217,281078.0,18377200
litecoin,2014-07-27,7.61,7.81,7.56,7.75,1806430.0,232571000
monero,2014-07-27,2.62,2.65,2.45,2.55,111827.0,6211480
ripple,2014-07-27,0.006039,0.006058,0.005984000000000001,0.006021,99553.0,49836200
bitcoin,2014-07-28,594.14,594.57,575.18,585.69,19316400.0,7765040000
bitshares,2014-07-28,0.008158,0.008296,0.007306,0.007998,134367.0,16313300
bytecoin-bcn,2014-07-28,2.4e-05,2.9999999999999997e-05,2.3e-05,2.4e-05,655.0,3770510
dash,2014-07-28,5.83,5.87,5.17,5.17,405543.0,26303900
dogecoin,2014-07-28,0.000217,0.00022,0.000202,0.00020299999999999997,230995.0,19219600
litecoin,2014-07-28,7.76,7.81,7.46,7.59,1890990.0,237345000
monero,2014-07-28,2.55,2.7,2.42,2.7,141903.0,6102470
ripple,2014-07-28,0.006022,0.006161,0.006021,0.006157,159893.0,49695200
bitcoin,2014-07-29,585.55,588.38,581.7,584.73,11275400.0,7655040000
bitshares,2014-07-29,0.007889,0.008295,0.007531,0.008062999999999999,58718.0,15776500
bytecoin-bcn,2014-07-29,2.4e-05,2.8999999999999997e-05,2.3e-05,2.3e-05,2535.0,3761000
dash,2014-07-29,5.19,5.28,4.68,4.79,294949.0,23416800
dogecoin,2014-07-29,0.000204,0.000212,0.000202,0.00020899999999999998,185504.0,18012200
litecoin,2014-07-29,7.59,7.67,7.55,7.65,1088110.0,232399000
monero,2014-07-29,2.7,2.8,2.56,2.62,272756.0,6507970
ripple,2014-07-29,0.006157,0.0061600000000000005,0.006065999999999999,0.006065999999999999,123408.0,50811700
bitcoin,2014-07-30,584.74,585.12,564.9,567.29,14898800.0,7646630000
bitshares,2014-07-30,0.008129,0.009309999999999999,0.008059,0.008969,136156.0,16256700
bytecoin-bcn,2014-07-30,2.3e-05,2.7000000000000002e-05,2.3e-05,2.5e-05,5572.0,3701550
dash,2014-07-30,4.8,4.94,4.3,4.45,329136.0,21674000
dogecoin,2014-07-30,0.00020899999999999998,0.00021,0.000202,0.00020299999999999997,168166.0,18505300
litecoin,2014-07-30,7.65,7.66,7.26,7.26,1803280.0,234500000
monero,2014-07-30,2.62,2.63,2.5,2.54,79830.0,6374650
ripple,2014-07-30,0.006065,0.006083,0.00509,0.005097,474010.0,50051600
bitcoin,2014-07-31,567.37,586.24,564.51,586.24,22467900.0,7421870000
bitshares,2014-07-31,0.008971,0.010584,0.008417000000000001,0.0099,285239.0,17940500
bytecoin-bcn,2014-07-31,2.5e-05,2.5e-05,2e-05,2e-05,1229.0,3977150
dash,2014-07-31,4.46,5.61,4.39,5.57,387401.0,20134700
dogecoin,2014-07-31,0.000202,0.00021099999999999998,0.0002,0.00020899999999999998,189931.0,17895000
litecoin,2014-07-31,7.28,7.59,7.1,7.54,3047710.0,223429000
monero,2014-07-31,2.52,2.64,2.49,2.55,111065.0,6187770
ripple,2014-07-31,0.005104999999999999,0.005555,0.005072999999999999,0.005189,572621.0,42131800
bitcoin,2014-08-01,586.2,597.92,583.63,594.92,18215900.0,7670500000
bitshares,2014-08-01,0.009909999999999999,0.010225,0.009587,0.009587,136484.0,19817800
bytecoin-bcn,2014-08-01,2e-05,2.8000000000000003e-05,1.9e-05,2.4e-05,2175.0,3120220
dash,2014-08-01,5.55,5.81,5.22,5.64,252698.0,25079000
dogecoin,2014-08-01,0.00020899999999999998,0.00021400000000000002,0.000207,0.00021099999999999998,162768.0,18561500
litecoin,2014-08-01,7.54,7.78,7.45,7.7,1849420.0,231533000
monero,2014-08-01,2.57,2.67,2.49,2.67,145177.0,6361190
ripple,2014-08-01,0.005183,0.005369,0.005111,0.005369,393153.0,42771000
bitcoin,2014-08-02,594.9,594.91,586.15,589.33,8359080.0,7786620000
bitshares,2014-08-02,0.009565,0.010099,0.009189,0.009956,150361.0,19127400
bytecoin-bcn,2014-08-02,2.4e-05,2.6000000000000002e-05,2.1e-05,2.4e-05,1724.0,3783140
dash,2014-08-02,5.63,6.0,5.62,5.71,185190.0,25475400
dogecoin,2014-08-02,0.00021,0.000212,0.000207,0.000207,117204.0,18674500
litecoin,2014-08-02,7.71,7.72,7.58,7.63,1113910.0,237040000
monero,2014-08-02,2.67,2.73,2.5,2.5,101031.0,6665580
ripple,2014-08-02,0.005371,0.005522,0.00527,0.005294,220518.0,44323000
bitcoin,2014-08-03,588.89,589.15,581.65,586.67,9917990.0,7710420000
bitshares,2014-08-03,0.009935,0.009998,0.00932,0.009536,63112.0,19868500
bytecoin-bcn,2014-08-03,2.4e-05,2.4e-05,2.2e-05,2.3e-05,3149.0,3743580
dash,2014-08-03,5.7,6.13,5.58,5.8,280722.0,25819300
dogecoin,2014-08-03,0.00020899999999999998,0.00021,0.00020299999999999997,0.00020299999999999997,164862.0,18592800
litecoin,2014-08-03,7.63,7.64,7.53,7.54,777123.0,234826000
monero,2014-08-03,2.5,2.5,2.25,2.36,144327.0,6295750
ripple,2014-08-03,0.005263,0.005268999999999999,0.005176,0.005215,70579.0,43434700
bitcoin,2014-08-04,586.23,591.95,583.74,588.78,9867570.0,7677850000
bitshares,2014-08-04,0.009528,0.009714,0.009249,0.009394,47870.0,19053400
bytecoin-bcn,2014-08-04,2.3e-05,2.4e-05,1.9e-05,1.9e-05,7626.0,3731270
dash,2014-08-04,5.82,5.82,5.3,5.31,179607.0,26380600
dogecoin,2014-08-04,0.00020299999999999997,0.000207,0.000198,0.00020099999999999998,219934.0,18024800
litecoin,2014-08-04,7.54,10.97,7.38,7.41,1150700.0,232222000
monero,2014-08-04,2.36,37.78,1.99,2.01,234647.0,5992660
ripple,2014-08-04,0.005214,0.0052439999999999995,0.004763,0.004947999999999999,341765.0,43025900
bitcoin,2014-08-05,589.01,589.87,584.1,585.44,10790800.0,7716120000
bitshares,2014-08-05,0.009396,0.009728,0.009311,0.009577,38932.0,18790300
bytecoin-bcn,2014-08-05,1.9e-05,2e-05,1.7e-05,1.7e-05,706.0,3072880
dash,2014-08-05,5.31,5.47,5.2,5.41,107685.0,24053200
dogecoin,2014-08-05,0.00020099999999999998,0.00020299999999999997,0.00018600000000000002,0.00018899999999999999,254217.0,17888700
litecoin,2014-08-05,7.41,7.41,7.21,7.27,1400060.0,228499000
monero,2014-08-05,2.01,2.2,1.98,2.15,94391.0,5154370
ripple,2014-08-05,0.004947999999999999,0.005143,0.0049039999999999995,0.005104,256947.0,40836600
stellar,2014-08-05,0.0029760000000000003,0.003387,0.002349,0.00244,30316.0,772597
bitcoin,2014-08-06,585.95,587.49,583.1,584.65,14497900.0,7678040000
bitshares,2014-08-06,0.009584,0.009586,0.008898,0.008971999999999999,85163.0,19166600
bytecoin-bcn,2014-08-06,1.7e-05,2e-05,1.6e-05,1.8e-05,7420.0,2771680
dash,2014-08-06,5.39,5.89,5.39,5.77,211361.0,24444200
dogecoin,2014-08-06,0.00018899999999999999,0.000192,0.000177,0.000178,236519.0,16804900
litecoin,2014-08-06,7.26,7.28,7.14,7.18,1047680.0,224172000
monero,2014-08-06,2.2,2.28,2.13,2.19,76411.0,5698660
ripple,2014-08-06,0.005108,0.005261,0.005107,0.005256,203335.0,42151300
stellar,2014-08-06,0.002373,0.0034020000000000005,0.0022660000000000002,0.002657,35820.0,746554
bitcoin,2014-08-07,584.65,591.1,584.05,588.87,11131400.0,7663290000
bitshares,2014-08-07,0.008973,0.009332,0.008744,0.009014,44283.0,17943600
bytecoin-bcn,2014-08-07,1.8e-05,2.1e-05,1.7e-05,1.7e-05,1109.0,2794180
dash,2014-08-07,5.77,5.84,5.49,5.65,140303.0,26184200
dogecoin,2014-08-07,0.000178,0.000183,0.000165,0.000176,297579.0,15879500
litecoin,2014-08-07,7.19,7.21,6.85,7.18,3306010.0,222079000
monero,2014-08-07,2.19,2.24,2.1,2.14,88304.0,5713790
ripple,2014-08-07,0.005256,0.005357,0.005242,0.005343,221958.0,43379700
stellar,2014-08-07,0.002686,0.003042,0.002455,0.002501,142864.0,976942
bitcoin,2014-08-08,588.88,598.12,588.79,592.58,11072000.0,7721090000
bitshares,2014-08-08,0.009117,0.009306,0.008889,0.009054000000000001,76293.0,18232300
bytecoin-bcn,2014-08-08,1.7e-05,2.1e-05,1.7e-05,1.8e-05,1019.0,2729870
dash,2014-08-08,5.66,6.05,5.65,5.99,269415.0,25676800
dogecoin,2014-08-08,0.000175,0.000183,0.000169,0.00016999999999999999,209937.0,15630100
litecoin,2014-08-08,7.18,7.29,7.04,7.06,1710740.0,222194000
monero,2014-08-08,2.14,2.21,2.11,2.18,87502.0,5636120
ripple,2014-08-08,0.005343,0.005484,0.005343,0.005462,192304.0,44095600
stellar,2014-08-08,0.002493,0.003243,0.002493,0.002881,93708.0,1075820
bitcoin,2014-08-09,592.47,592.47,587.63,589.37,7922070.0,7770550000
bitshares,2014-08-09,0.009065,0.00907,0.008598999999999999,0.008911,90671.0,18127200
bytecoin-bcn,2014-08-09,1.8e-05,2.2e-05,1.2e-05,1.6e-05,2552.0,2835010
dash,2014-08-09,6.03,6.04,5.53,5.59,235890.0,27396600
dogecoin,2014-08-09,0.00016999999999999999,0.00016999999999999999,0.000166,0.000167,119359.0,15160200
litecoin,2014-08-09,7.06,7.07,6.9,6.94,2392250.0,218699000
monero,2014-08-09,2.17,2.18,2.08,2.1,72351.0,5760020
ripple,2014-08-09,0.005461,0.005471,0.00524,0.005242,325886.0,45065600
stellar,2014-08-09,0.002884,0.00371,0.002873,0.003481,233579.0,1261300
bitcoin,2014-08-10,589.17,594.46,587.94,591.06,7555310.0,7730000000
bitshares,2014-08-10,0.008908,0.009161,0.008817,0.009161,22719.0,17813000
bytecoin-bcn,2014-08-10,1.6e-05,1.8e-05,1.2e-05,1.3000000000000001e-05,632.0,2618310
dash,2014-08-10,5.6,5.86,5.39,5.72,218033.0,25451100
dogecoin,2014-08-10,0.000167,0.00016999999999999999,0.000156,0.00016,148141.0,14944200
litecoin,2014-08-10,6.95,7.01,6.92,6.95,883892.0,215445000
monero,2014-08-10,2.05,2.12,1.99,2.06,80847.0,5482750
ripple,2014-08-10,0.005241,0.005242,0.004972,0.004975,250863.0,43256000
stellar,2014-08-10,0.0034969999999999997,0.00762,0.003363,0.004303,352737.0,1652770
bitcoin,2014-08-11,591.28,591.51,574.05,576.37,14764200.0,7760290000
bitshares,2014-08-11,0.009162,0.009216,0.008743,0.008751,63218.0,18321700
bytecoin-bcn,2014-08-11,1.3000000000000001e-05,2e-05,1.2e-05,1.2e-05,899.0,2112540
dash,2014-08-11,5.72,5.74,5.05,5.08,223309.0,26027300
dogecoin,2014-08-11,0.00016,0.000166,0.000143,0.000144,206929.0,14275300
litecoin,2014-08-11,6.96,6.96,5.95,6.06,5822370.0,215948000
monero,2014-08-11,2.04,2.17,1.93,2.08,132234.0,5505760
ripple,2014-08-11,0.004975,0.005220000000000001,0.004944,0.005214,272387.0,41056900
stellar,2014-08-11,0.004566,0.005065,0.0035909999999999996,0.0035909999999999996,479942.0,2351620
bitcoin,2014-08-12,576.51,576.95,566.6,569.64,13978200.0,7569070000
bitshares,2014-08-12,0.008748,0.00886,0.008369,0.008592,77488.0,17493300
bytecoin-bcn,2014-08-12,1.2e-05,1.7e-05,1.1e-05,1.6e-05,15690.0,1935790
dash,2014-08-12,5.07,5.15,4.91,5.02,94300.0,23097300
dogecoin,2014-08-12,0.000144,0.000149,0.00013700000000000002,0.000149,193328.0,12922400
litecoin,2014-08-12,6.06,6.06,5.46,5.65,5792680.0,188186000
monero,2014-08-12,2.08,2.1,1.97,2.0,114580.0,5649600
ripple,2014-08-12,0.005213000000000001,0.005215,0.005024,0.005044,289977.0,43019200
stellar,2014-08-12,0.003592,0.003679,0.002503,0.002659,345441.0,2274180
bitcoin,2014-08-13,570.38,573.03,532.67,546.66,25777500.0,7490990000
bitshares,2014-08-13,0.008598999999999999,0.008743,0.008199,0.008584,51403.0,17196100
bytecoin-bcn,2014-08-13,1.6e-05,2.1e-05,1.1e-05,1.7e-05,1735.0,2529190
dash,2014-08-13,5.02,5.09,4.34,4.86,287212.0,22864000
dogecoin,2014-08-13,0.000148,0.000151,0.000136,0.00014199999999999998,190644.0,13256300
litecoin,2014-08-13,5.65,5.74,4.84,5.04,7394390.0,175699000
monero,2014-08-13,2.0,2.04,1.83,1.9,89506.0,5465790
ripple,2014-08-13,0.005045,0.005046,0.004933,0.0049700000000000005,291148.0,41634600
stellar,2014-08-13,0.0026190000000000002,0.003215,0.00257,0.002773,256302.0,2237580
bitcoin,2014-08-14,546.18,546.24,498.73,505.97,35803900.0,7175190000
bitshares,2014-08-14,0.008579999999999999,0.008582,0.007776000000000001,0.008281,85846.0,17157600
bytecoin-bcn,2014-08-14,1.7e-05,2.4e-05,1.4999999999999999e-05,2.1e-05,5393.0,2648230
dash,2014-08-14,4.87,4.91,3.87,4.06,197663.0,22211800
dogecoin,2014-08-14,0.00014199999999999998,0.000148,0.000138,0.000146,174715.0,12738600
litecoin,2014-08-14,5.04,5.24,4.82,5.04,4880800.0,156935000
monero,2014-08-14,1.91,1.92,1.69,1.76,99815.0,5280750
ripple,2014-08-14,0.0049689999999999995,0.005293,0.004947999999999999,0.005227000000000001,665506.0,41006000
stellar,2014-08-14,0.002763,0.00285,0.002482,0.0025399999999999997,169177.0,2580570
bitcoin,2014-08-15,511.14,518.18,487.93,497.01,25598300.0,6717150000
bitshares,2014-08-15,0.008331,0.008931,0.008265999999999999,0.008782,62625.0,16660100
bytecoin-bcn,2014-08-15,2.1e-05,2.5e-05,2e-05,2.3e-05,5821.0,3342750
dash,2014-08-15,4.09,4.41,3.41,3.64,276892.0,18640900
dogecoin,2014-08-15,0.000146,0.000147,0.000117,0.00011999999999999999,349005.0,13060800
litecoin,2014-08-15,5.06,5.21,4.97,5.05,1986680.0,157557000
monero,2014-08-15,1.78,1.8,1.52,1.59,182760.0,4932750
ripple,2014-08-15,0.005248,0.005446,0.005248,0.00541,300831.0,43311100
stellar,2014-08-15,0.002566,0.0026100000000000003,0.002357,0.002403,135243.0,2513090
bitcoin,2014-08-16,497.83,521.48,487.74,519.71,22832500.0,6544250000
bitshares,2014-08-16,0.008790000000000001,0.010984,0.00872,0.01094,266280.0,17579000
bytecoin-bcn,2014-08-16,2.3e-05,2.7000000000000002e-05,2e-05,2.6000000000000002e-05,3894.0,3633970
dash,2014-08-16,3.64,3.64,2.92,2.92,296592.0,16619900
dogecoin,2014-08-16,0.000121,0.000135,0.00011599999999999999,0.000135,204077.0,10825800
litecoin,2014-08-16,5.05,5.06,4.92,4.98,1776270.0,157337000
monero,2014-08-16,1.59,1.61,1.49,1.6,82703.0,4413540
ripple,2014-08-16,0.005412,0.00548,0.005327,0.005418,94314.0,44662900
stellar,2014-08-16,0.0024010000000000004,0.002532,0.002231,0.002525,116834.0,2429190
bitcoin,2014-08-17,519.14,520.19,483.63,491.8,24300900.0,6826520000
bitshares,2014-08-17,0.011,0.011,0.009978,0.010505,197538.0,21996700
bytecoin-bcn,2014-08-17,2.6000000000000002e-05,2.6000000000000002e-05,1.6e-05,1.7e-05,3676.0,4127750
dash,2014-08-17,2.94,3.04,2.2,2.36,370021.0,13439000
dogecoin,2014-08-17,0.000135,0.00013700000000000002,0.000123,0.000126,157417.0,12110700
litecoin,2014-08-17,4.97,5.0,4.27,4.33,3669990.0,155117000
monero,2014-08-17,1.6,1.65,1.42,1.46,72244.0,4447240
ripple,2014-08-17,0.005411,0.005414,0.005137,0.005177,118160.0,44654700
stellar,2014-08-17,0.002508,0.002545,0.002299,0.002337,61889.0,2576620
bitcoin,2014-08-18,491.51,499.37,443.85,461.46,50783800.0,6465210000
bitshares,2014-08-18,0.010493,0.010567,0.009399,0.010131,180548.0,20984200
bytecoin-bcn,2014-08-18,1.7e-05,2e-05,1.4000000000000001e-05,1.8e-05,2381.0,2685790
dash,2014-08-18,2.36,2.49,1.37,1.54,699964.0,10783300
dogecoin,2014-08-18,0.000126,0.000128,0.000103,0.00010700000000000001,233498.0,11329800
litecoin,2014-08-18,4.35,4.41,3.58,3.71,7745910.0,135740000
monero,2014-08-18,1.47,1.65,1.34,1.45,108222.0,4074930
ripple,2014-08-18,0.005179,0.005213000000000001,0.004947999999999999,0.004979,495720.0,42740400
stellar,2014-08-18,0.002336,0.002368,0.001928,0.002025,104237.0,2421500
bitcoin,2014-08-19,461.48,485.71,455.54,485.25,38422400.0,6072520000
bitshares,2014-08-19,0.01013,0.010883,0.009796,0.010819,157043.0,20258300
bytecoin-bcn,2014-08-19,1.8e-05,1.9e-05,1.8e-05,1.8e-05,6566.0,2848380
dash,2014-08-19,1.55,3.32,1.44,3.32,674022.0,7077960
dogecoin,2014-08-19,0.00010700000000000001,0.000117,0.000105,0.00011399999999999999,194961.0,9621110
litecoin,2014-08-19,3.71,4.76,3.65,4.67,8650900.0,116072000
monero,2014-08-19,1.45,1.65,1.39,1.65,98273.0,4013520
ripple,2014-08-19,0.004979,0.00507,0.004927,0.005051,176197.0,41089200
stellar,2014-08-19,0.0020280000000000003,0.002224,0.001998,0.002224,66941.0,2114990
bitcoin,2014-08-20,485.07,518.28,467.51,511.98,46527600.0,6385230000
bitshares,2014-08-20,0.010784,0.015203999999999999,0.010673,0.015203999999999999,501478.0,21566200
bytecoin-bcn,2014-08-20,1.8e-05,2e-05,1.6e-05,1.6e-05,2696.0,2944160
dash,2014-08-20,3.36,3.91,3.18,3.81,722557.0,15377700
dogecoin,2014-08-20,0.00011399999999999999,0.000132,0.00011399999999999999,0.00013000000000000002,260171.0,10298100
litecoin,2014-08-20,4.72,5.69,4.4,5.45,10691200.0,147518000
monero,2014-08-20,1.66,1.96,1.61,1.83,286655.0,4795780
ripple,2014-08-20,0.00505,0.005308,0.0049689999999999995,0.005265,190557.0,41673800
stellar,2014-08-20,0.002223,0.0025210000000000002,0.002221,0.002496,96584.0,2318890
bitcoin,2014-08-21,510.45,531.9,510.45,517.24,49444200.0,6721410000
bitshares,2014-08-21,0.014977,0.022391,0.014306999999999999,0.020439,1180700.0,29952200
bytecoin-bcn,2014-08-21,1.6e-05,2.3e-05,1.6e-05,2.3e-05,1763.0,2549710
dash,2014-08-21,3.8,3.89,3.37,3.38,241925.0,17412100
dogecoin,2014-08-21,0.000131,0.00014,0.000128,0.000132,273433.0,11816100
litecoin,2014-08-21,5.46,6.13,5.46,5.8,10657900.0,171088000
monero,2014-08-21,1.84,1.9,1.78,1.82,141302.0,5337170
ripple,2014-08-21,0.005255,0.0053100000000000005,0.005116,0.005117,152905.0,43370700
stellar,2014-08-21,0.0024879999999999998,0.002624,0.002329,0.0023899999999999998,76029.0,2595540
bitcoin,2014-08-22,517.58,521.48,501.27,514.04,36563900.0,6817460000
bitshares,2014-08-22,0.020415,0.030639999999999997,0.018172999999999998,0.028725,2466200.0,40829900
bytecoin-bcn,2014-08-22,2.3e-05,2.9999999999999997e-05,1.7e-05,2.7000000000000002e-05,13695.0,3658120
dash,2014-08-22,3.37,3.42,2.81,3.17,286798.0,15430600
dogecoin,2014-08-22,0.000132,0.000132,0.00011999999999999999,0.000125,206936.0,11916900
litecoin,2014-08-22,5.8,5.81,5.01,5.25,6563270.0,181670000
monero,2014-08-22,1.82,1.9,1.75,1.78,118268.0,5331550
ripple,2014-08-22,0.005115,0.005115,0.004985,0.005095000000000001,169540.0,42208200
stellar,2014-08-22,0.002392,0.002408,0.0022719999999999997,0.002355,50589.0,2495560
bitcoin,2014-08-23,513.39,514.3,492.11,498.07,25171900.0,6764340000
bitshares,2014-08-23,0.028133999999999996,0.029302999999999996,0.023292,0.024942,942424.0,56266800
bytecoin-bcn,2014-08-23,2.7000000000000002e-05,2.8999999999999997e-05,2e-05,2.3e-05,4583.0,4271750
dash,2014-08-23,3.17,3.31,2.98,2.99,132039.0,14503600
dogecoin,2014-08-23,0.000125,0.000126,0.00011899999999999999,0.00011999999999999999,121028.0,11266000
litecoin,2014-08-23,5.24,5.25,4.72,4.9,4216910.0,164240000
monero,2014-08-23,1.78,1.86,1.73,1.81,81316.0,5236920
ripple,2014-08-23,0.005093,0.005099,0.004992,0.005016,104190.0,42028300
stellar,2014-08-23,0.002358,0.002388,0.002222,0.0022370000000000003,43776.0,2460170
bitcoin,2014-08-24,498.29,512.89,497.35,508.29,19441700.0,6567300000
bitshares,2014-08-24,0.024875,0.030368,0.023992,0.030368,863625.0,49748500
bytecoin-bcn,2014-08-24,2.3e-05,2.4e-05,2.1e-05,2.1e-05,46.0,3771490
dash,2014-08-24,2.99,3.13,2.98,3.09,64140.0,13697900
dogecoin,2014-08-24,0.00011999999999999999,0.000126,0.00011999999999999999,0.000126,112592.0,10883800
litecoin,2014-08-24,4.89,5.62,4.87,5.45,7834340.0,153696000
monero,2014-08-24,1.81,1.97,1.81,1.95,113086.0,5377400
ripple,2014-08-24,0.005017,0.005173,0.0050149999999999995,0.005154,83678.0,41405200
stellar,2014-08-24,0.0022370000000000003,0.002293,0.0022010000000000003,0.002232,37470.0,2333070
bitcoin,2014-08-25,508.22,508.22,499.23,502.5,18356700.0,6700090000
bitshares,2014-08-25,0.030864,0.047907,0.030552,0.046714,4020070.0,61726500
bytecoin-bcn,2014-08-25,2.1e-05,2.5e-05,2.1e-05,2.3e-05,1373.0,3417650
dash,2014-08-25,3.09,3.09,2.67,2.68,133764.0,14164300
dogecoin,2014-08-25,0.000126,0.000126,0.00011200000000000001,0.000113,366814.0,11431400
litecoin,2014-08-25,5.4,5.43,5.12,5.21,3771750.0,169653000
monero,2014-08-25,1.95,2.08,1.89,2.05,179315.0,5843100
ripple,2014-08-25,0.0051530000000000005,0.005171,0.00494,0.004974,291023.0,42524700
stellar,2014-08-25,0.002236,0.002242,0.002175,0.002221,38512.0,2332310
bitcoin,2014-08-26,502.54,512.69,502.54,511.57,23235100.0,6626970000
bitshares,2014-08-26,0.046803,0.056590999999999995,0.033366,0.038863999999999996,4565800.0,93603800
bytecoin-bcn,2014-08-26,2.3e-05,2.5e-05,2.1e-05,2.1e-05,4730.0,3770280
dash,2014-08-26,2.69,2.88,2.57,2.72,157503.0,12326200
dogecoin,2014-08-26,0.000113,0.000178,0.00011100000000000001,0.000145,1430870.0,10200200
litecoin,2014-08-26,5.2,5.59,5.2,5.54,4855760.0,163703000
monero,2014-08-26,2.09,2.1,1.9,2.01,191411.0,6291750
ripple,2014-08-26,0.004974,0.004974,0.004794,0.004837,455688.0,41046500
stellar,2014-08-26,0.002221,0.002338,0.002221,0.002315,99823.0,2316850
bitcoin,2014-08-27,512.19,520.71,510.92,511.15,22648500.0,6756340000
bitshares,2014-08-27,0.038405,0.039928,0.032976,0.03784,1375400.0,76809900
bytecoin-bcn,2014-08-27,2.1e-05,2.5e-05,2.1e-05,2.3e-05,4623.0,3432850
dash,2014-08-27,2.72,2.72,2.18,2.29,328963.0,12514400
dogecoin,2014-08-27,0.000144,0.000151,0.000138,0.000139,317321.0,13099600
litecoin,2014-08-27,5.55,5.82,5.31,5.39,6557750.0,174764000
monero,2014-08-27,2.01,2.04,1.94,2.01,125364.0,6098760
ripple,2014-08-27,0.004838,0.005023,0.004829,0.0050149999999999995,167374.0,140243000
stellar,2014-08-27,0.002281,0.002328,0.002268,0.002273,60132.0,2379110
bitcoin,2014-08-28,510.88,516.16,506.88,507.81,19862000.0,6741320000
bitshares,2014-08-28,0.03968,0.039851,0.029916,0.030747000000000003,1403300.0,79359100
bytecoin-bcn,2014-08-28,2.3e-05,2.3e-05,2.1e-05,2.1e-05,2264.0,3736180
dash,2014-08-28,2.29,2.55,2.15,2.37,158460.0,10516400
dogecoin,2014-08-28,0.000139,0.00014199999999999998,0.000129,0.000131,188059.0,12645200
litecoin,2014-08-28,5.39,5.46,5.14,5.28,3621080.0,169957000
monero,2014-08-28,2.0,2.24,2.0,2.21,246829.0,6110120
ripple,2014-08-28,0.005019,0.005161,0.004961,0.005062,365820.0,145504000
stellar,2014-08-28,0.00227,0.002316,0.002109,0.00218,90044.0,2368000
bitcoin,2014-08-29,508.43,511.69,503.82,508.52,17624800.0,6711080000
bitshares,2014-08-29,0.030994,0.031545,0.021188,0.026225,1868650.0,61987600
bytecoin-bcn,2014-08-29,2.1e-05,2.3e-05,1.8e-05,1.9e-05,9769.0,3322730
dash,2014-08-29,2.38,2.59,2.36,2.55,148519.0,10944500
dogecoin,2014-08-29,0.000132,0.000133,0.000126,0.000129,136449.0,11988700
litecoin,2014-08-29,5.29,5.39,5.18,5.36,2455120.0,166992000
monero,2014-08-29,2.18,2.28,2.14,2.21,219724.0,6708610
ripple,2014-08-29,0.005064,0.005079,0.0049380000000000005,0.005017,169548.0,146794000
stellar,2014-08-29,0.002184,0.002257,0.002164,0.002211,43049.0,2278590
bitcoin,2014-08-30,508.59,509.31,501.64,504.25,9424070.0,6715420000
bitshares,2014-08-30,0.026180000000000002,0.032947000000000004,0.02373,0.031437,1464530.0,52359400
bytecoin-bcn,2014-08-30,1.9e-05,1.9e-05,1.8e-05,1.8e-05,958.0,3023300
dash,2014-08-30,2.55,2.6,2.35,2.43,85691.0,11735400
dogecoin,2014-08-30,0.000129,0.000135,0.000128,0.000135,131446.0,11752600
litecoin,2014-08-30,5.36,5.42,5.17,5.23,2227060.0,169080000
monero,2014-08-30,2.21,2.49,2.19,2.44,270668.0,6832530
ripple,2014-08-30,0.005017,0.005044,0.004952000000000001,0.004961,136957.0,145432000
stellar,2014-08-30,0.002218,0.00224,0.002186,0.002195,39116.0,2314020
bitcoin,2014-08-31,502.9,504.88,474.81,477.76,44632300.0,6642630000
bitshares,2014-08-31,0.031468,0.034842000000000005,0.028165,0.030268,1609340.0,62935800
bytecoin-bcn,2014-08-31,1.8e-05,2e-05,1.6e-05,1.6e-05,4507.0,2829310
dash,2014-08-31,2.44,2.47,2.22,2.41,112735.0,11238900
dogecoin,2014-08-31,0.000135,0.000147,0.000129,0.000131,291765.0,12315600
litecoin,2014-08-31,5.21,5.23,4.82,4.86,6174680.0,164491000
monero,2014-08-31,2.43,2.56,2.1,2.17,308396.0,7577360
ripple,2014-08-31,0.004958,0.00498,0.004869,0.004887,113365.0,143729000
stellar,2014-08-31,0.0021899999999999997,0.002215,0.002048,0.002061,22844.0,2284040
bitcoin,2014-09-01,477.79,485.31,471.91,474.88,20432000.0,6313120000
bitshares,2014-09-01,0.030233,0.031152999999999997,0.026929,0.028243,872095.0,60465800
bytecoin-bcn,2014-09-01,1.6e-05,2e-05,1.6e-05,1.7e-05,1135.0,2607540
dash,2014-09-01,2.4,2.42,2.27,2.27,73377.0,11072200
dogecoin,2014-09-01,0.000131,0.000133,0.000127,0.000131,132860.0,11934900
litecoin,2014-09-01,4.86,4.96,4.71,4.71,2185090.0,153547000
monero,2014-09-01,2.17,2.28,1.97,2.04,268279.0,6827450
ripple,2014-09-01,0.004886,0.005047,0.0048850000000000005,0.005025,267095.0,141641000
stellar,2014-09-01,0.002061,0.002098,0.001999,0.00201,27975.0,2149450
bitcoin,2014-09-02,474.48,482.99,472.32,477.43,23337900.0,6270970000
bitshares,2014-09-02,0.028436000000000003,0.029454,0.026704000000000002,0.027696,360456.0,56871800
bytecoin-bcn,2014-09-02,1.7e-05,1.9e-05,1.6e-05,1.8e-05,703.0,2767750
dash,2014-09-02,2.27,2.36,2.26,2.32,52918.0,10450100
dogecoin,2014-09-02,0.00013000000000000002,0.000134,0.000128,0.000132,129321.0,11843900
litecoin,2014-09-02,4.71,4.89,4.64,4.82,3392930.0,149094000
monero,2014-09-02,2.05,2.07,1.89,1.96,218797.0,6464120
ripple,2014-09-02,0.005024,0.005053,0.004637,0.004640999999999999,230315.0,145650000
stellar,2014-09-02,0.002008,0.002034,0.001984,0.001999,23793.0,2094120
bitcoin,2014-09-03,476.87,481.71,476.21,477.59,13342200.0,6304370000
bitshares,2014-09-03,0.027862,0.034303,0.027862,0.03259,1037950.0,55724400
bytecoin-bcn,2014-09-03,1.8e-05,1.9e-05,1.6e-05,1.7e-05,3870.0,2865620
dash,2014-09-03,2.32,2.78,2.3,2.64,173985.0,10716400
dogecoin,2014-09-03,0.000132,0.00014,0.000132,0.00014,149367.0,12044400
litecoin,2014-09-03,4.82,4.92,4.77,4.87,1452640.0,152710000
monero,2014-09-03,1.95,2.09,1.9,2.03,153437.0,6205680
ripple,2014-09-03,0.004646,0.004873,0.004632,0.004776,193017.0,134674000
stellar,2014-09-03,0.001998,0.002101,0.001994,0.002059,36081.0,2084530
bitcoin,2014-09-04,477.68,493.93,477.09,489.66,26081400.0,6317100000
bitshares,2014-09-04,0.032618,0.034857,0.03102,0.031402,1023930.0,65235400
bytecoin-bcn,2014-09-04,1.6e-05,2.2e-05,1.6e-05,1.8e-05,13517.0,2659540
dash,2014-09-04,2.66,3.4,2.6,3.08,393252.0,12295500
dogecoin,2014-09-04,0.00014,0.000168,0.000139,0.000157,573631.0,12803600
litecoin,2014-09-04,4.87,5.29,4.86,5.18,3630100.0,154428000
monero,2014-09-04,2.03,2.16,1.88,2.05,186620.0,6507160
ripple,2014-09-04,0.004776,0.004818,0.004768,0.004804999999999999,124814.0,138453000
stellar,2014-09-04,0.002059,0.002177,0.002041,0.00213,58031.0,2296730
bitcoin,2014-09-05,489.67,490.64,481.61,483.34,15302500.0,6477530000
bitshares,2014-09-05,0.031063999999999998,0.032839,0.030455,0.032433,385088.0,62127500
bytecoin-bcn,2014-09-05,1.9e-05,1.9e-05,1.6e-05,1.8e-05,3794.0,3092540
dash,2014-09-05,3.09,3.09,2.68,2.84,241196.0,14256300
dogecoin,2014-09-05,0.000157,0.000169,0.000151,0.00016299999999999998,507241.0,14348100
litecoin,2014-09-05,5.17,5.21,4.96,4.96,1855340.0,164151000
monero,2014-09-05,2.05,2.11,1.86,1.98,168193.0,6595670
ripple,2014-09-05,0.004804999999999999,0.004883,0.004789,0.004874,119145.0,139285000
stellar,2014-09-05,0.00213,0.002134,0.00207,0.002082,26119.0,2386010
bitcoin,2014-09-06,483.34,488.6,483.0,484.83,10601400.0,6395630000
bitshares,2014-09-06,0.032436,0.033675,0.031502999999999996,0.032635000000000004,619410.0,64871100
bytecoin-bcn,2014-09-06,1.8e-05,1.9e-05,1.7e-05,1.8e-05,3216.0,2854060
dash,2014-09-06,2.84,3.21,2.79,2.98,221277.0,13110700
dogecoin,2014-09-06,0.000165,0.000213,0.000164,0.00021099999999999998,1616910.0,15112100
litecoin,2014-09-06,4.97,5.07,4.95,4.98,1604380.0,158040000
monero,2014-09-06,1.98,2.0,1.9,1.95,120274.0,6411200
ripple,2014-09-06,0.004874,0.004877,0.004795000000000001,0.004795000000000001,65745.0,141297000
stellar,2014-09-06,0.002082,0.002107,0.002058,0.002081,31676.0,2342120
bitcoin,2014-09-07,485.13,488.07,482.28,482.28,8994050.0,6421460000
bitshares,2014-09-07,0.032757999999999995,0.032795,0.031806,0.03267,266494.0,65514900
bytecoin-bcn,2014-09-07,1.8e-05,1.8e-05,1.4999999999999999e-05,1.8e-05,1913.0,2979410
dash,2014-09-07,2.98,3.09,2.9,2.9,70704.0,13777400
dogecoin,2014-09-07,0.00021,0.000217,0.000184,0.000188,800009.0,19248200
litecoin,2014-09-07,4.99,5.2,4.98,5.16,2465670.0,158564000
monero,2014-09-07,1.94,1.97,1.84,1.88,151671.0,6324720
ripple,2014-09-07,0.004796,0.0048130000000000004,0.004704,0.004704,87858.0,139021000
stellar,2014-09-07,0.00206,0.002114,0.0020239999999999998,0.0020440000000000002,34744.0,2328500
bitcoin,2014-09-08,481.81,489.83,468.79,474.6,30238000.0,6379410000
bitshares,2014-09-08,0.032662000000000004,0.039456,0.032617,0.038584,1432860.0,65323900
bytecoin-bcn,2014-09-08,1.7e-05,1.8e-05,1.6e-05,1.8e-05,3499.0,2786110
dash,2014-09-08,2.9,2.95,2.74,2.78,89576.0,13432500
dogecoin,2014-09-08,0.000188,0.00018899999999999999,0.000165,0.000175,726929.0,17230500
litecoin,2014-09-08,5.16,5.19,4.98,5.1,3382240.0,164063000
monero,2014-09-08,1.88,1.92,1.79,1.87,158829.0,6166130
ripple,2014-09-08,0.0047020000000000005,0.00475,0.004672,0.004711,108080.0,136309000
stellar,2014-09-08,0.002042,0.002313,0.002026,0.002257,105569.0,2319720
bitcoin,2014-09-09,474.88,477.38,467.78,475.26,21447800.0,6289350000
bitshares,2014-09-09,0.038551999999999996,0.041818,0.036936000000000004,0.037150999999999997,1356040.0,77104300
bytecoin-bcn,2014-09-09,1.8e-05,1.9e-05,1.6e-05,1.8e-05,3567.0,2845270
dash,2014-09-09,2.78,2.93,2.73,2.91,58552.0,12872700
dogecoin,2014-09-09,0.000176,0.000195,0.000172,0.000195,619240.0,16174100
litecoin,2014-09-09,5.09,5.11,4.98,5.07,2241750.0,162200000
monero,2014-09-09,1.88,1.89,1.75,1.77,129058.0,6200410
ripple,2014-09-09,0.00471,0.004725,0.004675,0.004719,181677.0,136548000
stellar,2014-09-09,0.0022649999999999997,0.0022719999999999997,0.002069,0.0021780000000000002,51289.0,2586270
bitcoin,2014-09-10,475.48,487.47,475.14,479.36,22787800.0,6299070000
bitshares,2014-09-10,0.037061000000000004,0.040865,0.036295,0.040865,908080.0,74122700
bytecoin-bcn,2014-09-10,1.8e-05,1.9e-05,1.7e-05,1.7e-05,4707.0,2836530
dash,2014-09-10,2.91,2.95,2.82,2.82,61808.0,13508300
dogecoin,2014-09-10,0.000194,0.000196,0.000184,0.00018600000000000002,486354.0,17836500
litecoin,2014-09-10,5.06,5.41,5.04,5.34,4708510.0,161334000
monero,2014-09-10,1.77,2.08,1.76,1.97,280005.0,5876080
ripple,2014-09-10,0.004722,0.004765999999999999,0.004722,0.00475,161440.0,136890000
stellar,2014-09-10,0.002179,0.002315,0.002179,0.002278,59878.0,2501190
bitcoin,2014-09-11,479.62,482.35,474.61,479.75,16852900.0,6355700000
bitshares,2014-09-11,0.040264,0.040732,0.038057,0.039063,908739.0,80527700
bytecoin-bcn,2014-09-11,1.9e-05,1.9e-05,1.7e-05,1.7e-05,4560.0,3018290
dash,2014-09-11,2.82,2.87,2.77,2.8,39876.0,13101500
dogecoin,2014-09-11,0.00018700000000000002,0.00020800000000000001,0.000185,0.000204,686773.0,17150200
litecoin,2014-09-11,5.34,5.53,5.3,5.45,4135310.0,170316000
monero,2014-09-11,1.97,2.07,1.92,1.94,173065.0,6583810
ripple,2014-09-11,0.004751,0.004778,0.0047350000000000005,0.004749000000000001,105518.0,137732000
stellar,2014-09-11,0.0022440000000000003,0.0026190000000000002,0.002227,0.002501,113300.0,2590280
bitcoin,2014-09-12,479.58,479.63,473.01,477.75,15437200.0,6357290000
bitshares,2014-09-12,0.039218,0.039758,0.038296,0.038572,456189.0,78435400
bytecoin-bcn,2014-09-12,1.7e-05,1.9e-05,1.7e-05,1.8e-05,5229.0,2788590
dash,2014-09-12,2.81,2.85,2.73,2.85,64957.0,13041200
dogecoin,2014-09-12,0.00020299999999999997,0.000206,0.000195,0.000205,506222.0,18631900
litecoin,2014-09-12,5.46,5.46,5.31,5.38,2226060.0,174463000
monero,2014-09-12,1.94,2.0,1.82,1.88,166282.0,6544780
ripple,2014-09-12,0.004746,0.0047469999999999995,0.004668,0.004713,195038.0,137595000
stellar,2014-09-12,0.0025,0.00315,0.002495,0.002968,117052.0,2902440
bitcoin,2014-09-13,477.79,482.12,475.1,479.0,15588000.0,6335400000
bitshares,2014-09-13,0.038572,0.039678,0.03655,0.037656,704233.0,77143400
bytecoin-bcn,2014-09-13,1.8e-05,1.9e-05,1.7e-05,1.7e-05,5952.0,2855480
dash,2014-09-13,2.85,2.89,2.77,2.87,85324.0,13233400
dogecoin,2014-09-13,0.000205,0.000267,0.00020299999999999997,0.000267,1435840.0,18881500
litecoin,2014-09-13,5.39,5.49,5.33,5.45,2376730.0,172425000
monero,2014-09-13,1.88,1.89,1.79,1.85,156820.0,6365210
ripple,2014-09-13,0.0047079999999999995,0.004737,0.004678,0.004706,131835.0,136491000
stellar,2014-09-13,0.003032,0.003198,0.002945,0.003094,111452.0,3539410
bitcoin,2014-09-14,479.12,479.85,476.12,477.89,13105500.0,6355140000
bitshares,2014-09-14,0.037429000000000004,0.039481999999999996,0.035177,0.036723,886013.0,74852800
bytecoin-bcn,2014-09-14,1.7e-05,1.8e-05,1.7e-05,1.7e-05,3803.0,2775040
dash,2014-09-14,2.88,2.91,2.77,2.8,93526.0,13379600
dogecoin,2014-09-14,0.000267,0.000436,0.00025499999999999996,0.00034500000000000004,6677130.0,24560400
litecoin,2014-09-14,5.45,5.48,5.39,5.4,2082360.0,174338000
monero,2014-09-14,1.85,1.89,1.79,1.82,123269.0,6308010
ripple,2014-09-14,0.004706,0.005758,0.004699,0.005136,983382.0,136427000
stellar,2014-09-14,0.0030960000000000002,0.0031320000000000002,0.002675,0.002943,113315.0,3635190
bitcoin,2014-09-15,477.76,478.62,474.02,475.37,15345200.0,6339090000
bitshares,2014-09-15,0.036889,0.037562,0.032422,0.033437,891488.0,73774500
bytecoin-bcn,2014-09-15,1.7e-05,1.8e-05,1.7e-05,1.7e-05,6129.0,2698560
dash,2014-09-15,2.8,3.37,2.77,3.07,288266.0,13008200
dogecoin,2014-09-15,0.00033999999999999997,0.000356,0.000309,0.00032599999999999996,3401030.0,31305100
litecoin,2014-09-15,5.4,5.42,5.15,5.18,3140670.0,173095000
monero,2014-09-15,1.82,1.91,1.81,1.9,132403.0,6241990
ripple,2014-09-15,0.0051270000000000005,0.0052450000000000005,0.00502,0.00505,319290.0,148637000
stellar,2014-09-15,0.002874,0.003107,0.0026920000000000004,0.002896,72903.0,3394810
bitcoin,2014-09-16,474.86,475.64,465.13,466.06,16797300.0,6302440000
bitshares,2014-09-16,0.03343,0.037538999999999996,0.032428,0.034058,1019800.0,66856100
bytecoin-bcn,2014-09-16,1.7e-05,1.8e-05,1.6e-05,1.7e-05,1653.0,2798430
dash,2014-09-16,3.09,3.36,3.04,3.33,130826.0,14358700
dogecoin,2014-09-16,0.00032599999999999996,0.00032900000000000003,0.000291,0.000294,1321120.0,30037200
litecoin,2014-09-16,5.17,5.17,5.05,5.07,2227620.0,165726000
monero,2014-09-16,1.9,1.91,1.83,1.84,149855.0,6557510
ripple,2014-09-16,0.005072,0.0053289999999999995,0.00498,0.005124,590507.0,147034000
stellar,2014-09-16,0.003031,0.003058,0.002816,0.00299,86555.0,3600720
bitcoin,2014-09-17,465.86,468.17,452.42,457.33,21056800.0,6185010000
bitshares,2014-09-17,0.034049,0.03494,0.030774,0.031356,708696.0,68093000
bytecoin-bcn,2014-09-17,1.7e-05,1.7e-05,1.6e-05,1.6e-05,4201.0,2758840
dash,2014-09-17,3.33,3.88,3.3,3.75,574556.0,15496100
dogecoin,2014-09-17,0.000293,0.000299,0.00026000000000000003,0.000268,1463600.0,27027000
litecoin,2014-09-17,5.09,5.17,4.97,5.06,3071840.0,163239000
monero,2014-09-17,1.84,1.9,1.65,1.77,291633.0,6389740
ripple,2014-09-17,0.005123,0.005803,0.005123,0.005399,1281960.0,148498000
stellar,2014-09-17,0.0029879999999999998,0.003128,0.002928,0.003072,118073.0,3568360
bitcoin,2014-09-18,456.86,456.86,413.1,424.44,34483200.0,6067610000
bitshares,2014-09-18,0.031351,0.032907,0.030179,0.031145,504952.0,62698800
bytecoin-bcn,2014-09-18,1.6e-05,2e-05,1.3000000000000001e-05,2e-05,9654.0,2661310
dash,2014-09-18,3.78,3.95,3.59,3.87,438932.0,17592300
dogecoin,2014-09-18,0.000268,0.000325,0.000267,0.000298,2215910.0,24715700
litecoin,2014-09-18,5.07,5.07,4.58,4.69,4569260.0,162731000
monero,2014-09-18,1.74,1.74,1.5,1.57,253082.0,6076160
ripple,2014-09-18,0.005398,0.005521,0.005091,0.005135,491147.0,156488000
stellar,2014-09-18,0.003081,0.003768,0.003055,0.0034560000000000003,205474.0,3697400
bitcoin,2014-09-19,424.1,427.83,384.53,394.8,37919700.0,5634440000
bitshares,2014-09-19,0.031107999999999997,0.031346,0.028118999999999998,0.030019999999999998,539520.0,62212000
bytecoin-bcn,2014-09-19,2e-05,2e-05,1.3000000000000001e-05,1.7e-05,16260.0,3214730
dash,2014-09-19,3.87,3.92,3.37,3.43,353146.0,18024200
dogecoin,2014-09-19,0.000298,0.000307,0.000275,0.000277,883563.0,27442600
litecoin,2014-09-19,4.69,4.76,4.25,4.33,3917450.0,150711000
monero,2014-09-19,1.57,1.59,1.38,1.45,171739.0,5503840
ripple,2014-09-19,0.0051340000000000005,0.005167000000000001,0.004873,0.004942,407109.0,148827000
stellar,2014-09-19,0.00346,0.004026,0.00316,0.003872,204649.0,4160240
bitcoin,2014-09-20,394.67,423.3,389.88,408.9,36863600.0,5245150000
bitshares,2014-09-20,0.029974,0.033035,0.029138,0.031173000000000003,567017.0,59945100
bytecoin-bcn,2014-09-20,1.7e-05,1.8e-05,1.6e-05,1.6e-05,5314.0,2715480
dash,2014-09-20,3.43,3.58,3.14,3.18,211501.0,15998300
dogecoin,2014-09-20,0.000276,0.00031,0.000267,0.000292,993004.0,25445300
litecoin,2014-09-20,4.33,4.62,4.2,4.29,5490660.0,139314000
monero,2014-09-20,1.44,1.57,1.17,1.27,362626.0,5094260
ripple,2014-09-20,0.004942,0.004954,0.004736,0.004772,322621.0,143259000
stellar,2014-09-20,0.003936,0.004304,0.0033090000000000003,0.0036119999999999998,186971.0,4760040
bitcoin,2014-09-21,408.08,412.43,393.18,398.82,26580100.0,5425180000
bitshares,2014-09-21,0.031222000000000003,0.031825,0.029819,0.030029000000000004,270648.0,62440000
bytecoin-bcn,2014-09-21,1.6e-05,1.8e-05,1.4999999999999999e-05,1.7e-05,9887.0,2648710
dash,2014-09-21,3.18,3.27,2.92,2.97,142460.0,14832500
dogecoin,2014-09-21,0.000293,0.000299,0.00028399999999999996,0.000288,539140.0,27037600
litecoin,2014-09-21,4.26,4.3,4.15,4.25,2931220.0,137303000
monero,2014-09-21,1.27,1.41,1.17,1.27,239591.0,4502750
ripple,2014-09-21,0.004768,0.004790999999999999,0.00454,0.00457,309571.0,138229000
stellar,2014-09-21,0.00361,0.0038619999999999995,0.003296,0.003464,145626.0,4374580
bitcoin,2014-09-22,399.1,406.92,397.13,402.15,24127600.0,5307360000
bitshares,2014-09-22,0.030032999999999997,0.031122000000000004,0.030032999999999997,0.030650999999999998,121298.0,60062900
bytecoin-bcn,2014-09-22,1.7e-05,1.8e-05,1.6e-05,1.6e-05,8510.0,2713770
dash,2014-09-22,2.97,3.4,2.97,3.36,138652.0,13883800
dogecoin,2014-09-22,0.000288,0.000301,0.000285,0.000298,620222.0,26580700
litecoin,2014-09-22,4.25,4.42,4.21,4.24,1855960.0,136869000
monero,2014-09-22,1.27,1.34,1.21,1.26,137822.0,4552650
ripple,2014-09-22,0.004561,0.0046700000000000005,0.0045320000000000004,0.004657,267342.0,132223000
stellar,2014-09-22,0.0034659999999999995,0.004081,0.003447,0.004023,178810.0,4234030
bitcoin,2014-09-23,402.09,441.56,396.2,435.79,45099500.0,5348840000
bitshares,2014-09-23,0.030648,0.032395,0.030217,0.032094,403715.0,61292400
bytecoin-bcn,2014-09-23,1.6e-05,1.8e-05,1.6e-05,1.8e-05,8519.0,2666880
dash,2014-09-23,3.36,3.51,3.17,3.4,146543.0,15705000
dogecoin,2014-09-23,0.000298,0.00031800000000000003,0.000295,0.00031299999999999996,739197.0,27522500
litecoin,2014-09-23,4.24,4.88,4.19,4.75,4661670.0,136784000
monero,2014-09-23,1.26,1.5,1.23,1.47,205229.0,4526380
ripple,2014-09-23,0.004654999999999999,0.004656,0.004547,0.004613,323106.0,134951000
stellar,2014-09-23,0.004007,0.004102000000000001,0.003754,0.003965,120447.0,4903240
bitcoin,2014-09-24,435.75,436.11,421.13,423.2,30627700.0,5798220000
bitshares,2014-09-24,0.032012,0.032012,0.030128,0.030656,218822.0,64019900
bytecoin-bcn,2014-09-24,1.8e-05,1.9e-05,1.8e-05,1.8e-05,15137.0,2968210
dash,2014-09-24,3.42,10.31,3.34,3.34,74906.0,15981900
dogecoin,2014-09-24,0.000314,0.00035299999999999996,0.00031,0.000348,1277840.0,29149900
litecoin,2014-09-24,4.74,4.75,4.63,4.67,2662290.0,153105000
monero,2014-09-24,1.46,1.56,1.45,1.51,122748.0,5285770
ripple,2014-09-24,0.00461,0.004668,0.004511,0.004668,349329.0,133633000
stellar,2014-09-24,0.003966,0.004068,0.003425,0.00389,163121.0,4860820
bitcoin,2014-09-25,423.16,423.52,409.47,411.57,26814400.0,5632260000
bitshares,2014-09-25,0.030648,0.031054000000000002,0.030226,0.030782999999999998,166740.0,61293200
bytecoin-bcn,2014-09-25,1.8e-05,1.9e-05,1.6e-05,1.7e-05,10739.0,2987810
dash,2014-09-25,3.34,3.34,2.93,3.0,102167.0,15629100
dogecoin,2014-09-25,0.00034700000000000003,0.000383,0.000332,0.000375,2393610.0,32270000
litecoin,2014-09-25,4.67,4.67,4.45,4.51,2046960.0,150841000
monero,2014-09-25,1.5,1.51,1.39,1.4,126179.0,5441180
ripple,2014-09-25,0.0046700000000000005,0.00485,0.004642,0.004722,745348.0,135379000
stellar,2014-09-25,0.003878,0.003901,0.0034219999999999997,0.0034939999999999997,81902.0,4800810
bitcoin,2014-09-26,411.43,414.94,400.01,404.43,21460800.0,5477970000
bitshares,2014-09-26,0.030777,0.034983,0.030777,0.033929,1211990.0,61551400
bytecoin-bcn,2014-09-26,1.7e-05,1.7e-05,1.6e-05,1.7e-05,11399.0,2804290
dash,2014-09-26,3.0,3.05,2.8,2.89,99224.0,14055000
dogecoin,2014-09-26,0.00037400000000000004,0.00046699999999999997,0.000373,0.00045099999999999996,4722610.0,34810800
litecoin,2014-09-26,4.51,4.55,4.39,4.43,1548350.0,145937000
monero,2014-09-26,1.4,1.46,1.32,1.39,81632.0,5104450
ripple,2014-09-26,0.004722,0.004734,0.0045579999999999996,0.0046159999999999994,497323.0,136882000
stellar,2014-09-26,0.0036,0.0036,0.002902,0.00305,117908.0,4503470
bitcoin,2014-09-27,403.56,406.62,397.37,399.52,15029300.0,5374500000
bitshares,2014-09-27,0.033914,0.035332999999999996,0.033247000000000006,0.033868,520848.0,67824400
bytecoin-bcn,2014-09-27,1.7e-05,1.7e-05,1.6e-05,1.6e-05,4715.0,2752940
dash,2014-09-27,2.88,2.97,2.77,2.84,69607.0,13511200
dogecoin,2014-09-27,0.00045,0.000452,0.000359,0.000375,2907080.0,41927100
litecoin,2014-09-27,4.43,4.49,4.4,4.42,889525.0,143622000
monero,2014-09-27,1.38,1.39,1.28,1.31,95657.0,5082540
ripple,2014-09-27,0.004607,0.004717,0.004575,0.004705,221573.0,133567000
stellar,2014-09-27,0.0030440000000000003,0.0033420000000000004,0.002905,0.0032630000000000003,44492.0,3829790
bitcoin,2014-09-28,399.47,401.02,374.33,377.18,23613300.0,5321420000
bitshares,2014-09-28,0.033915,0.034102999999999994,0.031599,0.031776,360587.0,67826600
bytecoin-bcn,2014-09-28,1.6e-05,1.7e-05,1.4999999999999999e-05,1.4999999999999999e-05,3696.0,2599450
dash,2014-09-28,2.84,3.04,2.75,2.9,120161.0,13315400
dogecoin,2014-09-28,0.000376,0.000414,0.000376,0.000392,2115710.0,35054600
litecoin,2014-09-28,4.42,4.46,4.2,4.23,1741170.0,143433000
monero,2014-09-28,1.31,1.37,1.21,1.22,84413.0,4821140
ripple,2014-09-28,0.004706,0.005345,0.00465,0.005282,464102.0,136416000
stellar,2014-09-28,0.0032619999999999997,0.00346,0.003105,0.0031739999999999997,77804.0,4128940
bitcoin,2014-09-29,376.93,385.21,372.24,375.47,32497700.0,5022360000
bitshares,2014-09-29,0.031742,0.031917,0.030456,0.030983999999999998,259268.0,63481300
bytecoin-bcn,2014-09-29,1.4999999999999999e-05,1.6e-05,1.4999999999999999e-05,1.6e-05,3489.0,2453770
dash,2014-09-29,2.9,3.05,2.82,2.85,75316.0,13597700
dogecoin,2014-09-29,0.000394,0.000401,0.00037799999999999997,0.000396,1169070.0,36741200
litecoin,2014-09-29,4.24,4.33,4.2,4.25,1712650.0,137498000
monero,2014-09-29,1.22,1.23,1.14,1.15,83902.0,4533030
ripple,2014-09-29,0.005279,0.005442,0.004658,0.004705,122073.0,153048000
stellar,2014-09-29,0.00317,0.0034270000000000004,0.003074,0.0032119999999999996,32858.0,4038750
bitcoin,2014-09-30,376.09,390.98,373.44,386.94,34707300.0,5012450000
bitshares,2014-09-30,0.031006,0.033372000000000006,0.030869,0.032881,268646.0,62007800
bytecoin-bcn,2014-09-30,1.6e-05,1.6e-05,1.4999999999999999e-05,1.6e-05,9032.0,2570510
dash,2014-09-30,2.86,2.97,2.62,2.7,154649.0,13412300
dogecoin,2014-09-30,0.000397,0.000408,0.000386,0.000399,760341.0,37064400
litecoin,2014-09-30,4.25,4.55,4.23,4.47,2456420.0,138094000
monero,2014-09-30,1.16,1.25,1.14,1.22,82094.0,4344950
ripple,2014-09-30,0.004705,0.004707,0.004635,0.004644,109352.0,136401000
stellar,2014-09-30,0.0032270000000000003,0.003268,0.0031309999999999997,0.003211,21131.0,4131310
bitcoin,2014-10-01,387.43,391.38,380.78,383.62,26229400.0,5165060000
bitshares,2014-10-01,0.032879000000000005,0.033385000000000005,0.032251,0.032310000000000005,183853.0,65755000
bytecoin-bcn,2014-10-01,1.6e-05,1.6e-05,1.4999999999999999e-05,1.6e-05,7699.0,2586640
dash,2014-10-01,2.7,2.88,2.45,2.46,223263.0,12700400
dogecoin,2014-10-01,0.0004,0.00040599999999999995,0.000371,0.000371,1031360.0,37372100
litecoin,2014-10-01,4.47,4.5,4.38,4.43,1172180.0,145326000
monero,2014-10-01,1.21,1.22,1.17,1.2,65140.0,4536570
ripple,2014-10-01,0.004645000000000001,0.004772,0.004644,0.004752,64998.0,134654000
stellar,2014-10-01,0.003221,0.003283,0.002798,0.00288,70180.0,4147990
bitcoin,2014-10-02,383.99,385.5,372.95,375.07,21777700.0,5120700000
bitshares,2014-10-02,0.032335,0.032335,0.031281,0.03141,87026.0,64665200
bytecoin-bcn,2014-10-02,1.4999999999999999e-05,1.7e-05,1.4999999999999999e-05,1.4999999999999999e-05,5124.0,2499330
dash,2014-10-02,2.46,2.49,2.41,2.44,45955.0,11578000
dogecoin,2014-10-02,0.000371,0.000371,0.000331,0.000334,1307610.0,34690900
litecoin,2014-10-02,4.43,4.46,4.29,4.32,1124950.0,144138000
monero,2014-10-02,1.22,1.22,1.18,1.19,61824.0,4588330
ripple,2014-10-02,0.004755,0.004876,0.004753,0.004874,209158.0,137849000
stellar,2014-10-02,0.002888,0.003048,0.002738,0.002773,30542.0,3745360
bitcoin,2014-10-03,375.18,377.69,357.86,359.51,30901200.0,5004540000
bitshares,2014-10-03,0.03141,0.032145,0.03102,0.031935000000000005,111488.0,62816900
bytecoin-bcn,2014-10-03,1.4999999999999999e-05,1.6e-05,1.3000000000000001e-05,1.4000000000000001e-05,5512.0,2445830
dash,2014-10-03,2.44,2.52,2.36,2.4,58977.0,11461000
dogecoin,2014-10-03,0.000332,0.00034500000000000004,0.000306,0.00032599999999999996,1150090.0,31065100
litecoin,2014-10-03,4.32,4.34,4.16,4.18,1471270.0,140654000
monero,2014-10-03,1.18,1.18,1.07,1.1,113844.0,4493740
ripple,2014-10-03,0.004876,0.00505,0.004875,0.005023,264083.0,141352000
stellar,2014-10-03,0.0027429999999999998,0.0027949999999999997,0.0025960000000000002,0.002601,34169.0,3582830
bitcoin,2014-10-04,359.89,364.49,325.89,328.87,47236500.0,4801920000
bitshares,2014-10-04,0.031764999999999995,0.0321,0.029546,0.030180000000000002,252982.0,63525900
bytecoin-bcn,2014-10-04,1.4000000000000001e-05,1.4999999999999999e-05,1.4000000000000001e-05,1.4000000000000001e-05,5965.0,2347080
dash,2014-10-04,2.4,2.5,2.16,2.24,55246.0,11314000
dogecoin,2014-10-04,0.000325,0.000339,0.000298,0.0003,730468.0,30491700
litecoin,2014-10-04,4.17,4.28,3.89,3.94,6948810.0,136021000
monero,2014-10-04,1.09,1.13,0.966409,0.977628,65894.0,4166030
ripple,2014-10-04,0.005024,0.005204,0.0049310000000000005,0.004941,168516.0,145639000
stellar,2014-10-04,0.002604,0.00267,0.0023710000000000003,0.0023710000000000003,45969.0,3433990
bitcoin,2014-10-05,328.92,341.8,289.3,320.51,83308100.0,4389890000
bitshares,2014-10-05,0.029968,0.031113,0.027431999999999998,0.029075999999999998,337712.0,59933300
bytecoin-bcn,2014-10-05,1.4000000000000001e-05,1.4000000000000001e-05,1.2e-05,1.2e-05,3162.0,2247680
dash,2014-10-05,2.24,2.32,2.07,2.25,54743.0,10532900
dogecoin,2014-10-05,0.0003,0.000309,0.00026000000000000003,0.000273,1125540.0,28104700
litecoin,2014-10-05,3.94,4.04,3.48,3.7,8143680.0,128606000
monero,2014-10-05,0.977117,1.01,0.786768,0.879503,86073.0,3745430
ripple,2014-10-05,0.004935,0.005012,0.004746,0.004789,181316.0,143049000
stellar,2014-10-05,0.002441,0.002512,0.002129,0.0023870000000000002,29396.0,3231660
bitcoin,2014-10-06,320.39,345.13,302.56,330.08,79011800.0,4277430000
bitshares,2014-10-06,0.029164,0.030576999999999997,0.028227,0.028926,253555.0,58324600
bytecoin-bcn,2014-10-06,1.3000000000000001e-05,1.4000000000000001e-05,1.1e-05,1.2e-05,4773.0,2081100
dash,2014-10-06,2.25,2.42,2.14,2.25,51204.0,10621800
dogecoin,2014-10-06,0.000272,0.00031299999999999996,0.000262,0.000298,1317300.0,25524000
litecoin,2014-10-06,3.7,3.91,3.57,3.82,9482680.0,120914000
monero,2014-10-06,0.8786790000000001,0.9965299999999999,0.805445,0.9797030000000001,65377.0,3385660
ripple,2014-10-06,0.004777,0.004787,0.004707,0.00473,218684.0,138493000
stellar,2014-10-06,0.002384,0.002729,0.002288,0.002574,34446.0,3157090
bitcoin,2014-10-07,330.58,339.25,320.48,336.19,49199900.0,4414880000
bitshares,2014-10-07,0.028939999999999997,0.029557999999999997,0.027703,0.028232999999999998,196917.0,57876600
bytecoin-bcn,2014-10-07,1.2e-05,1.3000000000000001e-05,1.2e-05,1.3000000000000001e-05,1770.0,1988890
dash,2014-10-07,2.25,2.34,2.05,2.13,149260.0,10621100
dogecoin,2014-10-07,0.000299,0.000312,0.000288,0.000297,1042430.0,28055200
litecoin,2014-10-07,3.81,3.95,3.69,3.86,7096400.0,124621000
monero,2014-10-07,0.9804930000000001,1.01,0.90069,1.0,68252.0,3797610
ripple,2014-10-07,0.004731,0.004806,0.004727,0.004765,136439.0,137147000
stellar,2014-10-07,0.002578,0.002635,0.002349,0.002447,35420.0,3412980
bitcoin,2014-10-08,336.12,354.36,327.19,352.94,54736300.0,4489870000
bitshares,2014-10-08,0.028274,0.028945,0.026856,0.028591000000000002,214919.0,56544500
bytecoin-bcn,2014-10-08,1.3000000000000001e-05,1.4000000000000001e-05,1.2e-05,1.3000000000000001e-05,4257.0,2083780
dash,2014-10-08,2.12,2.36,2.09,2.34,61348.0,10013700
dogecoin,2014-10-08,0.000297,0.0003,0.000285,0.000294,553294.0,27878800
litecoin,2014-10-08,3.86,3.93,3.75,3.91,5850860.0,126097000
monero,2014-10-08,1.0,1.11,0.949084,1.09,116352.0,3906930
ripple,2014-10-08,0.004769,0.004806,0.004699,0.004787,398026.0,138260000
stellar,2014-10-08,0.00242,0.002486,0.0022960000000000003,0.002477,28232.0,3219510
bitcoin,2014-10-09,352.75,382.73,347.69,365.03,83641100.0,4713320000
bitshares,2014-10-09,0.0287,0.029102999999999997,0.028042,0.028401,231151.0,57396900
bytecoin-bcn,2014-10-09,1.3000000000000001e-05,1.4000000000000001e-05,1.3000000000000001e-05,1.4000000000000001e-05,1767.0,2188770
dash,2014-10-09,2.33,2.46,2.26,2.4,107387.0,11026600
dogecoin,2014-10-09,0.000293,0.000299,0.000285,0.000293,681174.0,27516700
litecoin,2014-10-09,3.91,4.03,3.87,3.9,8316140.0,127939000
monero,2014-10-09,1.09,1.16,1.05,1.11,66785.0,4255220
ripple,2014-10-09,0.004787,0.004879,0.00477,0.004824,214591.0,138783000
stellar,2014-10-09,0.002475,0.002495,0.002273,0.002358,11066.0,3316890
bitcoin,2014-10-10,364.69,375.07,352.96,361.56,43665700.0,4874190000
bitshares,2014-10-10,0.028472000000000004,0.028689,0.026938,0.027052,203303.0,56940700
bytecoin-bcn,2014-10-10,1.4000000000000001e-05,1.4000000000000001e-05,1.3000000000000001e-05,1.4000000000000001e-05,3961.0,2207330
dash,2014-10-10,2.39,2.47,2.23,2.24,63434.0,11325100
dogecoin,2014-10-10,0.000293,0.000296,0.000271,0.000271,513973.0,27547200
litecoin,2014-10-10,3.9,3.92,3.77,3.81,6313690.0,127734000
monero,2014-10-10,1.1,1.15,1.04,1.14,121420.0,4343870
ripple,2014-10-10,0.004824,0.004876,0.004814,0.004871,140436.0,139848000
stellar,2014-10-10,0.002356,0.002418,0.002198,0.002309,14307.0,3185650
bitcoin,2014-10-11,361.36,367.19,355.95,362.3,13345200.0,4831160000
bitshares,2014-10-11,0.026781,0.028013999999999997,0.024964,0.028013999999999997,380242.0,53559300
bytecoin-bcn,2014-10-11,1.4000000000000001e-05,1.4999999999999999e-05,1.4000000000000001e-05,1.4000000000000001e-05,1517.0,2358400
dash,2014-10-11,2.24,2.28,2.04,2.17,103367.0,10585800
dogecoin,2014-10-11,0.000271,0.000281,0.000268,0.000278,434884.0,25487000
litecoin,2014-10-11,3.8,3.84,3.68,3.77,3498570.0,124474000
monero,2014-10-11,1.14,1.15,1.06,1.08,81876.0,4499020
ripple,2014-10-11,0.004873,0.004881,0.004748,0.004753,263175.0,141270000
stellar,2014-10-11,0.0023079999999999997,0.0024460000000000003,0.002283,0.002336,34909.0,3147830
bitcoin,2014-10-12,362.61,379.43,356.14,378.55,17552800.0,4849070000
bitshares,2014-10-12,0.028068,0.028225,0.026516,0.027187,167045.0,56133500
bytecoin-bcn,2014-10-12,1.4000000000000001e-05,1.4999999999999999e-05,1.4000000000000001e-05,1.4999999999999999e-05,1034.0,2360020
dash,2014-10-12,2.16,2.18,2.04,2.14,90788.0,10251400
dogecoin,2014-10-12,0.000278,0.000294,0.000277,0.00029,358839.0,26190200
litecoin,2014-10-12,3.78,3.85,3.7,3.85,2712090.0,123955000
monero,2014-10-12,1.08,1.1,1.04,1.09,58972.0,4280260
ripple,2014-10-12,0.0047539999999999995,0.004867,0.004744,0.0048579999999999995,272667.0,137828000
stellar,2014-10-12,0.002338,0.002457,0.001972,0.0022429999999999998,76978.0,3215900
bitcoin,2014-10-13,377.92,397.23,368.9,390.41,35221400.0,5055290000
bitshares,2014-10-13,0.027179000000000002,0.027593,0.026902999999999996,0.027486,114471.0,54354600
bytecoin-bcn,2014-10-13,1.4999999999999999e-05,1.6e-05,1.4000000000000001e-05,1.4999999999999999e-05,3456.0,2384030
dash,2014-10-13,2.13,2.62,2.04,2.57,136242.0,10100600
dogecoin,2014-10-13,0.000291,0.000291,0.00028,0.000285,412929.0,27371700
litecoin,2014-10-13,3.85,3.9,3.79,3.86,4200710.0,126363000
monero,2014-10-13,1.08,1.13,1.02,1.1,92059.0,4324230
ripple,2014-10-13,0.0048530000000000005,0.004867,0.00472,0.004784,463679.0,140689000
stellar,2014-10-13,0.00224,0.002372,0.002134,0.002299,44927.0,3096940
bitcoin,2014-10-14,391.69,411.7,391.32,400.87,38491500.0,5241030000
bitshares,2014-10-14,0.027510000000000003,0.028205,0.027374000000000002,0.027406,192025.0,55017200
bytecoin-bcn,2014-10-14,1.6e-05,1.6e-05,1.4999999999999999e-05,1.4999999999999999e-05,3029.0,2556730
dash,2014-10-14,2.57,2.57,2.04,2.06,218533.0,12198800
dogecoin,2014-10-14,0.000286,0.000293,0.00028399999999999996,0.000285,543227.0,26922500
litecoin,2014-10-14,3.86,4.23,3.86,4.08,8247860.0,127066000
monero,2014-10-14,1.1,1.16,1.07,1.07,63787.0,4406300
ripple,2014-10-14,0.004794,0.0049299999999999995,0.00479,0.004872,231490.0,138974000
stellar,2014-10-14,0.002309,0.002411,0.002264,0.002352,32533.0,3209080
bitcoin,2014-10-15,400.95,402.23,388.77,394.77,25267100.0,5366290000
bitshares,2014-10-15,0.027587,0.027752999999999996,0.025963,0.026507,195984.0,55171600
bytecoin-bcn,2014-10-15,1.4999999999999999e-05,1.9e-05,1.3000000000000001e-05,1.4999999999999999e-05,7489.0,2445390
dash,2014-10-15,2.07,2.24,2.0,2.07,87647.0,9824590
dogecoin,2014-10-15,0.000285,0.000286,0.000259,0.000268,815956.0,26888900
litecoin,2014-10-15,4.08,4.08,3.99,4.06,4837180.0,134157000
monero,2014-10-15,1.08,1.08,0.9110030000000001,0.9908110000000001,104550.0,4365480
ripple,2014-10-15,0.004872,0.004881,0.004790999999999999,0.0048270000000000006,235627.0,141230000
stellar,2014-10-15,0.002352,0.002363,0.002123,0.0021739999999999997,46516.0,3288880
bitcoin,2014-10-16,394.52,398.81,373.07,382.56,26990000.0,5281630000
bitshares,2014-10-16,0.026506000000000002,0.02725,0.025038,0.025580000000000002,366588.0,53008900
bytecoin-bcn,2014-10-16,1.4999999999999999e-05,1.4999999999999999e-05,1.3000000000000001e-05,1.4000000000000001e-05,5096.0,2375770
dash,2014-10-16,2.07,2.3,2.07,2.18,104953.0,9846070
dogecoin,2014-10-16,0.000269,0.00027,0.00025299999999999997,0.000258,365533.0,25372500
litecoin,2014-10-16,4.06,4.1,3.96,3.99,4204880.0,133644000
monero,2014-10-16,0.9869540000000001,1.03,0.9183399999999999,0.999458,59154.0,3997770
ripple,2014-10-16,0.004825,0.0048579999999999995,0.004776,0.004855,119623.0,139872000
stellar,2014-10-16,0.002173,0.002221,0.00195,0.0020800000000000003,39044.0,3055120
bitcoin,2014-10-17,382.76,385.48,375.39,383.76,13600700.0,5125580000
bitshares,2014-10-17,0.025578,0.026720999999999998,0.02484,0.025181,204787.0,51152600
bytecoin-bcn,2014-10-17,1.4999999999999999e-05,1.4999999999999999e-05,1.2e-05,1.3000000000000001e-05,8009.0,2380200
dash,2014-10-17,2.18,2.48,2.14,2.27,82247.0,10347500
dogecoin,2014-10-17,0.000258,0.000261,0.000245,0.00025,330041.0,24359800
litecoin,2014-10-17,3.99,4.02,3.95,3.99,3561280.0,131581000
monero,2014-10-17,0.998718,0.998718,0.9188569999999999,0.973198,63034.0,4064590
ripple,2014-10-17,0.004855,0.00491,0.004824,0.0049039999999999995,245692.0,140750000
stellar,2014-10-17,0.002081,0.002127,0.001986,0.0020210000000000002,22242.0,2943660
bitcoin,2014-10-18,383.98,395.16,378.97,391.44,11416800.0,5143260000
bitshares,2014-10-18,0.025372,0.025372,0.024078,0.024592,238007.0,50741200
bytecoin-bcn,2014-10-18,1.3000000000000001e-05,1.4999999999999999e-05,1.2e-05,1.3000000000000001e-05,9434.0,2135600
dash,2014-10-18,2.28,2.36,2.21,2.29,40729.0,10828300
dogecoin,2014-10-18,0.000251,0.000262,0.000246,0.00025699999999999996,332855.0,23643000
litecoin,2014-10-18,3.99,4.09,3.95,4.06,2386140.0,131703000
monero,2014-10-18,0.973584,1.0,0.948108,0.96583,60842.0,3981500
ripple,2014-10-18,0.0049039999999999995,0.004985,0.0048920000000000005,0.004965,69145.0,142172000
stellar,2014-10-18,0.002022,0.002157,0.002001,0.002059,27435.0,2875970
bitcoin,2014-10-19,391.25,393.94,386.46,389.55,5914570.0,5242370000
bitshares,2014-10-19,0.02459,0.02472,0.021554,0.023524,471716.0,49176700
bytecoin-bcn,2014-10-19,1.3000000000000001e-05,1.4999999999999999e-05,1.2e-05,1.4000000000000001e-05,9484.0,2116070
dash,2014-10-19,2.29,2.32,2.24,2.27,41570.0,10921900
dogecoin,2014-10-19,0.000258,0.000259,0.000241,0.000244,295933.0,24326500
litecoin,2014-10-19,4.06,4.06,3.97,3.99,1576340.0,133959000
monero,2014-10-19,0.965568,1.01,0.958882,0.9944360000000001,47858.0,3968000
ripple,2014-10-19,0.004964,0.004989,0.004922999999999999,0.004949,55748.0,143908000
stellar,2014-10-19,0.002058,0.002195,0.002023,0.002023,18945.0,2941420
bitcoin,2014-10-20,389.23,390.08,378.25,382.85,16419000.0,5216560000
bitshares,2014-10-20,0.023515,0.023551,0.019538999999999997,0.022404,521043.0,47027300
bytecoin-bcn,2014-10-20,1.3000000000000001e-05,1.4000000000000001e-05,1.2e-05,1.3000000000000001e-05,8773.0,2105510
dash,2014-10-20,2.26,2.28,2.08,2.11,111213.0,10792100
dogecoin,2014-10-20,0.00024300000000000002,0.000244,0.000223,0.00023199999999999997,581790.0,22944200
litecoin,2014-10-20,3.98,3.98,3.88,3.91,2252890.0,131666000
monero,2014-10-20,0.995676,1.01,0.916824,0.9503940000000001,86281.0,4110980
ripple,2014-10-20,0.004945000000000001,0.005083,0.004921,0.005072999999999999,295888.0,143363000
stellar,2014-10-20,0.0020210000000000002,0.0021379999999999997,0.00197,0.002023,38282.0,2904680
bitcoin,2014-10-21,382.42,392.65,380.83,386.48,14188900.0,5126590000
bitshares,2014-10-21,0.022305000000000002,0.025787,0.022116,0.025618000000000002,333458.0,44608200
bytecoin-bcn,2014-10-21,1.3000000000000001e-05,1.4999999999999999e-05,1.3000000000000001e-05,1.4999999999999999e-05,2882.0,2194310
dash,2014-10-21,2.1,2.19,2.06,2.08,70427.0,10034800
dogecoin,2014-10-21,0.00023199999999999997,0.00023500000000000002,0.00022799999999999999,0.00022999999999999998,279274.0,21878700
litecoin,2014-10-21,3.91,3.97,3.9,3.94,1948840.0,129405000
monero,2014-10-21,0.952061,0.979182,0.932976,0.9577829999999999,50963.0,3949060
ripple,2014-10-21,0.005072,0.005215999999999999,0.005069,0.005193,146796.0,147031000
stellar,2014-10-21,0.002022,0.002114,0.002013,0.00207,26101.0,2919940
bitcoin,2014-10-22,386.12,388.58,382.25,383.16,11641300.0,5177640000
bitshares,2014-10-22,0.025829,0.02775,0.024447999999999998,0.025658999999999998,743803.0,51656000
bytecoin-bcn,2014-10-22,1.4999999999999999e-05,1.4999999999999999e-05,1.4000000000000001e-05,1.4000000000000001e-05,2383.0,2387080
dash,2014-10-22,2.07,2.19,2.04,2.07,100270.0,9888470
dogecoin,2014-10-22,0.00022999999999999998,0.000271,0.00022799999999999999,0.000256,1028090.0,21777600
litecoin,2014-10-22,3.94,3.96,3.84,3.84,2094200.0,130482000
monero,2014-10-22,0.956909,0.992102,0.9427469999999999,0.946716,63727.0,3987300
ripple,2014-10-22,0.00519,0.005220000000000001,0.005176,0.005187,107561.0,150449000
stellar,2014-10-22,0.002062,0.002077,0.001982,0.002034,19376.0,2990180
bitcoin,2014-10-23,382.96,385.05,356.45,358.42,26456900.0,5136830000
bitshares,2014-10-23,0.025638,0.025849,0.022261000000000003,0.023093000000000002,406640.0,51272600
bytecoin-bcn,2014-10-23,1.4000000000000001e-05,1.4999999999999999e-05,1.2e-05,1.3000000000000001e-05,7165.0,2305130
dash,2014-10-23,2.07,2.12,2.03,2.11,50299.0,9884060
dogecoin,2014-10-23,0.00025699999999999996,0.000268,0.000244,0.000245,695627.0,24282600
litecoin,2014-10-23,3.85,3.87,3.73,3.74,3191780.0,127483000
monero,2014-10-23,0.942326,0.9461930000000001,0.725042,0.8654959999999999,97124.0,3944870
ripple,2014-10-23,0.005185,0.005243,0.0051340000000000005,0.005142,378216.0,150314000
stellar,2014-10-23,0.0020210000000000002,0.0020329999999999997,0.001895,0.0019140000000000001,15614.0,2952570
bitcoin,2014-10-24,358.59,364.35,353.31,358.35,15585700.0,4811290000
bitshares,2014-10-24,0.023005,0.024076,0.021754,0.023716,331379.0,46007100
bytecoin-bcn,2014-10-24,1.3000000000000001e-05,1.3000000000000001e-05,1.1e-05,1.2e-05,8167.0,2091020
dash,2014-10-24,2.1,2.11,2.0,2.04,61719.0,10052600
dogecoin,2014-10-24,0.000246,0.000261,0.000241,0.000251,408092.0,23314000
litecoin,2014-10-24,3.74,3.78,3.72,3.75,3557710.0,124036000
monero,2014-10-24,0.842075,0.8599680000000001,0.744815,0.762157,52867.0,3541880
ripple,2014-10-24,0.005143,0.005154,0.005071,0.005082,282070.0,149084000
stellar,2014-10-24,0.0019149999999999998,0.002029,0.001895,0.0019579999999999997,29512.0,2804450
bitcoin,2014-10-25,358.61,359.86,342.88,347.27,18127500.0,4812990000
bitshares,2014-10-25,0.023561000000000002,0.023725,0.022208000000000002,0.022636,154827.0,47118900
bytecoin-bcn,2014-10-25,1.2e-05,1.3000000000000001e-05,1.1e-05,1.2e-05,3004.0,1999920
dash,2014-10-25,2.03,2.05,1.92,1.92,40232.0,9697730
dogecoin,2014-10-25,0.000251,0.000252,0.000244,0.000246,222909.0,23745700
litecoin,2014-10-25,3.75,3.76,3.63,3.67,2370430.0,124453000
monero,2014-10-25,0.763826,0.771308,0.671765,0.7398020000000001,54596.0,3227940
ripple,2014-10-25,0.005083,0.0050869999999999995,0.004712,0.004719,272566.0,147344000
stellar,2014-10-25,0.001959,0.0019879999999999997,0.001864,0.0018920000000000002,13101.0,2875720
verge,2014-10-25,7.000000000000001e-06,1e-05,7.000000000000001e-06,7.000000000000001e-06,707.0,24519
bitcoin,2014-10-26,347.49,359.22,343.93,354.7,11272500.0,4665040000
bitshares,2014-10-26,0.022642,0.022899,0.022017,0.022704,148776.0,45280600
bytecoin-bcn,2014-10-26,1.2e-05,1.2e-05,1.1e-05,1.2e-05,3593.0,1987260
dash,2014-10-26,1.92,2.01,1.9,1.93,40296.0,9181280
dogecoin,2014-10-26,0.00024700000000000004,0.00025299999999999997,0.00024300000000000002,0.00024900000000000004,348436.0,23351100
litecoin,2014-10-26,3.67,3.77,3.66,3.73,1986590.0,121908000
monero,2014-10-26,0.74026,0.75317,0.685867,0.6944020000000001,37577.0,3142310
ripple,2014-10-26,0.00472,0.004721,0.004525,0.004548,440679.0,136823000
stellar,2014-10-26,0.001893,0.001952,0.001864,0.001941,9559.0,2785750
verge,2014-10-26,7.000000000000001e-06,1.3000000000000001e-05,7.000000000000001e-06,1.1e-05,2234.0,24407
bitcoin,2014-10-27,354.78,358.63,349.81,352.99,13033000.0,4764020000
bitshares,2014-10-27,0.022683000000000002,0.023538,0.022487,0.022727,141391.0,45364000
bytecoin-bcn,2014-10-27,1.2e-05,1.3000000000000001e-05,1.1e-05,1.2e-05,3630.0,1917330
dash,2014-10-27,1.93,1.96,1.9,1.91,31037.0,9228950
dogecoin,2014-10-27,0.00024900000000000004,0.000254,0.00024700000000000004,0.000251,262260.0,23565800
litecoin,2014-10-27,3.72,3.89,3.71,3.81,2694530.0,123853000
monero,2014-10-27,0.697623,0.774522,0.603494,0.722831,141319.0,2974520
ripple,2014-10-27,0.004546,0.00492,0.004534000000000001,0.0048909999999999995,299518.0,131794000
stellar,2014-10-27,0.001941,0.001998,0.001887,0.001956,14396.0,2859770
verge,2014-10-27,1.1e-05,1.7e-05,7.000000000000001e-06,1e-05,2857.0,40807
bitcoin,2014-10-28,353.21,359.98,352.68,357.62,7845880.0,4744450000
bitshares,2014-10-28,0.022732,0.022834,0.021988,0.021988,120312.0,45461000
bytecoin-bcn,2014-10-28,1.2e-05,1.3000000000000001e-05,1.2e-05,1.2e-05,570.0,1947000
dash,2014-10-28,1.92,1.95,1.88,1.9,33227.0,9221770
dogecoin,2014-10-28,0.00025,0.000258,0.00024900000000000004,0.000256,354633.0,23687400
litecoin,2014-10-28,3.81,3.9,3.79,3.85,2222000.0,126895000
monero,2014-10-28,0.704975,0.729839,0.6046159999999999,0.689257,82389.0,3016260
ripple,2014-10-28,0.00489,0.004894,0.0046159999999999994,0.004845,272894.0,141770000
stellar,2014-10-28,0.001957,0.001995,0.00155,0.001655,73811.0,2890500
verge,2014-10-28,1e-05,1.1e-05,4e-06,4e-06,2185.0,37687
bitcoin,2014-10-29,357.09,357.83,335.34,335.59,18192700.0,4797700000
bitshares,2014-10-29,0.022169,0.022387999999999998,0.020386,0.020723,140041.0,44335800
bytecoin-bcn,2014-10-29,1.2e-05,1.2e-05,1.1e-05,1.1e-05,1714.0,1933340
dash,2014-10-29,1.89,1.91,1.6,1.61,135790.0,9097940
dogecoin,2014-10-29,0.00025499999999999996,0.00025499999999999996,0.00023999999999999998,0.000242,286187.0,24169100
litecoin,2014-10-29,3.85,3.85,3.72,3.73,2551500.0,128368000
monero,2014-10-29,0.687775,0.699246,0.621768,0.6330600000000001,23967.0,2958330
ripple,2014-10-29,0.00484,0.004848,0.004746,0.004776,346606.0,140318000
stellar,2014-10-29,0.001675,0.001947,0.0016190000000000002,0.001696,24172.0,2480090
verge,2014-10-29,4e-06,1.1e-05,4e-06,7.000000000000001e-06,1221.0,15542
bitcoin,2014-10-30,335.71,350.91,335.07,345.31,30177900.0,4511760000
bitshares,2014-10-30,0.020396,0.020935,0.016777,0.01825,563755.0,40789800
bytecoin-bcn,2014-10-30,1.1e-05,1.2e-05,1.1e-05,1.1e-05,1744.0,1873280
dash,2014-10-30,1.61,1.8,1.61,1.79,90240.0,7731250
dogecoin,2014-10-30,0.000242,0.000244,0.000234,0.00023799999999999998,293536.0,22953600
litecoin,2014-10-30,3.73,3.82,3.72,3.79,2667440.0,124537000
monero,2014-10-30,0.632047,0.664415,0.590307,0.614064,48427.0,2731100
ripple,2014-10-30,0.0047740000000000005,0.00491,0.004769,0.00489,220063.0,138404000
stellar,2014-10-30,0.001696,0.0017519999999999999,0.001656,0.0017350000000000002,13179.0,2518280
verge,2014-10-30,7.000000000000001e-06,1.1e-05,4e-06,7.000000000000001e-06,1116.0,26243
bitcoin,2014-10-31,345.01,348.05,337.14,338.32,12545400.0,4638210000
bitshares,2014-10-31,0.018353,0.01847,0.016679,0.017352,282740.0,36703100
bytecoin-bcn,2014-10-31,1.2e-05,1.2e-05,1.1e-05,1.1e-05,4839.0,1913460
dash,2014-10-31,1.78,1.82,1.73,1.79,53915.0,8565990
dogecoin,2014-10-31,0.00023799999999999998,0.00024300000000000002,0.00023500000000000002,0.000236,186097.0,22610600
litecoin,2014-10-31,3.78,3.8,3.75,3.75,2303900.0,126310000
monero,2014-10-31,0.61369,0.6401140000000001,0.598314,0.607218,37303.0,2663690
ripple,2014-10-31,0.004887,0.0049039999999999995,0.004849,0.004867,151046.0,141675000
stellar,2014-10-31,0.001748,0.001754,0.0016469999999999998,0.0016809999999999998,10733.0,2599070
verge,2014-10-31,7.000000000000001e-06,7.000000000000001e-06,3e-06,7.000000000000001e-06,1444.0,25912
bitcoin,2014-11-01,338.65,340.53,321.06,325.75,16677200.0,4554320000
bitshares,2014-11-01,0.017243,0.017243,0.013994999999999999,0.014508000000000002,486100.0,34484800
bytecoin-bcn,2014-11-01,1.1e-05,1.2e-05,1e-05,1.1e-05,4746.0,1838540
dash,2014-11-01,1.79,1.82,1.62,1.67,32686.0,8623210
dogecoin,2014-11-01,0.000236,0.000239,0.000225,0.00022799999999999999,18844600.0,22401500
litecoin,2014-11-01,3.76,3.76,3.56,3.57,2476220.0,125479000
monero,2014-11-01,0.607123,0.638227,0.571454,0.585832,33872.0,2647220
ripple,2014-11-01,0.0048649999999999995,0.004879,0.004636,0.004671,190204.0,141038000
stellar,2014-11-01,0.001686,0.001693,0.001525,0.0015480000000000001,494272.0,2508800
verge,2014-11-01,7.000000000000001e-06,7.000000000000001e-06,4e-06,4e-06,269.0,25137
bitcoin,2014-11-02,326.07,329.05,320.63,325.89,8603620.0,4386500000
bitshares,2014-11-02,0.01462,0.016837,0.014488,0.016533000000000003,369144.0,29238700
bytecoin-bcn,2014-11-02,1.1e-05,1.1e-05,1e-05,1e-05,5742.0,1770710
dash,2014-11-02,1.67,1.75,1.65,1.66,41301.0,8040050
dogecoin,2014-11-02,0.00022799999999999999,0.00022999999999999998,0.000215,0.000221,196336.0,21675900
litecoin,2014-11-02,3.58,3.62,3.55,3.59,2031400.0,119570000
monero,2014-11-02,0.586417,0.586417,0.561821,0.579494,26877.0,2568260
ripple,2014-11-02,0.004674,0.004723,0.004638000000000001,0.004664,119913.0,135486000
stellar,2014-11-02,0.001549,0.001599,0.0015199999999999999,0.001584,9242.0,2306560
verge,2014-11-02,4e-06,6e-06,3e-06,5e-06,295.0,15363
bitcoin,2014-11-03,325.57,334.0,325.48,327.55,12948500.0,4380950000
bitshares,2014-11-03,0.016501,0.017835,0.015645,0.016363,223196.0,33000300
bytecoin-bcn,2014-11-03,1e-05,1.1e-05,1e-05,1e-05,2620.0,1661610
dash,2014-11-03,1.66,1.73,1.63,1.63,38374.0,7996890
dogecoin,2014-11-03,0.000221,0.000229,0.00021400000000000002,0.00021600000000000002,281158.0,20966700
litecoin,2014-11-03,3.59,3.66,3.56,3.58,2034500.0,119977000
monero,2014-11-03,0.577925,0.59926,0.551178,0.5763229999999999,40900.0,2541950
ripple,2014-11-03,0.004658,0.004811,0.004652,0.00481,212517.0,135044000
stellar,2014-11-03,0.001582,0.001761,0.0015810000000000002,0.001693,15149.0,2357680
verge,2014-11-03,5e-06,7.000000000000001e-06,3e-06,4e-06,286.0,18086
bitcoin,2014-11-04,327.16,331.77,325.08,330.49,15655500.0,4403750000
bitshares,2014-11-04,0.016386,0.017196,0.015632,0.017029,129260.0,32769900
bytecoin-bcn,2014-11-04,1e-05,1.1e-05,1e-05,1e-05,5217.0,1722970
dash,2014-11-04,1.62,1.71,1.57,1.65,67425.0,7836300
dogecoin,2014-11-04,0.00021600000000000002,0.000217,0.00020800000000000001,0.00021099999999999998,288067.0,20534100
litecoin,2014-11-04,3.58,3.62,3.55,3.59,2336120.0,119901000
monero,2014-11-04,0.575828,0.582737,0.545748,0.547635,42253.0,2543340
ripple,2014-11-04,0.004809000000000001,0.0048590000000000005,0.0047799999999999995,0.004804999999999999,276134.0,139424000
stellar,2014-11-04,0.001691,0.001704,0.0016530000000000002,0.001703,9766.0,2521800
verge,2014-11-04,4e-06,7.000000000000001e-06,3e-06,5e-06,551.0,14550
bitcoin,2014-11-05,330.68,343.37,330.68,339.49,19817200.0,4452510000
bitshares,2014-11-05,0.017034999999999998,0.019941,0.016881999999999998,0.01955,516197.0,34068000
bytecoin-bcn,2014-11-05,1e-05,1.2e-05,1e-05,1.1e-05,7411.0,1688340
dash,2014-11-05,1.65,1.78,1.65,1.75,61099.0,7955980
dogecoin,2014-11-05,0.00021099999999999998,0.000221,0.00021,0.000218,421845.0,20101200
litecoin,2014-11-05,3.59,3.67,3.59,3.64,2855540.0,120339000
monero,2014-11-05,0.547942,0.5846439999999999,0.547942,0.571982,25458.0,2430850
ripple,2014-11-05,0.004806,0.004872,0.004806,0.004861,309820.0,139324000
stellar,2014-11-05,0.001704,0.001779,0.001704,0.001755,10617.0,2543690
verge,2014-11-05,5e-06,7.000000000000001e-06,3e-06,4e-06,1592.0,17533
bitcoin,2014-11-06,339.46,352.97,338.42,349.29,18797000.0,4571830000
bitshares,2014-11-06,0.019702,0.019772,0.017279,0.018014,336188.0,39401900
bytecoin-bcn,2014-11-06,1.1e-05,1.2e-05,1e-05,1.1e-05,5672.0,1843250
dash,2014-11-06,1.75,1.99,1.74,1.99,82374.0,8460600
dogecoin,2014-11-06,0.000217,0.00022799999999999999,0.000215,0.000226,458974.0,20631800
litecoin,2014-11-06,3.64,3.67,3.62,3.65,2461750.0,122198000
monero,2014-11-06,0.5708340000000001,0.597075,0.5568069999999999,0.595903,28528.0,2540200
ripple,2014-11-06,0.004861,0.004898,0.004834000000000001,0.004877,416386.0,140920000
stellar,2014-11-06,0.001755,0.0017809999999999998,0.001713,0.0017640000000000002,13531.0,2623700
verge,2014-11-06,4e-06,7.000000000000001e-06,4e-06,4e-06,203.0,14112
bitcoin,2014-11-07,349.82,352.73,341.78,342.42,16834200.0,4712700000
bitshares,2014-11-07,0.018025,0.018705,0.017886000000000003,0.018451,127416.0,36047500
bytecoin-bcn,2014-11-07,1.1e-05,1.1e-05,1e-05,1e-05,4579.0,1782810
dash,2014-11-07,1.99,2.5,1.99,2.13,383517.0,9635590
dogecoin,2014-11-07,0.000227,0.00022799999999999999,0.000218,0.00022,247006.0,21582700
litecoin,2014-11-07,3.65,3.66,3.55,3.56,2417010.0,122561000
monero,2014-11-07,0.590278,0.6194850000000001,0.5783229999999999,0.616295,29987.0,2626730
ripple,2014-11-07,0.004878,0.004895,0.004854,0.004877,434075.0,141408000
stellar,2014-11-07,0.0017670000000000001,0.0019190000000000001,0.0016719999999999999,0.0016879999999999998,11531.0,2646700
verge,2014-11-07,4e-06,7.000000000000001e-06,4e-06,4e-06,101.0,13586
bitcoin,2014-11-08,342.15,347.03,342.15,345.49,8535470.0,4610750000
bitshares,2014-11-08,0.018425999999999998,0.020606,0.018396,0.020603,306568.0,36850300
bytecoin-bcn,2014-11-08,1.1e-05,1.2e-05,1e-05,1.1e-05,2993.0,1742710
dash,2014-11-08,2.13,2.76,2.12,2.73,310275.0,10305200
dogecoin,2014-11-08,0.00022,0.00022,0.000215,0.000218,254706.0,20968700
litecoin,2014-11-08,3.56,3.58,3.53,3.56,1508220.0,119538000
monero,2014-11-08,0.619835,0.658196,0.5936680000000001,0.643877,40713.0,2785880
ripple,2014-11-08,0.004877,0.004914,0.004877,0.004907,143181.0,141377000
stellar,2014-11-08,0.0016870000000000001,0.0017620000000000001,0.001678,0.001734,4483.0,2531960
verge,2014-11-08,4e-06,7.000000000000001e-06,3e-06,4e-06,1707.0,14844
bitcoin,2014-11-09,345.38,363.63,344.25,363.26,24205600.0,4655480000
bitshares,2014-11-09,0.020600999999999998,0.020859,0.01967,0.020138999999999997,178511.0,41199400
bytecoin-bcn,2014-11-09,1.1e-05,1.2e-05,1e-05,1.1e-05,364.0,1762400
dash,2014-11-09,2.73,3.01,2.68,2.99,375396.0,13233100
dogecoin,2014-11-09,0.000218,0.000221,0.00021400000000000002,0.00021899999999999998,236149.0,20730300
litecoin,2014-11-09,3.55,3.64,3.55,3.63,1873830.0,119580000
monero,2014-11-09,0.643598,0.7213689999999999,0.6340680000000001,0.7213689999999999,44247.0,2903700
ripple,2014-11-09,0.0049039999999999995,0.004941,0.00488,0.004926,240824.0,142175000
stellar,2014-11-09,0.0017329999999999997,0.001795,0.0017050000000000001,0.001757,12705.0,6073100
verge,2014-11-09,4e-06,6e-06,4e-06,6e-06,538.0,15560
bitcoin,2014-11-10,362.26,374.82,357.56,366.92,30450100.0,4884490000
bitshares,2014-11-10,0.020138,0.020371,0.01855,0.01929,333907.0,40274100
bytecoin-bcn,2014-11-10,1.1e-05,1.3000000000000001e-05,1.1e-05,1.1e-05,2576.0,1793840
dash,2014-11-10,2.98,3.0,2.52,2.53,311577.0,14455600
dogecoin,2014-11-10,0.00021899999999999998,0.00022799999999999999,0.000218,0.00022,367787.0,20911000
litecoin,2014-11-10,3.63,3.73,3.59,3.7,3545550.0,122288000
monero,2014-11-10,0.71667,0.762476,0.69292,0.735697,67836.0,3246790
ripple,2014-11-10,0.00492,0.004956,0.004886,0.004901,545390.0,142616000
stellar,2014-11-10,0.0017519999999999999,0.001836,0.001732,0.0017989999999999998,16001.0,6145080
verge,2014-11-10,6e-06,6e-06,4e-06,4e-06,147.0,21373
bitcoin,2014-11-11,365.86,371.31,363.74,367.69,15838900.0,4934270000
bitshares,2014-11-11,0.019282,0.019298,0.018682,0.018831999999999998,118480.0,38562600
bytecoin-bcn,2014-11-11,1.1e-05,1.4999999999999999e-05,1e-05,1.1e-05,1261.0,1810810
dash,2014-11-11,2.54,2.65,2.38,2.43,193795.0,12292600
dogecoin,2014-11-11,0.000223,0.000226,0.00022,0.000223,276784.0,21231200
litecoin,2014-11-11,3.7,3.74,3.67,3.68,2783960.0,124625000
monero,2014-11-11,0.734491,0.746636,0.6919609999999999,0.717955,30147.0,3341990
ripple,2014-11-11,0.004896,0.004906000000000001,0.004873,0.004899000000000001,781614.0,141946000
stellar,2014-11-11,0.001794,0.00185,0.001744,0.0017530000000000002,12534.0,6298920
verge,2014-11-11,4e-06,4e-06,4e-06,4e-06,134.0,14845
bitcoin,2014-11-12,367.99,429.72,367.99,423.56,45783200.0,4964150000
bitshares,2014-11-12,0.018827,0.020508000000000002,0.018827,0.020508000000000002,324588.0,37651600
bytecoin-bcn,2014-11-12,1.1e-05,1.3000000000000001e-05,1.1e-05,1.2e-05,2001.0,1756900
dash,2014-11-12,2.43,2.85,2.43,2.64,229563.0,11786600
dogecoin,2014-11-12,0.00022400000000000002,0.000248,0.000223,0.00024300000000000002,573687.0,21356900
litecoin,2014-11-12,3.68,4.14,3.68,4.07,8733140.0,124106000
monero,2014-11-12,0.718542,0.763825,0.6951579999999999,0.73232,75047.0,3282510
ripple,2014-11-12,0.004897,0.005209,0.004897,0.005097,447173.0,141950000
stellar,2014-11-12,0.001755,0.0019079999999999998,0.0017280000000000002,0.001859,15430.0,6166040
verge,2014-11-12,4e-06,4e-06,4e-06,4e-06,102.0,14467
bitcoin,2014-11-13,427.27,457.09,401.12,420.74,58945000.0,5765520000
bitshares,2014-11-13,0.020600999999999998,0.021902,0.019592,0.020108,578284.0,41198800
bytecoin-bcn,2014-11-13,1.2e-05,1.3000000000000001e-05,9e-06,1.1e-05,6958.0,2018090
dash,2014-11-13,2.66,2.77,2.47,2.58,108337.0,12889400
dogecoin,2014-11-13,0.000244,0.000265,0.00024300000000000002,0.00025,971771.0,23330300
litecoin,2014-11-13,4.13,4.35,4.02,4.1,13963000.0,139504000
monero,2014-11-13,0.7356739999999999,0.773504,0.665388,0.70453,41143.0,3374860
ripple,2014-11-13,0.005128,0.005297,0.00491,0.005035,486595.0,148656000
stellar,2014-11-13,0.0018679999999999999,0.0019210000000000002,0.001673,0.0017929999999999999,17376.0,6569220
verge,2014-11-13,4e-06,5e-06,4e-06,4e-06,214.0,16056
bitcoin,2014-11-14,418.42,419.25,384.79,397.82,29589200.0,5647540000
bitshares,2014-11-14,0.02022,0.02022,0.01814,0.018729,218616.0,40438200
bytecoin-bcn,2014-11-14,1.1e-05,1.2e-05,9e-06,1e-05,5063.0,1855320
dash,2014-11-14,2.56,2.56,2.29,2.41,106611.0,12427100
dogecoin,2014-11-14,0.00025,0.00025,0.00023199999999999997,0.000239,416534.0,23833500
litecoin,2014-11-14,4.09,4.09,3.86,3.99,7587850.0,138029000
monero,2014-11-14,0.700665,0.701875,0.643252,0.689225,65338.0,3227210
ripple,2014-11-14,0.0050219999999999996,0.005197,0.004896,0.005197,300910.0,145596000
stellar,2014-11-14,0.0017870000000000002,0.0017870000000000002,0.001656,0.001713,10411.0,6286800
verge,2014-11-14,4e-06,4e-06,4e-06,4e-06,101.0,15645
bitcoin,2014-11-15,399.65,405.53,371.01,376.13,15727500.0,5395770000
bitshares,2014-11-15,0.018731,0.019083000000000003,0.017398,0.017684000000000002,136506.0,37459600
bytecoin-bcn,2014-11-15,1e-05,1.1e-05,9e-06,9e-06,6791.0,1715240
dash,2014-11-15,2.42,2.5,2.29,2.49,83032.0,11770700
dogecoin,2014-11-15,0.00023999999999999998,0.000248,0.00022400000000000002,0.000225,300008.0,22889800
litecoin,2014-11-15,3.99,4.04,3.81,3.85,3891770.0,135002000
monero,2014-11-15,0.692307,0.7054060000000001,0.625895,0.641145,31336.0,3202520
ripple,2014-11-15,0.0052060000000000006,0.005229,0.005016,0.005052,116803.0,150926000
stellar,2014-11-15,0.00172,0.0017420000000000003,0.0015890000000000001,0.0016239999999999998,5382.0,6054010
verge,2014-11-15,4e-06,4e-06,4e-06,4e-06,171.0,14638
bitcoin,2014-11-16,374.73,390.8,374.6,387.88,11905600.0,5060640000
bitshares,2014-11-16,0.017681,0.018544,0.017255,0.017971,85939.0,35359500
bytecoin-bcn,2014-11-16,9e-06,1e-05,9e-06,9e-06,1930.0,1538870
dash,2014-11-16,2.48,2.77,2.48,2.74,135202.0,12072000
dogecoin,2014-11-16,0.00022400000000000002,0.000231,0.00022200000000000003,0.000225,244672.0,21448100
litecoin,2014-11-16,3.84,3.9,3.83,3.88,2991050.0,130011000
monero,2014-11-16,0.638882,0.6576770000000001,0.626272,0.6545310000000001,27107.0,2967190
ripple,2014-11-16,0.005039,0.0052049999999999996,0.005039,0.005181,78345.0,146081000
stellar,2014-11-16,0.0016179999999999999,0.0016809999999999998,0.001596,0.001637,5267.0,5700640
verge,2014-11-16,4e-06,6e-06,4e-06,5e-06,160.0,14941
bitcoin,2014-11-17,388.35,410.2,377.5,387.41,41518800.0,5246000000
bitshares,2014-11-17,0.017973,0.018608,0.016094,0.017036000000000003,226791.0,35943500
bytecoin-bcn,2014-11-17,1e-05,1.2e-05,9e-06,1e-05,2675.0,1581410
dash,2014-11-17,2.73,2.78,2.29,2.33,225043.0,13283300
dogecoin,2014-11-17,0.000225,0.000233,0.00022200000000000003,0.00022400000000000002,261137.0,21501700
litecoin,2014-11-17,3.88,4.0,3.83,3.88,3967100.0,131455000
monero,2014-11-17,0.651929,0.676593,0.556251,0.58478,152764.0,3039770
ripple,2014-11-17,0.005181,0.005378,0.005181,0.00534,431359.0,150187000
stellar,2014-11-17,0.001638,0.0017059999999999998,0.001542,0.0016079999999999998,8443.0,5771490
verge,2014-11-17,5e-06,8e-06,4e-06,4e-06,235.0,19468
bitcoin,2014-11-18,387.79,392.4,371.12,375.2,32222500.0,5239790000
bitshares,2014-11-18,0.016919,0.017179,0.015034,0.015293000000000001,320498.0,33836800
bytecoin-bcn,2014-11-18,1e-05,1e-05,8e-06,9e-06,1154.0,1582170
dash,2014-11-18,2.33,2.45,2.3,2.36,217493.0,11318600
dogecoin,2014-11-18,0.00022400000000000002,0.00022799999999999999,0.00021400000000000002,0.00021400000000000002,309789.0,21432700
litecoin,2014-11-18,3.88,3.91,3.75,3.77,4024840.0,131400000
monero,2014-11-18,0.586133,0.6033390000000001,0.526158,0.599073,49912.0,2744180
ripple,2014-11-18,0.005337,0.005449,0.005337,0.005432,454544.0,154730000
stellar,2014-11-18,0.00161,0.001643,0.001227,0.0013570000000000001,16762.0,5678010
verge,2014-11-18,4e-06,4e-06,4e-06,4e-06,174.0,14399
bitcoin,2014-11-19,373.9,386.48,373.9,380.56,18931800.0,5053560000
bitshares,2014-11-19,0.015325,0.016158000000000002,0.014967,0.015328,215871.0,30647400
bytecoin-bcn,2014-11-19,9e-06,1e-05,8e-06,9e-06,2332.0,1412480
dash,2014-11-19,2.37,2.44,2.34,2.38,87226.0,11515900
dogecoin,2014-11-19,0.00021400000000000002,0.00021899999999999998,0.000212,0.000217,257772.0,20510700
litecoin,2014-11-19,3.78,3.84,3.77,3.81,2858300.0,128285000
monero,2014-11-19,0.5969949999999999,0.602582,0.5543520000000001,0.559003,25761.0,2806170
ripple,2014-11-19,0.005424,0.005696,0.005424,0.005696,434916.0,157224000
stellar,2014-11-19,0.001352,0.001583,0.001348,0.0015480000000000001,16849.0,4773240
verge,2014-11-19,4e-06,7.000000000000001e-06,4e-06,4e-06,492.0,13905
bitcoin,2014-11-20,380.31,382.02,356.78,357.84,25233200.0,5141550000
bitshares,2014-11-20,0.015444,0.015548,0.013652000000000001,0.014011000000000001,241978.0,38581600
bytecoin-bcn,2014-11-20,9e-06,9e-06,8e-06,9e-06,2744.0,1497650
dash,2014-11-20,2.37,2.37,2.25,2.26,111780.0,11543700
dogecoin,2014-11-20,0.00021600000000000002,0.00021899999999999998,0.000205,0.00021,342457.0,20726700
litecoin,2014-11-20,3.81,3.82,3.59,3.61,3682840.0,129316000
monero,2014-11-20,0.558639,0.569225,0.514469,0.525171,23232.0,2636230
ripple,2014-11-20,0.005693,0.006096,0.005692,0.006058,932564.0,165026000
stellar,2014-11-20,0.001549,0.001607,0.00151,0.0015890000000000001,14782.0,5475820
verge,2014-11-20,4e-06,8e-06,4e-06,4e-06,366.0,14183
bitcoin,2014-11-21,357.88,357.88,344.11,350.85,29850100.0,4839570000
bitshares,2014-11-21,0.013996999999999999,0.01647,0.013543000000000001,0.015825,233743.0,34964900
bytecoin-bcn,2014-11-21,9e-06,1e-05,8e-06,9e-06,5611.0,1419520
dash,2014-11-21,2.26,2.27,2.2,2.22,52991.0,11033900
dogecoin,2014-11-21,0.00021,0.000213,0.000204,0.00020899999999999998,222428.0,20080800
litecoin,2014-11-21,3.61,3.61,3.48,3.5,3851320.0,122878000
monero,2014-11-21,0.516995,0.56325,0.500091,0.53249,34458.0,2449300
ripple,2014-11-21,0.006072,0.006603,0.006037,0.006589,720035.0,176014000
stellar,2014-11-21,0.0015890000000000001,0.001609,0.001505,0.0015630000000000002,10260.0,5621460
verge,2014-11-21,4e-06,4e-06,3e-06,4e-06,87.0,13303
bitcoin,2014-11-22,351.6,364.84,350.88,352.92,15273000.0,4755830000
bitshares,2014-11-22,0.015828000000000002,0.017234,0.015772,0.015981,204296.0,39539500
bytecoin-bcn,2014-11-22,9e-06,9e-06,8e-06,8e-06,4975.0,1444290
dash,2014-11-22,2.22,2.3,2.2,2.26,56526.0,10836200
dogecoin,2014-11-22,0.00021,0.00022,0.00020800000000000001,0.00021400000000000002,297791.0,20094300
litecoin,2014-11-22,3.5,3.62,3.49,3.52,2446510.0,119138000
monero,2014-11-22,0.533662,0.557867,0.5254310000000001,0.534829,26877.0,2538420
ripple,2014-11-22,0.006591,0.0077599999999999995,0.006591,0.007663,1123560.0,191067000
stellar,2014-11-22,0.001565,0.00193,0.001562,0.001809,35206.0,5540550
verge,2014-11-22,4e-06,4e-06,4e-06,4e-06,37.0,13210
bitcoin,2014-11-23,353.18,370.85,353.18,367.57,15151600.0,4778440000
bitshares,2014-11-23,0.015979,0.016934,0.015733,0.016669999999999997,156905.0,39917200
bytecoin-bcn,2014-11-23,8e-06,9e-06,8e-06,8e-06,5145.0,1346420
dash,2014-11-23,2.26,2.33,2.24,2.31,52642.0,11007000
dogecoin,2014-11-23,0.00021400000000000002,0.000265,0.000213,0.000251,980005.0,20529200
litecoin,2014-11-23,3.52,3.61,3.52,3.59,1686970.0,119985000
monero,2014-11-23,0.5356609999999999,0.542355,0.515386,0.5268970000000001,31247.0,2557650
ripple,2014-11-23,0.007669,0.008773,0.007669,0.008598999999999999,1288050.0,222324000
stellar,2014-11-23,0.0018100000000000002,0.0021809999999999998,0.001794,0.002165,42071.0,6407620
verge,2014-11-23,4e-06,5e-06,4e-06,4e-06,66.0,13396
bitcoin,2014-11-24,366.95,387.21,366.67,376.9,30930100.0,4966080000
bitshares,2014-11-24,0.016784999999999998,0.016952000000000002,0.016089,0.016936,176826.0,41930300
bytecoin-bcn,2014-11-24,8e-06,9e-06,7.000000000000001e-06,8e-06,2574.0,1393480
dash,2014-11-24,2.3,2.39,2.27,2.32,59481.0,11219600
dogecoin,2014-11-24,0.000251,0.000259,0.000241,0.000248,934654.0,24056100
litecoin,2014-11-24,3.59,3.69,3.57,3.63,3281530.0,122535000
monero,2014-11-24,0.52605,0.553483,0.525883,0.53174,29694.0,2521740
ripple,2014-11-24,0.008595,0.008791,0.008362,0.008562,836154.0,265429000
stellar,2014-11-24,0.002164,0.002202,0.001947,0.001957,13496.0,7660570
verge,2014-11-24,4e-06,4e-06,4e-06,4e-06,143.0,13125
bitcoin,2014-11-25,376.89,394.7,374.78,375.35,25442200.0,5101970000
bitshares,2014-11-25,0.01672,0.017486,0.016531,0.017449,200088.0,41769600
bytecoin-bcn,2014-11-25,8e-06,8e-06,7.000000000000001e-06,8e-06,1308.0,1250160
dash,2014-11-25,2.31,2.42,2.28,2.37,59745.0,11270300
dogecoin,2014-11-25,0.000248,0.000252,0.00023700000000000001,0.00024300000000000002,544508.0,23774100
litecoin,2014-11-25,3.62,3.7,3.55,3.57,3468870.0,123680000
monero,2014-11-25,0.531602,0.640426,0.53089,0.595471,84303.0,2558050
ripple,2014-11-25,0.008561,0.009840999999999999,0.008561,0.00974,2617990.0,264386000
stellar,2014-11-25,0.001957,0.002096,0.001871,0.001898,14659.0,6929320
verge,2014-11-25,4e-06,4e-06,3e-06,3e-06,22.0,13889
bitcoin,2014-11-26,376.02,377.7,365.82,368.37,18601700.0,5091480000
bitshares,2014-11-26,0.017454,0.017454,0.016372,0.016459,54281.0,43598500
bytecoin-bcn,2014-11-26,8e-06,8e-06,7.000000000000001e-06,7.000000000000001e-06,713.0,1247350
dash,2014-11-26,2.37,2.44,2.33,2.36,98080.0,11580000
dogecoin,2014-11-26,0.00024300000000000002,0.00024300000000000002,0.000231,0.00023199999999999997,399806.0,23362400
litecoin,2014-11-26,3.57,3.59,3.54,3.56,2497390.0,121883000
monero,2014-11-26,0.58257,0.624192,0.551515,0.5627409999999999,29237.0,2814430
ripple,2014-11-26,0.009742,0.011014,0.009695,0.011004,2382860.0,300853000
stellar,2014-11-26,0.0019,0.00213,0.001883,0.00213,32114.0,6729120
verge,2014-11-26,3e-06,4e-06,3e-06,3e-06,16.0,10796
bitcoin,2014-11-27,370.5,373.99,368.28,369.67,8748030.0,5018040000
bitshares,2014-11-27,0.016501,0.017109,0.016071000000000002,0.016822,46041.0,41217300
bytecoin-bcn,2014-11-27,7.000000000000001e-06,8e-06,7.000000000000001e-06,7.000000000000001e-06,537.0,1208190
dash,2014-11-27,2.39,2.4,2.29,2.32,85433.0,11715200
dogecoin,2014-11-27,0.00023199999999999997,0.00025499999999999996,0.000225,0.00024300000000000002,1036270.0,22286500
litecoin,2014-11-27,3.57,3.58,3.55,3.56,1764690.0,121848000
monero,2014-11-27,0.560613,0.5696680000000001,0.553501,0.5575399999999999,10861.0,2718540
ripple,2014-11-27,0.011004,0.014205,0.011004,0.014205,5355350.0,339818000
stellar,2014-11-27,0.002139,0.004014,0.0021030000000000003,0.003426,544484.0,7574340
verge,2014-11-27,3e-06,4e-06,3e-06,4e-06,134.0,10050
bitcoin,2014-11-28,369.37,382.84,358.45,376.45,22946500.0,5004050000
bitshares,2014-11-28,0.016817,0.017036000000000003,0.016331000000000002,0.016991,22632.0,42008700
bytecoin-bcn,2014-11-28,7.000000000000001e-06,8e-06,7.000000000000001e-06,8e-06,1918.0,1212230
dash,2014-11-28,2.33,2.41,2.28,2.38,46759.0,11398800
dogecoin,2014-11-28,0.000244,0.000251,0.00023799999999999998,0.000245,403907.0,23421100
litecoin,2014-11-28,3.56,3.64,3.5,3.6,2007140.0,121805000
monero,2014-11-28,0.5570970000000001,0.575006,0.534664,0.564761,17670.0,2711830
ripple,2014-11-28,0.014200999999999998,0.015297,0.013757,0.015165000000000001,2815520.0,438546000
stellar,2014-11-28,0.0034289999999999998,0.0034289999999999998,0.0027649999999999997,0.002861,209843.0,12144700
verge,2014-11-28,4e-06,4e-06,4e-06,4e-06,9.0,13703
bitcoin,2014-11-29,376.15,387.6,372.14,375.49,15375600.0,5097280000
bitshares,2014-11-29,0.017001,0.021297999999999997,0.016837,0.020194999999999998,1002300.0,42467600
bytecoin-bcn,2014-11-29,8e-06,8e-06,6e-06,7.000000000000001e-06,108.0,1249280
dash,2014-11-29,2.38,2.44,2.35,2.37,57108.0,11650000
dogecoin,2014-11-29,0.000245,0.00024900000000000004,0.000242,0.00024300000000000002,400745.0,23537800
litecoin,2014-11-29,3.6,3.64,3.57,3.59,2264640.0,123406000
monero,2014-11-29,0.5643199999999999,0.586719,0.5599930000000001,0.565711,17081.0,2757520
ripple,2014-11-29,0.01516,0.01516,0.013982,0.013982,1878500.0,468174000
stellar,2014-11-29,0.00281,0.0028120000000000003,0.002404,0.0025210000000000002,109351.0,9956170
verge,2014-11-29,4e-06,6e-06,4e-06,4e-06,75.0,13954
bitcoin,2014-11-30,375.51,382.53,373.31,378.05,9194440.0,5090060000
bitshares,2014-11-30,0.020065,0.020316999999999998,0.018115,0.019006,509741.0,50121600
bytecoin-bcn,2014-11-30,7.000000000000001e-06,7.000000000000001e-06,7.000000000000001e-06,7.000000000000001e-06,174.0,1090350
dash,2014-11-30,2.4,2.43,2.34,2.39,43116.0,11762700
dogecoin,2014-11-30,0.000241,0.000245,0.000241,0.000242,239006.0,23194800
litecoin,2014-11-30,3.59,3.61,3.56,3.58,1206290.0,122867000
monero,2014-11-30,0.571386,0.580775,0.562884,0.5675520000000001,14933.0,2795300
ripple,2014-11-30,0.013977000000000002,0.013977000000000002,0.011182,0.011211,2857340.0,431635000
stellar,2014-11-30,0.0025210000000000002,0.002522,0.002113,0.00221,61162.0,8932960
verge,2014-11-30,4e-06,4e-06,4e-06,4e-06,59.0,13562
bitcoin,2014-12-01,378.25,383.66,376.67,379.25,11763000.0,5128700000
bitshares,2014-12-01,0.019011,0.020288999999999998,0.018994,0.019538999999999997,285531.0,47488000
bytecoin-bcn,2014-12-01,7.000000000000001e-06,8e-06,7.000000000000001e-06,8e-06,717.0,1237010
dash,2014-12-01,2.38,2.41,2.35,2.37,46362.0,11682300
dogecoin,2014-12-01,0.000241,0.000244,0.00023999999999999998,0.000242,301617.0,23220300
litecoin,2014-12-01,3.58,3.61,3.57,3.58,1275120.0,122616000
monero,2014-12-01,0.567864,0.5779340000000001,0.470041,0.4745,78718.0,2778070
ripple,2014-12-01,0.011204,0.012572,0.008105,0.012559,3453750.0,345989000
stellar,2014-12-01,0.002211,0.002681,0.002133,0.002541,73122.0,7832720
verge,2014-12-01,4e-06,6e-06,4e-06,6e-06,119.0,14043
bitcoin,2014-12-02,379.25,384.04,377.86,381.31,12364100.0,5143500000
bitshares,2014-12-02,0.019518999999999998,0.020273,0.019434,0.019434,215930.0,48757900
bytecoin-bcn,2014-12-02,8e-06,9e-06,7.000000000000001e-06,8e-06,2287.0,1316130
dash,2014-12-02,2.36,2.45,2.33,2.43,93651.0,11572600
dogecoin,2014-12-02,0.000242,0.00024300000000000002,0.00023799999999999998,0.00023999999999999998,331956.0,23249100
litecoin,2014-12-02,3.58,3.66,3.58,3.63,2051950.0,122804000
monero,2014-12-02,0.473696,0.552778,0.46947700000000003,0.527409,21322.0,2340440
ripple,2014-12-02,0.012587000000000001,0.013307,0.012568000000000001,0.013158000000000001,2206040.0,388688000
stellar,2014-12-02,0.002541,0.002621,0.002261,0.002409,48024.0,9003320
verge,2014-12-02,6e-06,6e-06,4e-06,4e-06,131.0,20423
bitcoin,2014-12-03,381.72,383.03,374.35,375.01,13340100.0,5178450000
bitshares,2014-12-03,0.019438,0.019802,0.019103,0.019288,166710.0,48555100
bytecoin-bcn,2014-12-03,8e-06,9e-06,8e-06,9e-06,6624.0,1326340
dash,2014-12-03,2.43,2.44,2.36,2.43,78398.0,11919100
dogecoin,2014-12-03,0.00023999999999999998,0.000241,0.000233,0.00023700000000000001,395602.0,23153400
litecoin,2014-12-03,3.63,3.65,3.58,3.61,1715450.0,124626000
monero,2014-12-03,0.528122,0.528122,0.48467,0.507566,26153.0,2619290
ripple,2014-12-03,0.013163999999999999,0.013184999999999999,0.012918,0.013130000000000001,1063000.0,406531000
stellar,2014-12-03,0.002409,0.00248,0.002297,0.002373,23620.0,8536960
verge,2014-12-03,4e-06,6e-06,4e-06,5e-06,46.0,16538
bitcoin,2014-12-04,375.72,378.65,367.76,369.6,14529600.0,5098100000
bitshares,2014-12-04,0.019295,0.019495,0.018357,0.018674,232031.0,48198200
bytecoin-bcn,2014-12-04,9e-06,9e-06,8e-06,9e-06,4194.0,1498130
dash,2014-12-04,2.43,2.46,2.32,2.33,72131.0,11960500
dogecoin,2014-12-04,0.00023700000000000001,0.00023799999999999998,0.000229,0.00022999999999999998,302326.0,22826000
litecoin,2014-12-04,3.61,3.64,3.59,3.59,2291670.0,124172000
monero,2014-12-04,0.5088739999999999,0.5171859999999999,0.453813,0.45646800000000004,18052.0,2533220
ripple,2014-12-04,0.013137000000000001,0.013347999999999999,0.013137000000000001,0.013343,2363160.0,405688000
stellar,2014-12-04,0.002375,0.002412,0.0022530000000000002,0.002375,27557.0,8415700
verge,2014-12-04,5e-06,6e-06,4e-06,5e-06,377.0,17764
bitcoin,2014-12-05,369.44,379.19,365.76,376.85,15181800.0,5014290000
bitshares,2014-12-05,0.018559,0.018646,0.017508000000000003,0.018459,171124.0,46360100
bytecoin-bcn,2014-12-05,8e-06,9e-06,8e-06,9e-06,4317.0,1377310
dash,2014-12-05,2.33,2.38,2.31,2.37,53824.0,11434000
dogecoin,2014-12-05,0.00022999999999999998,0.00023700000000000001,0.000227,0.000233,260134.0,22169900
litecoin,2014-12-05,3.59,3.62,3.58,3.62,2350920.0,123669000
monero,2014-12-05,0.455063,0.480443,0.407362,0.428893,45855.0,2273710
ripple,2014-12-05,0.013336,0.013798,0.013311000000000002,0.013784999999999999,1281290.0,411840000
stellar,2014-12-05,0.002374,0.002437,0.0022949999999999997,0.002356,20562.0,8414030
verge,2014-12-05,5e-06,7.000000000000001e-06,4e-06,5e-06,22.0,17331
bitcoin,2014-12-06,376.76,378.45,370.94,374.79,7009320.0,5115040000
bitshares,2014-12-06,0.018429,0.018562000000000002,0.016628,0.017102000000000003,252598.0,46035200
bytecoin-bcn,2014-12-06,9e-06,9e-06,8e-06,9e-06,2694.0,1504250
dash,2014-12-06,2.37,2.39,2.33,2.35,50201.0,11636200
dogecoin,2014-12-06,0.000233,0.00023500000000000002,0.00022799999999999999,0.00022999999999999998,423224.0,22504800
litecoin,2014-12-06,3.62,3.63,3.6,3.61,1690520.0,124520000
monero,2014-12-06,0.427467,0.44893999999999995,0.422849,0.44370299999999996,18704.0,2143880
ripple,2014-12-06,0.013771,0.014412000000000001,0.013725999999999999,0.014406,1402450.0,425276000
stellar,2014-12-06,0.002356,0.0024530000000000003,0.002306,0.002407,31683.0,8349620
verge,2014-12-06,5e-06,6e-06,4e-06,4e-06,48.0,16933
bitcoin,2014-12-07,374.84,376.29,373.27,375.1,6491650.0,5090240000
bitshares,2014-12-07,0.017122,0.018013,0.016841,0.017731999999999998,115162.0,42770100
bytecoin-bcn,2014-12-07,9e-06,9e-06,8e-06,9e-06,2190.0,1434630
dash,2014-12-07,2.36,2.39,2.33,2.37,64326.0,11614600
dogecoin,2014-12-07,0.00022999999999999998,0.000234,0.000227,0.000229,344493.0,22180300
litecoin,2014-12-07,3.62,3.75,3.61,3.71,1759240.0,124612000
monero,2014-12-07,0.44345100000000004,0.480663,0.44345100000000004,0.47055600000000003,21888.0,2232200
ripple,2014-12-07,0.014406,0.014794,0.014388,0.014794,935386.0,444877000
stellar,2014-12-07,0.002407,0.002408,0.002306,0.002329,23877.0,8531720
verge,2014-12-07,4e-06,7.000000000000001e-06,4e-06,7.000000000000001e-06,98.0,13909
bitcoin,2014-12-08,374.96,376.03,361.89,361.91,18898700.0,5093180000
bitshares,2014-12-08,0.017787,0.017873,0.016725999999999998,0.01687,169716.0,44432200
bytecoin-bcn,2014-12-08,8e-06,9e-06,8e-06,8e-06,3295.0,1372630
dash,2014-12-08,2.38,2.38,2.28,2.3,39250.0,11700300
dogecoin,2014-12-08,0.000229,0.00023199999999999997,0.000221,0.000221,321158.0,22069600
litecoin,2014-12-08,3.71,3.77,3.65,3.65,2295450.0,127928000
monero,2014-12-08,0.470613,0.497378,0.443479,0.44834399999999996,36453.0,2377730
ripple,2014-12-08,0.014793,0.015188,0.01319,0.013421,2568380.0,456825000
stellar,2014-12-08,0.00233,0.002466,0.002285,0.002339,34383.0,8258520
verge,2014-12-08,6e-06,7.000000000000001e-06,4e-06,4e-06,54.0,21186
bitcoin,2014-12-09,361.89,363.07,344.95,352.22,32915500.0,4917110000
bitshares,2014-12-09,0.016881999999999998,0.016881999999999998,0.014280000000000001,0.015429,482812.0,42170000
bytecoin-bcn,2014-12-09,8e-06,9e-06,7.000000000000001e-06,9e-06,4155.0,1385460
dash,2014-12-09,2.29,2.3,2.2,2.26,42493.0,11274800
dogecoin,2014-12-09,0.000221,0.00022200000000000003,0.00020899999999999998,0.00021,468821.0,21373500
litecoin,2014-12-09,3.66,3.67,3.48,3.52,3606940.0,126207000
monero,2014-12-09,0.448309,0.449525,0.38045999999999996,0.389608,28887.0,2267930
ripple,2014-12-09,0.013418000000000001,0.015071000000000001,0.013268,0.015068000000000002,1621600.0,414363000
stellar,2014-12-09,0.002339,0.0023420000000000003,0.002183,0.0022489999999999997,32197.0,8292180
verge,2014-12-09,4e-06,7.000000000000001e-06,4e-06,5e-06,39.0,13649
bitcoin,2014-12-10,352.2,352.38,346.37,346.37,16427700.0,4786700000
bitshares,2014-12-10,0.015430000000000001,0.015865999999999998,0.014987,0.015233000000000002,93733.0,38542500
bytecoin-bcn,2014-12-10,9e-06,1e-05,8e-06,1e-05,6974.0,1465050
dash,2014-12-10,2.26,2.27,2.22,2.24,39110.0,11141100
dogecoin,2014-12-10,0.00020800000000000001,0.000218,0.000206,0.00020899999999999998,415692.0,20073600
litecoin,2014-12-10,3.52,3.54,3.48,3.5,1982380.0,121787000
monero,2014-12-10,0.391179,0.419919,0.368985,0.38965900000000003,18125.0,1978920
ripple,2014-12-10,0.015071000000000001,0.015933000000000003,0.015015,0.015908000000000002,1116220.0,465401000
stellar,2014-12-10,0.002251,0.0024809999999999997,0.002245,0.002435,38567.0,7982180
verge,2014-12-10,5e-06,6e-06,4e-06,6e-06,86.0,19998
bitcoin,2014-12-11,344.34,361.36,338.76,350.51,32431300.0,4681040000
bitshares,2014-12-11,0.015216999999999998,0.015985,0.01492,0.015531,142806.0,38010700
bytecoin-bcn,2014-12-11,1e-05,1.1e-05,1e-05,1.1e-05,4522.0,1661480
dash,2014-12-11,2.23,2.33,2.2,2.29,34058.0,11019200
dogecoin,2014-12-11,0.00020800000000000001,0.00021400000000000002,0.00020299999999999997,0.000206,410013.0,20076000
litecoin,2014-12-11,3.49,3.56,3.44,3.48,2667680.0,120898000
monero,2014-12-11,0.38738,0.407224,0.376755,0.398488,22967.0,1959700
ripple,2014-12-11,0.015885,0.016374,0.015805,0.016374,1620910.0,490557000
stellar,2014-12-11,0.002427,0.002673,0.002336,0.002585,44075.0,8608130
verge,2014-12-11,6e-06,6e-06,4e-06,4e-06,63.0,22219
bitcoin,2014-12-12,350.83,352.98,349.29,352.54,16989800.0,4770620000
bitshares,2014-12-12,0.015665000000000002,0.018363,0.015404,0.017725,410686.0,39131800
bytecoin-bcn,2014-12-12,1.1e-05,1.1e-05,9e-06,1e-05,4413.0,1838340
dash,2014-12-12,2.26,2.28,2.25,2.27,31940.0,11154900
dogecoin,2014-12-12,0.000207,0.00020800000000000001,0.000205,0.000206,401861.0,20035400
litecoin,2014-12-12,3.48,3.49,3.48,3.49,2060970.0,120474000
monero,2014-12-12,0.39379899999999995,0.397863,0.372755,0.375733,16404.0,1992170
ripple,2014-12-12,0.016374,0.016374,0.016374,0.016374,1620910.0,505654000
stellar,2014-12-12,0.002554,0.002554,0.002435,0.002525,29877.0,9059130
verge,2014-12-12,4e-06,4e-06,4e-06,4e-06,208.0,13203
bitcoin,2014-12-13,352.38,352.38,346.59,347.38,11675900.0,4792870000
bitshares,2014-12-13,0.017595,0.017678,0.016916,0.017287999999999998,99206.0,43951100
bytecoin-bcn,2014-12-13,1e-05,1e-05,9e-06,1e-05,6816.0,1604330
dash,2014-12-13,2.27,2.27,2.22,2.24,26290.0,11197200
dogecoin,2014-12-13,0.000205,0.000205,0.000202,0.000202,290569.0,19870000
litecoin,2014-12-13,3.49,3.49,3.46,3.48,2121910.0,120839000
monero,2014-12-13,0.375526,0.384706,0.36859899999999995,0.375961,17428.0,1899730
ripple,2014-12-13,0.016374,0.017182,0.016374,0.016992,1210950.0,505654000
stellar,2014-12-13,0.0025239999999999998,0.002553,0.00246,0.002553,21918.0,8952690
verge,2014-12-13,4e-06,4e-06,3e-06,4e-06,119.0,13093
bitcoin,2014-12-14,346.73,353.32,345.42,351.63,12415200.0,4717270000
bitshares,2014-12-14,0.017285,0.017618,0.017016999999999997,0.017305,64658.0,43176200
bytecoin-bcn,2014-12-14,1e-05,1.1e-05,9e-06,1.1e-05,5622.0,1614130
dash,2014-12-14,2.23,2.26,2.21,2.24,29243.0,11008700
dogecoin,2014-12-14,0.000202,0.000202,0.000194,0.000196,452219.0,19580000
litecoin,2014-12-14,3.48,3.5,3.47,3.48,1547550.0,120551000
monero,2014-12-14,0.375254,0.41132399999999997,0.370846,0.383506,13827.0,1898350
ripple,2014-12-14,0.016991,0.017218,0.016977000000000003,0.017127,431814.0,524702000
stellar,2014-12-14,0.002539,0.002652,0.0024219999999999997,0.002475,27160.0,9006280
verge,2014-12-14,4e-06,4e-06,4e-06,4e-06,408.0,13585
bitcoin,2014-12-15,351.36,351.81,344.93,345.35,17264200.0,4781560000
bitshares,2014-12-15,0.017294999999999998,0.017294999999999998,0.016058000000000003,0.016287,123006.0,43203700
bytecoin-bcn,2014-12-15,1.1e-05,1.1e-05,8e-06,1e-05,4100.0,1750980
dash,2014-12-15,2.24,2.24,2.11,2.13,80270.0,11055400
dogecoin,2014-12-15,0.000195,0.000196,0.000188,0.000188,485346.0,18836200
litecoin,2014-12-15,3.48,3.48,3.45,3.45,2292030.0,120858000
monero,2014-12-15,0.386838,0.406343,0.377044,0.382897,23998.0,1956960
ripple,2014-12-15,0.017115000000000002,0.018241999999999998,0.017096,0.018241999999999998,2633740.0,528528000
stellar,2014-12-15,0.0024739999999999996,0.002604,0.002438,0.002574,43740.0,8778660
verge,2014-12-15,4e-06,6e-06,3e-06,6e-06,114.0,13288
bitcoin,2014-12-16,345.67,345.86,327.06,327.06,30864900.0,4705370000
bitshares,2014-12-16,0.016294,0.016418000000000002,0.015106999999999999,0.015361000000000001,132346.0,40701000
bytecoin-bcn,2014-12-16,1e-05,1e-05,8e-06,8e-06,5358.0,1666180
dash,2014-12-16,2.13,2.13,1.97,1.98,71365.0,10533600
dogecoin,2014-12-16,0.00018899999999999999,0.00018999999999999998,0.000172,0.000173,602312.0,18266100
litecoin,2014-12-16,3.45,3.46,2.99,3.02,5220210.0,119941000
monero,2014-12-16,0.383263,0.39198299999999997,0.334445,0.337857,41022.0,1938870
ripple,2014-12-16,0.018246000000000002,0.021681,0.018207,0.021539,6249780.0,563471000
stellar,2014-12-16,0.002573,0.0034649999999999998,0.00248,0.00325,259325.0,9129480
verge,2014-12-16,6e-06,6e-06,3e-06,3e-06,268.0,21813
bitcoin,2014-12-17,326.86,333.95,315.15,319.78,37567900.0,4450380000
bitshares,2014-12-17,0.015353,0.015608000000000002,0.014612,0.015191,294254.0,38351400
bytecoin-bcn,2014-12-17,8e-06,9e-06,8e-06,9e-06,4416.0,1413400
dash,2014-12-17,1.98,2.01,1.85,1.94,90504.0,9799650
dogecoin,2014-12-17,0.000173,0.00018899999999999999,0.000167,0.00017900000000000001,828897.0,16784700
litecoin,2014-12-17,3.01,3.07,2.9,2.94,3969240.0,104697000
monero,2014-12-17,0.347026,0.34917800000000004,0.29985900000000004,0.338319,33392.0,1755550
ripple,2014-12-17,0.021553,0.026064999999999998,0.021512,0.026064999999999998,5981140.0,665595000
stellar,2014-12-17,0.003261,0.004529999999999999,0.003214,0.004104,883715.0,11572500
verge,2014-12-17,3e-06,3e-06,2e-06,3e-06,80.0,11243
bitcoin,2014-12-18,319.79,323.71,304.23,311.4,39173000.0,4355140000
bitshares,2014-12-18,0.01519,0.015681,0.014126,0.014377000000000001,164892.0,37944700
bytecoin-bcn,2014-12-18,9e-06,9e-06,8e-06,8e-06,6226.0,1437200
dash,2014-12-18,1.94,1.94,1.77,1.81,80842.0,9596030
dogecoin,2014-12-18,0.00017900000000000001,0.000184,0.000174,0.000177,562434.0,17362400
litecoin,2014-12-18,2.94,3.0,2.7,2.81,4301260.0,102479000
monero,2014-12-18,0.338177,0.35262,0.304904,0.31638299999999997,17760.0,1710790
ripple,2014-12-18,0.026026,0.028014999999999998,0.025511000000000002,0.027939999999999996,4016710.0,803709000
stellar,2014-12-18,0.00413,0.006183,0.004012,0.006146,1247810.0,14659400
verge,2014-12-18,3e-06,3e-06,3e-06,3e-06,12.0,15878
bitcoin,2014-12-19,311.18,318.53,306.77,317.84,23823100.0,4238930000
bitshares,2014-12-19,0.014512,0.016009,0.014218999999999999,0.015159,298276.0,36251100
bytecoin-bcn,2014-12-19,8e-06,8e-06,7.000000000000001e-06,8e-06,5367.0,1372110
dash,2014-12-19,1.82,1.91,1.78,1.89,47170.0,9006200
dogecoin,2014-12-19,0.000176,0.0002,0.000173,0.000194,1050380.0,17048200
litecoin,2014-12-19,2.81,2.87,2.73,2.87,2780240.0,97712800
monero,2014-12-19,0.31616700000000003,0.34468499999999996,0.304235,0.319859,16495.0,1599440
ripple,2014-12-19,0.027975,0.028033999999999996,0.023338,0.023338,6254590.0,863897000
stellar,2014-12-19,0.0060799999999999995,0.009420999999999999,0.005220000000000001,0.00613,2205890.0,21587300
verge,2014-12-19,3e-06,3e-06,3e-06,3e-06,197.0,17720
bitcoin,2014-12-20,317.62,330.32,316.04,329.96,20856700.0,4327750000
bitshares,2014-12-20,0.015156999999999999,0.016488,0.014990999999999999,0.01581,223876.0,37862500
bytecoin-bcn,2014-12-20,7.000000000000001e-06,8e-06,7.000000000000001e-06,8e-06,7463.0,1203290
dash,2014-12-20,1.88,2.01,1.87,1.98,43232.0,9327450
dogecoin,2014-12-20,0.000194,0.000212,0.000192,0.000206,700302.0,18814600
litecoin,2014-12-20,2.87,2.94,2.87,2.92,2591650.0,99946000
monero,2014-12-20,0.319682,0.341609,0.31254899999999997,0.339099,12708.0,1684180
ripple,2014-12-20,0.023352,0.024207,0.022644,0.024207,3224770.0,721154000
stellar,2014-12-20,0.0056689999999999996,0.006207,0.004788000000000001,0.0058130000000000005,736524.0,20132800
verge,2014-12-20,3e-06,6e-06,3e-06,3e-06,62.0,18017
bitcoin,2014-12-21,329.54,329.63,318.9,320.84,15207600.0,4491320000
bitshares,2014-12-21,0.015938,0.016399,0.015207,0.016219,214441.0,39812700
bytecoin-bcn,2014-12-21,8e-06,8e-06,7.000000000000001e-06,8e-06,7516.0,1369720
dash,2014-12-21,1.98,5.78,1.9,1.91,77552.0,9816190
dogecoin,2014-12-21,0.000206,0.000206,0.000192,0.000193,443180.0,19945100
litecoin,2014-12-21,2.91,2.92,2.84,2.85,2187630.0,101680000
monero,2014-12-21,0.338958,0.356308,0.320784,0.343806,24432.0,1791620
ripple,2014-12-21,0.024225,0.025171000000000002,0.024183,0.024921000000000002,1523180.0,748110000
stellar,2014-12-21,0.005886,0.006261,0.005554,0.005871,356552.0,20903800
verge,2014-12-21,3e-06,3e-06,3e-06,3e-06,7.0,18425
bitcoin,2014-12-22,321.07,334.12,320.43,331.89,22315100.0,4376890000
bitshares,2014-12-22,0.01622,0.018300999999999998,0.015958,0.01818,523057.0,40518400
bytecoin-bcn,2014-12-22,8e-06,8e-06,7.000000000000001e-06,8e-06,4520.0,1333870
dash,2014-12-22,1.91,2.01,1.86,1.91,98570.0,9465580
dogecoin,2014-12-22,0.000193,0.0002,0.000192,0.000195,441201.0,18755200
litecoin,2014-12-22,2.86,2.91,2.84,2.89,2477440.0,99862200
monero,2014-12-22,0.343896,0.36170399999999997,0.330488,0.34479899999999997,19493.0,1823950
ripple,2014-12-22,0.02487,0.025718,0.024868,0.025562,2150370.0,770428000
stellar,2014-12-22,0.005925,0.006196,0.005553,0.005907,329485.0,21046400
verge,2014-12-22,3e-06,3e-06,3e-06,3e-06,45.0,18695
bitcoin,2014-12-23,332.02,336.29,329.6,334.57,16574200.0,4527490000
bitshares,2014-12-23,0.018038,0.018767,0.016947999999999998,0.017241,442563.0,45058200
bytecoin-bcn,2014-12-23,8e-06,9e-06,8e-06,8e-06,2829.0,1276530
dash,2014-12-23,1.9,1.95,1.87,1.92,41369.0,9456910
dogecoin,2014-12-23,0.000195,0.000198,0.000193,0.000195,419505.0,18953400
litecoin,2014-12-23,2.89,2.91,2.86,2.88,1901360.0,100889000
monero,2014-12-23,0.345175,0.381363,0.334889,0.38109299999999996,25039.0,1836840
ripple,2014-12-23,0.025555,0.025611000000000002,0.023878,0.023878,2778770.0,791660000
stellar,2014-12-23,0.005907,0.006228,0.005574,0.0058200000000000005,219787.0,20985200
verge,2014-12-23,3e-06,3e-06,3e-06,3e-06,35.0,19006
bitcoin,2014-12-24,334.38,334.74,321.36,322.53,15092300.0,4561040000
bitshares,2014-12-24,0.017242,0.018292,0.017086,0.017428,201288.0,43069600
bytecoin-bcn,2014-12-24,8e-06,8e-06,7.000000000000001e-06,7.000000000000001e-06,4537.0,1341240
dash,2014-12-24,1.92,1.99,1.76,1.93,121397.0,9532850
dogecoin,2014-12-24,0.000196,0.000197,0.00018899999999999999,0.00018999999999999998,305209.0,18984900
litecoin,2014-12-24,2.88,2.88,2.73,2.74,2076240.0,100630000
monero,2014-12-24,0.383242,0.458137,0.378322,0.425367,64963.0,2046480
ripple,2014-12-24,0.023837999999999998,0.023852,0.02316,0.023382,1428390.0,738455000
stellar,2014-12-24,0.0057740000000000005,0.005866,0.005069,0.005101,158568.0,20514900
verge,2014-12-24,3e-06,3e-06,3e-06,3e-06,19.0,19189
bitcoin,2014-12-25,322.29,322.67,316.96,319.01,9883640.0,4397250000
bitshares,2014-12-25,0.017426,0.017556,0.016318,0.016909,182924.0,43528700
bytecoin-bcn,2014-12-25,8e-06,8e-06,7.000000000000001e-06,8e-06,4624.0,1289550
dash,2014-12-25,1.92,1.93,1.78,1.8,67416.0,9570580
dogecoin,2014-12-25,0.00018999999999999998,0.00019099999999999998,0.000183,0.000185,383141.0,18407100
litecoin,2014-12-25,2.74,2.75,2.67,2.7,1640910.0,95760900
monero,2014-12-25,0.42290900000000003,0.455604,0.399465,0.452427,53937.0,2265570
ripple,2014-12-25,0.023388,0.024138,0.023387,0.024138,1234800.0,724515000
stellar,2014-12-25,0.005102000000000001,0.006204,0.005085,0.0058,244758.0,18127400
verge,2014-12-25,3e-06,6e-06,3e-06,6e-06,51.0,18536
bitcoin,2014-12-26,319.15,331.42,316.63,327.92,16410500.0,4355750000
bitshares,2014-12-26,0.016909,0.017391,0.016654,0.016791999999999998,152423.0,42237200
bytecoin-bcn,2014-12-26,8e-06,9e-06,7.000000000000001e-06,8e-06,4725.0,1278760
dash,2014-12-26,1.82,2.07,1.78,2.03,81565.0,9051380
dogecoin,2014-12-26,0.00018700000000000002,0.000193,0.000183,0.00018999999999999998,303287.0,18107900
litecoin,2014-12-26,2.7,2.81,2.68,2.78,2088360.0,94618000
monero,2014-12-26,0.456171,0.458636,0.42816099999999996,0.4337,35090.0,2451960
ripple,2014-12-26,0.024146,0.025394,0.024146,0.025308,2011780.0,748000000
stellar,2014-12-26,0.005788000000000001,0.006286,0.005742000000000001,0.006213000000000001,125258.0,20570100
verge,2014-12-26,6e-06,6e-06,3e-06,4e-06,51.0,37267
bitcoin,2014-12-27,327.58,328.91,312.63,315.86,15185200.0,4472050000
bitshares,2014-12-27,0.016789,0.017025,0.016130000000000002,0.016294,104700.0,41938200
bytecoin-bcn,2014-12-27,8e-06,9e-06,8e-06,8e-06,2838.0,1409140
dash,2014-12-27,2.03,2.03,1.9,1.95,44232.0,10096700
dogecoin,2014-12-27,0.00018999999999999998,0.00019099999999999998,0.000182,0.000184,300075.0,18442000
litecoin,2014-12-27,2.78,2.8,2.7,2.72,2180800.0,97465400
monero,2014-12-27,0.432913,0.5376810000000001,0.4099,0.5105729999999999,98086.0,2330360
ripple,2014-12-27,0.025299000000000002,0.025335,0.024066999999999998,0.024074,837992.0,783705000
stellar,2014-12-27,0.006195,0.006294,0.0057079999999999995,0.0060149999999999995,88666.0,22017800
verge,2014-12-27,4e-06,5e-06,3e-06,3e-06,116.0,22585
bitcoin,2014-12-28,316.16,320.03,311.08,317.24,11676600.0,4317320000
bitshares,2014-12-28,0.016294,0.01661,0.015825,0.016390000000000002,98140.0,40703200
bytecoin-bcn,2014-12-28,8e-06,9e-06,8e-06,8e-06,3974.0,1371270
dash,2014-12-28,1.95,1.98,1.92,1.95,32002.0,9697080
dogecoin,2014-12-28,0.000183,0.00018600000000000002,0.00017900000000000001,0.000184,309230.0,17775200
litecoin,2014-12-28,2.72,2.76,2.67,2.73,1701950.0,95424400
monero,2014-12-28,0.509646,0.611029,0.48219300000000004,0.563872,117333.0,2757730
ripple,2014-12-28,0.024078,0.024181,0.023611,0.023763999999999997,1005650.0,745890000
stellar,2014-12-28,0.006005,0.006113,0.005484,0.0058,117923.0,21344600
verge,2014-12-28,3e-06,5e-06,3e-06,5e-06,19.0,18687
bitcoin,2014-12-29,317.7,320.27,312.31,312.67,12302500.0,4339700000
bitshares,2014-12-29,0.016394,0.016597,0.015788999999999997,0.015801,109661.0,40951300
bytecoin-bcn,2014-12-29,8e-06,9e-06,8e-06,8e-06,5822.0,1330140
dash,2014-12-29,1.95,1.98,1.91,1.91,51742.0,9731420
dogecoin,2014-12-29,0.000183,0.00018600000000000002,0.000178,0.000182,403468.0,17797300
litecoin,2014-12-29,2.73,2.75,2.69,2.69,1471530.0,96020400
monero,2014-12-29,0.564681,0.572393,0.487799,0.487799,72362.0,3065720
ripple,2014-12-29,0.023778,0.024294,0.023774,0.024231,1145800.0,736587000
stellar,2014-12-29,0.005804999999999999,0.006038,0.005535,0.00562,93475.0,20636400
verge,2014-12-29,5e-06,6e-06,3e-06,3e-06,96.0,32530
bitcoin,2014-12-30,312.72,314.81,309.37,310.74,12528300.0,4272940000
bitshares,2014-12-30,0.0158,0.016069,0.015394999999999999,0.015686000000000002,112549.0,39469200
bytecoin-bcn,2014-12-30,8e-06,9e-06,8e-06,8e-06,3122.0,1358520
dash,2014-12-30,1.92,1.95,1.89,1.89,42981.0,9570430
dogecoin,2014-12-30,0.000181,0.000182,0.000177,0.00017900000000000001,353753.0,17542900
litecoin,2014-12-30,2.7,2.72,2.67,2.7,1536350.0,94764600
monero,2014-12-30,0.490338,0.530357,0.45633900000000005,0.489046,57426.0,2670650
ripple,2014-12-30,0.024229,0.024278,0.02404,0.0242,795505.0,750555000
stellar,2014-12-30,0.005591,0.005778,0.005304,0.005484,97500.0,19881200
verge,2014-12-30,3e-06,3e-06,3e-06,3e-06,43.0,18725
bitcoin,2014-12-31,310.91,320.19,310.21,320.19,13942900.0,4249480000
bitshares,2014-12-31,0.015686000000000002,0.016341,0.015513999999999998,0.016329,102287.0,39183700
bytecoin-bcn,2014-12-31,8e-06,9e-06,8e-06,9e-06,3330.0,1347780
dash,2014-12-31,1.89,1.98,1.88,1.97,52644.0,9455910
dogecoin,2014-12-31,0.00017900000000000001,0.00018700000000000002,0.000178,0.00018700000000000002,314633.0,17363000
litecoin,2014-12-31,2.7,2.73,2.69,2.72,1577550.0,95108100
monero,2014-12-31,0.486608,0.488417,0.42443500000000006,0.43466000000000005,37598.0,2659040
ripple,2014-12-31,0.024194,0.024437999999999998,0.024152,0.024437999999999998,640940.0,749477000
stellar,2014-12-31,0.0054789999999999995,0.005606,0.005344,0.005516,42091.0,19484500
verge,2014-12-31,3e-06,4e-06,3e-06,3e-06,196.0,18670
bitcoin,2015-01-01,320.44,320.44,314.0,314.25,8036550.0,4380820000
bitshares,2015-01-01,0.016329,0.016612000000000002,0.016038999999999998,0.016331000000000002,116338.0,40789700
bytecoin-bcn,2015-01-01,9e-06,1e-05,8e-06,8e-06,2403.0,1553670
dash,2015-01-01,1.97,1.97,1.93,1.94,14957.0,9860760
dogecoin,2015-01-01,0.00018600000000000002,0.00018600000000000002,0.000182,0.000183,306913.0,18119200
litecoin,2015-01-01,2.72,2.72,2.69,2.7,770693.0,95896300
monero,2015-01-01,0.436241,0.4673,0.419361,0.46576000000000006,25000.0,2391490
ripple,2015-01-01,0.024455,0.024455,0.024205,0.024390000000000002,399022.0,757566000
stellar,2015-01-01,0.005517,0.0055509999999999995,0.005406,0.005493,20514.0,19624300
verge,2015-01-01,3e-06,4e-06,3e-06,4e-06,4.0,19336
bitcoin,2015-01-02,314.08,315.84,313.56,315.03,7860650.0,4295210000
bitshares,2015-01-02,0.01633,0.016461,0.015854,0.016037,65833.0,40791200
bytecoin-bcn,2015-01-02,8e-06,9e-06,8e-06,8e-06,8176.0,1368380
dash,2015-01-02,1.94,1.95,1.9,1.94,33549.0,9710140
dogecoin,2015-01-02,0.000183,0.00018700000000000002,0.000182,0.00018600000000000002,356017.0,17768800
litecoin,2015-01-02,2.7,2.7,2.66,2.67,855392.0,95029800
monero,2015-01-02,0.473272,0.488038,0.434144,0.45913699999999996,34884.0,2602560
ripple,2015-01-02,0.024377,0.024423,0.024309,0.024318,459956.0,755156000
stellar,2015-01-02,0.005438,0.005605,0.005424,0.005481000000000001,55381.0,19342400
verge,2015-01-02,4e-06,4e-06,3e-06,3e-06,23.0,22051
bitcoin,2015-01-03,314.85,315.15,281.08,281.08,33054400.0,4307010000
bitshares,2015-01-03,0.016055,0.016152,0.014946000000000001,0.014946000000000001,164287.0,40104500
bytecoin-bcn,2015-01-03,8e-06,8e-06,7.000000000000001e-06,7.000000000000001e-06,5416.0,1363860
dash,2015-01-03,1.94,1.97,1.72,1.72,62136.0,9706160
dogecoin,2015-01-03,0.000184,0.00018600000000000002,0.000167,0.000167,285574.0,17904500
litecoin,2015-01-03,2.67,2.67,2.13,2.13,5193080.0,94017000
monero,2015-01-03,0.45917299999999994,0.490255,0.45160100000000003,0.461172,42366.0,2525370
ripple,2015-01-03,0.024297,0.024317,0.022106,0.022106,2171040.0,752687000
stellar,2015-01-03,0.005473,0.005494,0.0046689999999999995,0.004672,135921.0,19470100
verge,2015-01-03,3e-06,3e-06,3e-06,3e-06,40.0,20018
bitcoin,2015-01-04,281.15,287.23,257.61,264.19,55629100.0,3847150000
bitshares,2015-01-04,0.014832,0.014959,0.013381,0.013713,387279.0,37050700
bytecoin-bcn,2015-01-04,7.000000000000001e-06,8e-06,7.000000000000001e-06,8e-06,3239.0,1225950
dash,2015-01-04,1.72,1.74,1.56,1.63,60683.0,8596550
dogecoin,2015-01-04,0.000168,0.000169,0.000155,0.00015800000000000002,379150.0,16319300
litecoin,2015-01-04,2.11,2.15,1.91,1.96,3888140.0,74465900
monero,2015-01-04,0.46661800000000003,0.46779,0.398095,0.417234,29438.0,2582190
ripple,2015-01-04,0.0221,0.022142,0.018828,0.018928,3801010.0,684619000
stellar,2015-01-04,0.004572,0.0047729999999999995,0.004253,0.004416,137593.0,16268200
verge,2015-01-04,3e-06,3e-06,3e-06,3e-06,6.0,17322
bitcoin,2015-01-05,265.08,278.34,265.08,274.47,43962800.0,3628490000
bitshares,2015-01-05,0.013581000000000001,0.014466999999999999,0.013581000000000001,0.01435,195918.0,33925000
bytecoin-bcn,2015-01-05,8e-06,8e-06,7.000000000000001e-06,7.000000000000001e-06,1867.0,1328640
dash,2015-01-05,1.63,1.69,1.61,1.67,43764.0,8171360
dogecoin,2015-01-05,0.00015900000000000002,0.000166,0.000157,0.000161,574552.0,15421900
litecoin,2015-01-05,1.96,2.16,1.96,2.08,10649500.0,69148700
monero,2015-01-05,0.411376,0.44728900000000005,0.393024,0.421412,35008.0,2283900
ripple,2015-01-05,0.018943,0.020316,0.01889,0.020316,3051930.0,586821000
stellar,2015-01-05,0.004422,0.005094,0.00441,0.004947,144416.0,15737900
verge,2015-01-05,3e-06,3e-06,2e-06,2e-06,5.0,16903
bitcoin,2015-01-06,274.61,287.55,272.7,286.19,23245700.0,3759970000
bitshares,2015-01-06,0.014355000000000001,0.014516999999999999,0.013914,0.014516999999999999,100320.0,35859200
bytecoin-bcn,2015-01-06,7.000000000000001e-06,1e-05,7.000000000000001e-06,1e-05,5398.0,1242030
dash,2015-01-06,1.67,1.72,1.63,1.72,31130.0,8386380
dogecoin,2015-01-06,0.000161,0.00016999999999999999,0.000161,0.000168,319517.0,15699600
litecoin,2015-01-06,2.08,2.12,2.04,2.11,3242950.0,73663300
monero,2015-01-06,0.42162,0.477287,0.40964399999999995,0.461609,34747.0,2348070
ripple,2015-01-06,0.020325,0.020745,0.020281999999999998,0.020732,1752160.0,629636000
stellar,2015-01-06,0.0049689999999999995,0.005005,0.0047810000000000005,0.004972,73403.0,17687100
verge,2015-01-06,2e-06,6e-06,2e-06,3e-06,324.0,14739
bitcoin,2015-01-07,286.08,298.75,283.08,294.34,24866800.0,3918090000
bitshares,2015-01-07,0.014516,0.015083000000000001,0.014421000000000002,0.015025,108749.0,36261800
bytecoin-bcn,2015-01-07,1e-05,1e-05,9e-06,9e-06,1764.0,1683260
dash,2015-01-07,1.72,1.75,1.69,1.72,28206.0,8606930
dogecoin,2015-01-07,0.000167,0.000175,0.000166,0.000173,383032.0,16269700
litecoin,2015-01-07,2.12,2.15,2.08,2.12,3388950.0,74913200
monero,2015-01-07,0.461614,0.477443,0.446402,0.463607,21150.0,2578210
ripple,2015-01-07,0.020727000000000002,0.020899,0.020492,0.020843,787462.0,642092000
stellar,2015-01-07,0.004972,0.0052840000000000005,0.004899000000000001,0.0052840000000000005,84601.0,17702900
verge,2015-01-07,3e-06,3e-06,3e-06,3e-06,8.0,17776
bitcoin,2015-01-08,294.13,294.13,282.18,283.35,19982500.0,4029490000
bitshares,2015-01-08,0.015022,0.015053,0.01414,0.01436,103815.0,37524100
bytecoin-bcn,2015-01-08,9e-06,1.1e-05,9e-06,9e-06,4321.0,1525170
dash,2015-01-08,1.71,1.74,1.68,1.72,38890.0,8594610
dogecoin,2015-01-08,0.000173,0.000174,0.000166,0.000168,354778.0,16858000
litecoin,2015-01-08,2.12,2.12,2.0,2.01,2924520.0,74876300
monero,2015-01-08,0.472087,0.472087,0.429126,0.429175,18235.0,2645040
ripple,2015-01-08,0.020843,0.020916999999999998,0.020668000000000002,0.020676,823446.0,645667000
stellar,2015-01-08,0.0052829999999999995,0.00584,0.005209,0.005567,222723.0,18813500
verge,2015-01-08,3e-06,6e-06,2e-06,5e-06,230.0,20564
bitcoin,2015-01-09,282.38,291.11,280.53,290.41,18718600.0,3869530000
bitshares,2015-01-09,0.014347,0.014472,0.014015000000000001,0.014356,94073.0,35837900
bytecoin-bcn,2015-01-09,9e-06,1e-05,9e-06,9e-06,4728.0,1552790
dash,2015-01-09,1.72,1.74,1.69,1.71,45656.0,8616520
dogecoin,2015-01-09,0.000167,0.000172,0.000165,0.000171,395032.0,16270200
litecoin,2015-01-09,2.01,2.01,1.96,1.98,1951160.0,71195200
monero,2015-01-09,0.42842600000000003,0.441486,0.41326199999999996,0.43180100000000005,15357.0,2407840
ripple,2015-01-09,0.02065,0.020665,0.020512,0.020576,1092300.0,639700000
stellar,2015-01-09,0.005557,0.005645000000000001,0.005321,0.005622,83886.0,19793400
verge,2015-01-09,5e-06,8e-06,5e-06,6e-06,507.0,33330
bitcoin,2015-01-10,287.3,288.13,273.97,274.8,15264300.0,3937990000
bitshares,2015-01-10,0.014357,0.014462000000000001,0.0135,0.013729,110640.0,35862900
bytecoin-bcn,2015-01-10,9e-06,1e-05,9e-06,9e-06,4849.0,1554460
dash,2015-01-10,1.73,1.73,1.62,1.66,65124.0,8665460
dogecoin,2015-01-10,0.000171,0.000173,0.000161,0.000162,351577.0,16613900
litecoin,2015-01-10,1.97,1.98,1.62,1.65,2911190.0,69838100
monero,2015-01-10,0.425966,0.43023199999999995,0.370869,0.419216,23213.0,2400600
ripple,2015-01-10,0.020623,0.020623,0.01923,0.019233,1550330.0,638861000
stellar,2015-01-10,0.005625,0.005678,0.0049689999999999995,0.00518,123545.0,20039300
verge,2015-01-10,6e-06,8e-06,5e-06,5e-06,114.0,35376
bitcoin,2015-01-11,274.61,279.64,265.04,265.66,18200800.0,3764960000
bitshares,2015-01-11,0.013730000000000001,0.013793000000000001,0.013106999999999999,0.013374,161039.0,34297200
bytecoin-bcn,2015-01-11,9e-06,9e-06,8e-06,8e-06,1488.0,1521660
dash,2015-01-11,1.66,1.69,1.62,1.64,43774.0,8331940
dogecoin,2015-01-11,0.000162,0.000166,0.00015900000000000002,0.00016,168072.0,15811800
litecoin,2015-01-11,1.65,1.88,1.64,1.72,2581500.0,58665800
monero,2015-01-11,0.418943,0.41952799999999996,0.372444,0.37874800000000003,12932.0,2369310
ripple,2015-01-11,0.019244,0.019287000000000002,0.018755,0.018765,558120.0,596151000
stellar,2015-01-11,0.005179,0.005301,0.004961,0.005062,40552.0,18456000
verge,2015-01-11,5e-06,8e-06,5e-06,8e-06,496.0,34398
bitcoin,2015-01-12,266.15,272.2,265.2,267.8,18880300.0,3649970000
bitshares,2015-01-12,0.013383,0.013425,0.012544,0.01277,157937.0,33429600
bytecoin-bcn,2015-01-12,8e-06,9e-06,8e-06,9e-06,3122.0,1424180
dash,2015-01-12,1.64,1.67,1.62,1.66,46532.0,8232030
dogecoin,2015-01-12,0.00016,0.000162,0.000156,0.000156,364158.0,15627800
litecoin,2015-01-12,1.72,1.79,1.7,1.71,1738370.0,60986100
monero,2015-01-12,0.378873,0.38503699999999996,0.36025300000000005,0.364316,12038.0,2149210
ripple,2015-01-12,0.018782,0.018853,0.018434,0.018434,560642.0,581824000
stellar,2015-01-12,0.005039,0.005069,0.004784,0.004903,60808.0,17962800
verge,2015-01-12,8e-06,1.3000000000000001e-05,8e-06,1e-05,1134.0,51058
bitcoin,2015-01-13,267.39,268.28,219.91,225.86,72843900.0,3668040000
bitshares,2015-01-13,0.012773999999999999,0.012901,0.010717,0.01072,381771.0,31908400
bytecoin-bcn,2015-01-13,9e-06,9e-06,8e-06,8e-06,4791.0,1481010
dash,2015-01-13,1.66,1.67,1.33,1.35,77956.0,8343790
dogecoin,2015-01-13,0.000156,0.000157,0.000133,0.000136,541356.0,15198200
litecoin,2015-01-13,1.71,1.72,1.53,1.54,4039950.0,60769100
monero,2015-01-13,0.363763,0.365199,0.297354,0.309479,15632.0,2069830
ripple,2015-01-13,0.018428,0.020768000000000002,0.015599000000000002,0.015648,3113440.0,570861000
stellar,2015-01-13,0.004868,0.004908,0.003926,0.004053,131331.0,17356200
verge,2015-01-13,9e-06,1.2e-05,7.000000000000001e-06,9e-06,487.0,60113
bitcoin,2015-01-14,223.89,223.89,171.51,178.1,97638700.0,3072020000
bitshares,2015-01-14,0.010711,0.010851999999999999,0.008568000000000001,0.009099,482673.0,26756000
bytecoin-bcn,2015-01-14,8e-06,8e-06,6e-06,7.000000000000001e-06,1955.0,1317410
dash,2015-01-14,1.34,1.35,1.05,1.08,41255.0,6754020
dogecoin,2015-01-14,0.000135,0.000136,0.000113,0.00011499999999999999,578144.0,13202400
litecoin,2015-01-14,1.55,1.58,1.11,1.16,4721280.0,55102200
monero,2015-01-14,0.30040900000000004,0.304722,0.21296700000000002,0.22352199999999997,20845.0,1714500
ripple,2015-01-14,0.015611000000000002,0.022335,0.014112999999999999,0.014233,1886420.0,483608000
stellar,2015-01-14,0.00402,0.004385,0.0036880000000000003,0.004318,181567.0,14335800
verge,2015-01-14,9e-06,9e-06,4e-06,6e-06,151.0,54459
bitcoin,2015-01-15,176.9,229.07,176.9,209.84,81773500.0,2427830000
bitshares,2015-01-15,0.00911,0.011542,0.00911,0.011175,360132.0,22757300
bytecoin-bcn,2015-01-15,7.000000000000001e-06,9e-06,7.000000000000001e-06,7.000000000000001e-06,1100.0,1188900
dash,2015-01-15,1.08,1.35,1.08,1.29,31672.0,5421460
dogecoin,2015-01-15,0.00011499999999999999,0.000152,0.00011499999999999999,0.00014,763181.0,11237700
litecoin,2015-01-15,1.15,1.38,1.15,1.28,3487080.0,41039000
monero,2015-01-15,0.220121,0.273713,0.220121,0.261714,14019.0,1260140
ripple,2015-01-15,0.014204,0.016536000000000002,0.014204,0.016444,2285810.0,440025000
stellar,2015-01-15,0.004332,0.005367,0.004332,0.005013,196676.0,15452100
verge,2015-01-15,6e-06,9e-06,5e-06,7.000000000000001e-06,35.0,36759
bitcoin,2015-01-16,209.07,221.59,199.77,208.1,38421000.0,2870180000
bitshares,2015-01-16,0.01115,0.011662,0.010522,0.0107,204328.0,27852400
bytecoin-bcn,2015-01-16,7.000000000000001e-06,9e-06,7.000000000000001e-06,8e-06,3456.0,1193200
dash,2015-01-16,1.29,1.38,1.23,1.28,67351.0,6493510
dogecoin,2015-01-16,0.00014,0.000145,0.000136,0.00014199999999999998,512342.0,13680800
litecoin,2015-01-16,1.28,1.47,1.27,1.4,2669280.0,45481900
monero,2015-01-16,0.260538,0.282141,0.24761799999999998,0.278449,14483.0,1496130
ripple,2015-01-16,0.016449000000000002,0.017093999999999998,0.016361,0.016403,1651550.0,509568000
stellar,2015-01-16,0.00498,0.005102000000000001,0.004312,0.004458,129665.0,17768800
verge,2015-01-16,6e-06,7.000000000000001e-06,5e-06,5e-06,69.0,41419
bitcoin,2015-01-17,207.83,211.73,194.88,199.26,23469700.0,2853930000
bitshares,2015-01-17,0.010705,0.010844,0.009767,0.0102,130744.0,26740300
bytecoin-bcn,2015-01-17,8e-06,8e-06,8e-06,8e-06,1084.0,1338180
dash,2015-01-17,1.27,1.29,1.18,1.22,29037.0,6428910
dogecoin,2015-01-17,0.00014199999999999998,0.000143,0.000132,0.000135,251985.0,13802000
litecoin,2015-01-17,1.4,1.4,1.25,1.29,1514960.0,49811400
monero,2015-01-17,0.282024,0.284548,0.236521,0.24805700000000003,12834.0,1624370
ripple,2015-01-17,0.016393,0.016401,0.015361000000000001,0.015361000000000001,737736.0,507827000
stellar,2015-01-17,0.004366,0.004647999999999999,0.004297,0.0046170000000000004,39285.0,15582800
verge,2015-01-17,5e-06,6e-06,4e-06,6e-06,47.0,33038
bitcoin,2015-01-18,200.05,218.69,194.51,210.34,30085100.0,2747730000
bitshares,2015-01-18,0.010211,0.010966,0.010038,0.010512,136171.0,25506300
bytecoin-bcn,2015-01-18,8e-06,1e-05,8e-06,8e-06,2795.0,1373820
dash,2015-01-18,1.22,1.35,1.19,1.31,43795.0,6179800
dogecoin,2015-01-18,0.000135,0.000147,0.000133,0.00014,302411.0,13191900
litecoin,2015-01-18,1.3,1.37,1.23,1.33,1694820.0,46219800
monero,2015-01-18,0.24873,0.269781,0.232751,0.258656,11861.0,1436750
ripple,2015-01-18,0.015386000000000002,0.015806,0.015092,0.015622,1170730.0,476629000
stellar,2015-01-18,0.00465,0.0050030000000000005,0.004397,0.004739,54344.0,16601000
verge,2015-01-18,6e-06,7.000000000000001e-06,5e-06,7.000000000000001e-06,19.0,39487
bitcoin,2015-01-19,211.47,216.73,207.32,214.86,18658300.0,2905410000
bitshares,2015-01-19,0.01053,0.010952,0.010406,0.010806999999999999,97394.0,26304400
bytecoin-bcn,2015-01-19,8e-06,9e-06,7.000000000000001e-06,7.000000000000001e-06,1807.0,1424770
dash,2015-01-19,1.31,1.37,1.31,1.37,53757.0,6640150
dogecoin,2015-01-19,0.00014,0.00014199999999999998,0.000136,0.00014,336240.0,13646000
litecoin,2015-01-19,1.33,1.36,1.31,1.34,728641.0,47416500
monero,2015-01-19,0.255703,0.26484,0.237711,0.254181,17060.0,1481490
ripple,2015-01-19,0.015657,0.016017,0.015650999999999998,0.015991,1093540.0,485018000
stellar,2015-01-19,0.004755,0.005071,0.004654999999999999,0.004829,57052.0,16982200
verge,2015-01-19,7.000000000000001e-06,7.000000000000001e-06,4e-06,6e-06,12.0,43497
bitcoin,2015-01-20,212.91,215.24,205.15,211.31,24051100.0,2925910000
bitshares,2015-01-20,0.010812,0.011148,0.010491,0.011148,135447.0,27008300
bytecoin-bcn,2015-01-20,7.000000000000001e-06,8e-06,7.000000000000001e-06,8e-06,2812.0,1181000
dash,2015-01-20,1.36,1.43,1.32,1.43,68855.0,6855510
dogecoin,2015-01-20,0.000139,0.000145,0.00013700000000000002,0.00014099999999999998,344858.0,13611800
litecoin,2015-01-20,1.34,1.34,1.3,1.32,1069660.0,47896600
monero,2015-01-20,0.253765,0.254656,0.230319,0.236223,8074.0,1474700
ripple,2015-01-20,0.015947,0.016114,0.01585,0.016112,1029700.0,494001000
stellar,2015-01-20,0.004804,0.0048590000000000005,0.0046689999999999995,0.004743,35159.0,17163400
verge,2015-01-20,6e-06,6e-06,4e-06,4e-06,120.0,36014
bitcoin,2015-01-21,211.38,227.79,211.21,226.9,29924600.0,2905520000
bitshares,2015-01-21,0.011147,0.011922,0.011111,0.011545,202562.0,27845400
bytecoin-bcn,2015-01-21,8e-06,9e-06,8e-06,9e-06,2917.0,1389030
dash,2015-01-21,1.43,1.62,1.42,1.6,108223.0,7212260
dogecoin,2015-01-21,0.00014099999999999998,0.000155,0.00014099999999999998,0.000153,542117.0,13735200
litecoin,2015-01-21,1.32,1.37,1.32,1.37,1191370.0,47325500
monero,2015-01-21,0.24065599999999998,0.262472,0.232988,0.261268,10021.0,1402630
ripple,2015-01-21,0.016108,0.016717,0.016108,0.016653,1141990.0,498982000
stellar,2015-01-21,0.00477,0.0050810000000000004,0.00477,0.005054,65656.0,17047700
verge,2015-01-21,4e-06,6e-06,4e-06,5e-06,75.0,26935
bitcoin,2015-01-22,227.32,237.02,226.43,233.41,33544600.0,3125520000
bitshares,2015-01-22,0.011434999999999999,0.012454,0.0114,0.012287000000000001,193223.0,28565600
bytecoin-bcn,2015-01-22,9e-06,1e-05,9e-06,1e-05,1885.0,1553260
dash,2015-01-22,1.6,1.71,1.55,1.63,73737.0,8084380
dogecoin,2015-01-22,0.000153,0.00015900000000000002,0.000153,0.000155,386500.0,14946800
litecoin,2015-01-22,1.37,1.45,1.37,1.42,1660700.0,49163200
monero,2015-01-22,0.261508,0.287439,0.257221,0.273442,15643.0,1528690
ripple,2015-01-22,0.0167,0.017041999999999998,0.016671000000000002,0.01701,1105630.0,517337000
stellar,2015-01-22,0.004988,0.005217,0.004908,0.004914,59947.0,17835000
verge,2015-01-22,5e-06,5e-06,4e-06,4e-06,8.0,30624
bitcoin,2015-01-23,233.52,234.84,225.2,232.88,24621700.0,3211490000
bitshares,2015-01-23,0.01229,0.012425,0.011509,0.011755,157654.0,30700300
bytecoin-bcn,2015-01-23,1e-05,1.1e-05,9e-06,1e-05,5129.0,1706880
dash,2015-01-23,1.63,1.64,1.56,1.59,70270.0,8246490
dogecoin,2015-01-23,0.000155,0.000157,0.00015,0.000156,285910.0,15153000
litecoin,2015-01-23,1.41,1.43,1.38,1.43,1267530.0,50568400
monero,2015-01-23,0.273993,0.289574,0.25546399999999997,0.283141,12269.0,1606240
ripple,2015-01-23,0.017013,0.017013,0.016694,0.016734,1080800.0,527018000
stellar,2015-01-23,0.004915999999999999,0.004915999999999999,0.0047079999999999995,0.004881,42575.0,17582600
verge,2015-01-23,4e-06,5e-06,4e-06,4e-06,17.0,28402
bitcoin,2015-01-24,232.7,248.21,230.02,247.85,24782500.0,3200970000
bitshares,2015-01-24,0.011752,0.012243,0.011195,0.012107999999999999,268810.0,29355900
bytecoin-bcn,2015-01-24,1e-05,1.2e-05,1e-05,1.2e-05,5307.0,1648500
dash,2015-01-24,1.6,1.74,1.58,1.74,51767.0,8120840
dogecoin,2015-01-24,0.000156,0.000167,0.000155,0.000166,312520.0,15260400
litecoin,2015-01-24,1.43,1.89,1.42,1.84,4858920.0,51269500
monero,2015-01-24,0.279997,0.30649099999999996,0.266452,0.298369,16130.0,1646270
ripple,2015-01-24,0.01672,0.016868,0.016597999999999998,0.016736,945649.0,517947000
stellar,2015-01-24,0.004875,0.005101,0.004806,0.005038,59006.0,17441200
verge,2015-01-24,4e-06,6e-06,4e-06,4e-06,27.0,28820
bitcoin,2015-01-25,247.35,255.07,243.89,253.72,33582700.0,3403300000
bitshares,2015-01-25,0.012103000000000001,0.01251,0.011495,0.01178,207520.0,30232500
bytecoin-bcn,2015-01-25,1.2e-05,1.4000000000000001e-05,1.2e-05,1.3000000000000001e-05,2206.0,2044800
dash,2015-01-25,1.74,1.82,1.72,1.81,60453.0,8801230
dogecoin,2015-01-25,0.000166,0.000171,0.000161,0.000166,335878.0,16247300
litecoin,2015-01-25,1.84,2.37,1.84,2.25,9178540.0,66065700
monero,2015-01-25,0.297115,0.33284,0.295258,0.310227,24533.0,1752130
ripple,2015-01-25,0.016703,0.016918,0.016393,0.016578,892182.0,517430000
stellar,2015-01-25,0.00503,0.005083,0.00471,0.00479,69844.0,18006200
verge,2015-01-25,4e-06,8e-06,4e-06,5e-06,61.0,28198
bitcoin,2015-01-26,254.08,309.38,254.08,273.47,106794000.0,3496650000
bitshares,2015-01-26,0.011777,0.012882,0.011622,0.011789,412836.0,29419600
bytecoin-bcn,2015-01-26,1.3000000000000001e-05,1.4999999999999999e-05,1.1e-05,1.1e-05,5125.0,2201310
dash,2015-01-26,1.81,2.09,1.79,1.88,110222.0,9158080
dogecoin,2015-01-26,0.000167,0.000184,0.000162,0.00016299999999999998,667846.0,16306300
litecoin,2015-01-26,2.25,2.39,2.06,2.08,8803090.0,80604000
monero,2015-01-26,0.315818,0.362985,0.299823,0.317078,29144.0,1867840
ripple,2015-01-26,0.016586,0.017808,0.015831,0.016019,3079280.0,513812000
stellar,2015-01-26,0.004806,0.005161,0.004605,0.0047090000000000005,148296.0,17208500
verge,2015-01-26,5e-06,6e-06,3e-06,6e-06,47.0,33149
bitcoin,2015-01-27,273.17,275.48,250.65,263.48,44399000.0,3760210000
bitshares,2015-01-27,0.011777,0.011909999999999999,0.011337999999999999,0.011559,137935.0,29418100
bytecoin-bcn,2015-01-27,1.1e-05,1.1e-05,9e-06,9e-06,4373.0,1917580
dash,2015-01-27,1.87,1.89,1.68,1.82,73397.0,9507040
dogecoin,2015-01-27,0.00016299999999999998,0.000166,0.000153,0.00015800000000000002,378360.0,15957800
litecoin,2015-01-27,2.07,2.14,1.87,2.09,4502690.0,74514900
monero,2015-01-27,0.31654,0.33059299999999997,0.288746,0.320371,17844.0,1877370
ripple,2015-01-27,0.016007,0.016065,0.015461,0.015841,1316000.0,495869000
stellar,2015-01-27,0.004706,0.0049380000000000005,0.004435000000000001,0.004816,92001.0,16860000
verge,2015-01-27,6e-06,6e-06,3e-06,6e-06,49.0,40866
bitcoin,2015-01-28,263.35,266.54,227.05,233.91,44352200.0,3626050000
bitshares,2015-01-28,0.011448,0.011715999999999999,0.010383,0.010537999999999999,107569.0,28595800
bytecoin-bcn,2015-01-28,9e-06,1e-05,8e-06,8e-06,4758.0,1526470
dash,2015-01-28,1.82,1.82,1.6,1.65,67481.0,9238150
dogecoin,2015-01-28,0.00015800000000000002,0.000161,0.00014199999999999998,0.000144,229336.0,15464600
litecoin,2015-01-28,2.09,2.13,1.81,1.87,3295480.0,75192600
monero,2015-01-28,0.31901799999999997,0.33009499999999997,0.276252,0.290979,16093.0,1897440
ripple,2015-01-28,0.015836000000000003,0.015931999999999998,0.014918,0.014969999999999999,1380280.0,490560000
stellar,2015-01-28,0.0048119999999999994,0.005431,0.004415,0.004895,30636.0,17246900
verge,2015-01-28,6e-06,6e-06,4e-06,5e-06,41.0,36460
bitcoin,2015-01-29,233.35,238.71,220.71,233.51,32213400.0,3213920000
bitshares,2015-01-29,0.010541,0.01066,0.01004,0.010251999999999999,134570.0,26330400
bytecoin-bcn,2015-01-29,8e-06,9e-06,8e-06,8e-06,1671.0,1418300
dash,2015-01-29,1.64,1.68,1.58,1.64,67225.0,8338510
dogecoin,2015-01-29,0.000146,0.000148,0.000139,0.000147,253694.0,14253400
litecoin,2015-01-29,1.88,1.95,1.83,1.92,2191570.0,67529300
monero,2015-01-29,0.29027600000000003,0.318331,0.280945,0.309911,27625.0,1731140
ripple,2015-01-29,0.014966,0.014988999999999999,0.014537999999999999,0.014706,1097200.0,463609000
stellar,2015-01-29,0.004899000000000001,0.0049770000000000005,0.00418,0.004556,92086.0,17564700
verge,2015-01-29,5e-06,5e-06,3e-06,5e-06,17.0,30775
bitcoin,2015-01-30,232.77,242.85,225.84,226.43,26605200.0,3206940000
bitshares,2015-01-30,0.010247,0.010597,0.01012,0.0104,90308.0,25598000
bytecoin-bcn,2015-01-30,8e-06,9e-06,8e-06,8e-06,2218.0,1410960
dash,2015-01-30,1.64,1.7,1.61,1.64,53994.0,8332160
dogecoin,2015-01-30,0.000146,0.000151,0.00014199999999999998,0.00014199999999999998,218528.0,14328800
litecoin,2015-01-30,1.91,1.98,1.89,1.9,1805110.0,68945600
monero,2015-01-30,0.306139,0.321144,0.28675500000000004,0.294018,21911.0,1831440
ripple,2015-01-30,0.014691,0.014815,0.014438,0.014443000000000001,807399.0,455096000
stellar,2015-01-30,0.004546,0.005051,0.004416,0.004462,41892.0,16306400
verge,2015-01-30,5e-06,5e-06,4e-06,4e-06,3.0,29758
bitcoin,2015-01-31,226.44,233.5,216.31,217.46,23348200.0,3120490000
bitshares,2015-01-31,0.010395,0.010671,0.010125,0.010125,182219.0,25966200
bytecoin-bcn,2015-01-31,8e-06,9e-06,7.000000000000001e-06,9e-06,2363.0,1300230
dash,2015-01-31,1.64,1.68,1.6,1.61,33035.0,8341480
dogecoin,2015-01-31,0.000143,0.000146,0.000138,0.000139,237750.0,13949400
litecoin,2015-01-31,1.9,1.94,1.87,1.87,1205140.0,68341300
monero,2015-01-31,0.294042,0.30237600000000003,0.279501,0.28436300000000003,10211.0,1764140
ripple,2015-01-31,0.014440999999999999,0.01464,0.014271,0.014297999999999998,557619.0,447342000
stellar,2015-01-31,0.004445,0.005525,0.004334,0.004334,24903.0,15950700
verge,2015-01-31,4e-06,5e-06,3e-06,4e-06,13.0,28240
bitcoin,2015-02-01,216.87,231.57,212.01,226.97,29128500.0,2989460000
bitshares,2015-02-01,0.010147,0.010546999999999999,0.010029999999999999,0.010466,122707.0,25347400
bytecoin-bcn,2015-02-01,9e-06,1e-05,8e-06,1e-05,5840.0,1494620
dash,2015-02-01,1.61,1.93,1.56,1.88,296157.0,8174880
dogecoin,2015-02-01,0.000138,0.000147,0.000136,0.000144,199772.0,13541300
litecoin,2015-02-01,1.88,1.88,1.68,1.8,2661610.0,67769100
monero,2015-02-01,0.28361,0.311151,0.27270300000000003,0.299954,17051.0,1706270
ripple,2015-02-01,0.014286000000000002,0.014331,0.014088,0.014138999999999999,852106.0,442562000
stellar,2015-02-01,0.004325,0.00439,0.003901,0.004142,70975.0,15527200
verge,2015-02-01,4e-06,6e-06,4e-06,4e-06,8.0,29343
bitcoin,2015-02-02,226.49,242.18,222.66,238.23,30612100.0,3123010000
bitshares,2015-02-02,0.010458,0.010740999999999999,0.010374,0.010505,111577.0,26122800
bytecoin-bcn,2015-02-02,1e-05,1e-05,9e-06,1e-05,2121.0,1626840
dash,2015-02-02,1.88,1.96,1.78,1.93,154511.0,9552660
dogecoin,2015-02-02,0.000144,0.000152,0.00014199999999999998,0.000151,186184.0,14068400
litecoin,2015-02-02,1.81,1.88,1.75,1.88,1955370.0,65442400
monero,2015-02-02,0.30080999999999997,0.305869,0.28394400000000003,0.301242,16725.0,1814850
ripple,2015-02-02,0.014137,0.014199000000000002,0.013534000000000001,0.013669999999999998,1482760.0,437940000
stellar,2015-02-02,0.004137,0.004324000000000001,0.003934,0.00418,28423.0,14857100
verge,2015-02-02,4e-06,5e-06,2e-06,3e-06,35.0,24994
bitcoin,2015-02-03,237.45,245.96,224.48,227.27,40783700.0,3275110000
bitshares,2015-02-03,0.010504000000000001,0.010763,0.010073,0.010223999999999999,106252.0,26238000
bytecoin-bcn,2015-02-03,1e-05,1e-05,9e-06,9e-06,1129.0,1650610
dash,2015-02-03,1.93,1.96,1.75,1.79,62006.0,9820270
dogecoin,2015-02-03,0.00015,0.000156,0.000144,0.000147,287036.0,14728300
litecoin,2015-02-03,1.87,1.94,1.81,1.82,2425490.0,67712400
monero,2015-02-03,0.300962,0.307398,0.275777,0.288734,11397.0,1820860
ripple,2015-02-03,0.013658000000000002,0.013711000000000001,0.012983000000000001,0.013025,1264170.0,423108000
stellar,2015-02-03,0.0041600000000000005,0.004187,0.00371,0.00375,38689.0,14943900
verge,2015-02-03,3e-06,4e-06,2e-06,4e-06,57.0,18208
bitcoin,2015-02-04,227.51,230.06,221.11,226.85,26594300.0,3138700000
bitshares,2015-02-04,0.010237999999999999,0.010384000000000001,0.010055,0.010362999999999999,161694.0,25573000
bytecoin-bcn,2015-02-04,9e-06,1.2e-05,9e-06,1.2e-05,5723.0,1574980
dash,2015-02-04,1.78,1.86,1.77,1.83,58636.0,9079530
dogecoin,2015-02-04,0.000148,0.000148,0.000143,0.000147,197966.0,14489800
litecoin,2015-02-04,1.82,1.84,1.76,1.79,3683490.0,65838100
monero,2015-02-04,0.289054,0.296241,0.265131,0.289486,19736.0,1753690
ripple,2015-02-04,0.013027,0.013526,0.013027,0.013498,625444.0,403548000
stellar,2015-02-04,0.003751,0.0038179999999999998,0.0036409999999999997,0.0037649999999999997,33568.0,13479800
verge,2015-02-04,4e-06,5e-06,2e-06,2e-06,188.0,25188
bitcoin,2015-02-05,227.66,239.41,214.72,217.11,22516400.0,3141730000
bitshares,2015-02-05,0.010367,0.010395999999999999,0.009968000000000001,0.010066,95648.0,25897700
bytecoin-bcn,2015-02-05,1.2e-05,1.2e-05,1.1e-05,1.1e-05,4408.0,1950790
dash,2015-02-05,1.83,1.89,1.73,1.77,49522.0,9349800
dogecoin,2015-02-05,0.000147,0.000152,0.00014,0.00014199999999999998,153575.0,14411200
litecoin,2015-02-05,1.79,1.81,1.73,1.74,4490700.0,64942100
monero,2015-02-05,0.289486,0.298088,0.266988,0.272273,13746.0,1761170
ripple,2015-02-05,0.013503,0.014472,0.013503,0.014466,1221720.0,418285000
stellar,2015-02-05,0.0037649999999999997,0.004024,0.0036049999999999997,0.004001,48565.0,13530400
verge,2015-02-05,2e-06,5e-06,2e-06,3e-06,45.0,15181
bitcoin,2015-02-06,216.92,230.51,216.23,222.27,24435300.0,2994350000
bitshares,2015-02-06,0.010053,0.010304,0.010006999999999999,0.010244,69281.0,25126100
bytecoin-bcn,2015-02-06,1.1e-05,1.2e-05,1.1e-05,1.1e-05,1988.0,1861770
dash,2015-02-06,1.77,1.87,1.74,1.79,40361.0,9042210
dogecoin,2015-02-06,0.00014099999999999998,0.000146,0.00014,0.000144,95764.0,13811000
litecoin,2015-02-06,1.74,1.83,1.74,1.76,2332680.0,63021100
monero,2015-02-06,0.272327,0.281941,0.262469,0.27077199999999996,14473.0,1661450
ripple,2015-02-06,0.014473,0.015493999999999999,0.014473,0.015184999999999999,1790130.0,448352000
stellar,2015-02-06,0.00406,0.0042450000000000005,0.00379,0.003825,68194.0,14598100
verge,2015-02-06,3e-06,3e-06,2e-06,3e-06,77.0,18567
bitcoin,2015-02-07,222.63,230.3,222.61,227.75,21604200.0,3074140000
bitshares,2015-02-07,0.010243,0.010251,0.009786,0.009912,76237.0,25601500
bytecoin-bcn,2015-02-07,1.1e-05,1.2e-05,1.1e-05,1.1e-05,378.0,1880990
dash,2015-02-07,1.8,1.87,1.8,1.86,30169.0,9163350
dogecoin,2015-02-07,0.000144,0.000147,0.000143,0.000145,99081.0,14105400
litecoin,2015-02-07,1.76,1.79,1.74,1.78,1272440.0,63768900
monero,2015-02-07,0.270831,0.28433800000000004,0.264148,0.275702,12075.0,1656860
ripple,2015-02-07,0.015186000000000002,0.015193,0.014459,0.014577000000000001,518284.0,484570000
stellar,2015-02-07,0.003817,0.0039030000000000002,0.0037799999999999995,0.003825,15482.0,13729800
verge,2015-02-07,3e-06,4e-06,2e-06,2e-06,232.0,17315
bitcoin,2015-02-08,227.69,229.44,221.08,223.41,17145200.0,3144920000
bitshares,2015-02-08,0.009912,0.009942,0.009373999999999999,0.009473,479601.0,24775200
bytecoin-bcn,2015-02-08,1.1e-05,1.2e-05,9e-06,1.1e-05,675.0,1923390
dash,2015-02-08,1.86,1.86,1.8,1.84,44831.0,9481190
dogecoin,2015-02-08,0.000145,0.000146,0.00014,0.00014099999999999998,93700.0,14226200
litecoin,2015-02-08,1.79,1.81,1.76,1.78,793432.0,64807000
monero,2015-02-08,0.275459,0.279798,0.255687,0.265034,11615.0,1689980
ripple,2015-02-08,0.014575999999999999,0.014650999999999999,0.014398,0.014427,446888.0,465102000
stellar,2015-02-08,0.0038299999999999996,0.003882,0.003714,0.0037329999999999998,20383.0,13782800
verge,2015-02-08,2e-06,6e-06,2e-06,4e-06,164.0,14915
bitcoin,2015-02-09,223.39,223.98,217.02,220.11,27791300.0,3086220000
bitshares,2015-02-09,0.009461,0.009503,0.009169,0.009184000000000001,49255.0,23650000
bytecoin-bcn,2015-02-09,1.1e-05,1.2e-05,1.1e-05,1.1e-05,3296.0,1915510
dash,2015-02-09,1.84,2.27,1.83,2.17,270445.0,9392880
dogecoin,2015-02-09,0.00014099999999999998,0.000143,0.000138,0.00014,65261.0,13830000
litecoin,2015-02-09,1.79,1.79,1.72,1.73,1412300.0,64802000
monero,2015-02-09,0.258768,0.265256,0.24736,0.251738,12603.0,1591870
ripple,2015-02-09,0.014430000000000002,0.014433000000000001,0.013994,0.013994,625357.0,460453000
stellar,2015-02-09,0.0037340000000000003,0.0037890000000000003,0.003587,0.003639,23287.0,13439800
verge,2015-02-09,4e-06,5e-06,3e-06,4e-06,233.0,28670
bitcoin,2015-02-10,220.28,221.81,215.33,219.84,21115100.0,3044180000
bitshares,2015-02-10,0.009184999999999999,0.009356,0.008924,0.009073999999999999,59551.0,22961400
bytecoin-bcn,2015-02-10,1.2e-05,1.2e-05,1.1e-05,1.1e-05,3648.0,1949230
dash,2015-02-10,2.16,2.49,2.06,2.49,238651.0,11049300
dogecoin,2015-02-10,0.00014,0.00014099999999999998,0.000136,0.00014099999999999998,63312.0,13767900
litecoin,2015-02-10,1.73,1.79,1.69,1.76,1943220.0,62958900
monero,2015-02-10,0.252897,0.254932,0.23739699999999997,0.244719,14973.0,1559910
ripple,2015-02-10,0.014003,0.014006999999999999,0.013626,0.013649000000000001,850302.0,446825000
stellar,2015-02-10,0.0036409999999999997,0.003668,0.003378,0.0035549999999999996,30401.0,13107400
verge,2015-02-10,4e-06,4e-06,2e-06,4e-06,460.0,24715
bitcoin,2015-02-11,219.73,223.41,218.07,219.19,17201900.0,3037370000
bitshares,2015-02-11,0.009072,0.009334,0.008828,0.008951,150114.0,22676600
bytecoin-bcn,2015-02-11,1.1e-05,1.1e-05,9e-06,9e-06,2928.0,1870770
dash,2015-02-11,2.48,3.43,2.46,3.23,774898.0,12679100
dogecoin,2015-02-11,0.00014,0.00014199999999999998,0.000138,0.000138,67361.0,13743300
litecoin,2015-02-11,1.76,1.79,1.72,1.73,1202390.0,64008900
monero,2015-02-11,0.24450700000000003,0.251757,0.228287,0.23149699999999998,23085.0,1512250
ripple,2015-02-11,0.013643,0.01378,0.013588,0.013775999999999998,457627.0,435316000
stellar,2015-02-11,0.003554,0.0036009999999999996,0.003397,0.003515,20839.0,12800900
verge,2015-02-11,4e-06,6e-06,4e-06,4e-06,88.0,28685
bitcoin,2015-02-12,219.21,222.2,217.61,221.76,15206200.0,3030990000
bitshares,2015-02-12,0.008961,0.009125,0.008692,0.008811,122459.0,22399300
bytecoin-bcn,2015-02-12,9e-06,1e-05,9e-06,1e-05,3268.0,1591980
dash,2015-02-12,3.2,3.4,2.67,2.81,549894.0,16383400
dogecoin,2015-02-12,0.000138,0.00014199999999999998,0.00013700000000000002,0.00014199999999999998,51889.0,13522700
litecoin,2015-02-12,1.73,1.77,1.72,1.76,1073660.0,62968800
monero,2015-02-12,0.234869,0.255847,0.224266,0.246741,25486.0,1456630
ripple,2015-02-12,0.01378,0.014068,0.013774000000000002,0.014039,542301.0,439706000
stellar,2015-02-12,0.003518,0.0035229999999999997,0.003336,0.003423,22950.0,12675200
verge,2015-02-12,4e-06,5e-06,4e-06,5e-06,113.0,28499
bitcoin,2015-02-13,221.97,240.26,221.26,235.43,42744400.0,3069830000
bitshares,2015-02-13,0.0088,0.009434999999999999,0.008652,0.008827,118907.0,21998200
bytecoin-bcn,2015-02-13,1e-05,1.1e-05,9e-06,1e-05,5888.0,1616050
dash,2015-02-13,2.82,3.29,2.78,2.92,228439.0,14443300
dogecoin,2015-02-13,0.00014199999999999998,0.000149,0.00014,0.000143,132778.0,13910000
litecoin,2015-02-13,1.76,1.85,1.75,1.82,2417560.0,63906200
monero,2015-02-13,0.25000900000000004,0.264404,0.23755900000000002,0.255641,12966.0,1554650
ripple,2015-02-13,0.014031,0.014661000000000002,0.014031,0.014565999999999999,1005470.0,447696000
stellar,2015-02-13,0.0034240000000000004,0.0036850000000000003,0.003375,0.003582,20250.0,12343900
verge,2015-02-13,5e-06,7.000000000000001e-06,5e-06,5e-06,97.0,32004
bitcoin,2015-02-14,235.53,259.81,235.53,257.32,49732500.0,3258210000
bitshares,2015-02-14,0.008768000000000001,0.009331,0.008596,0.008884999999999999,108345.0,21917300
bytecoin-bcn,2015-02-14,1e-05,1.1e-05,1e-05,1.1e-05,775.0,1715410
dash,2015-02-14,2.92,3.14,2.75,2.88,208369.0,14945200
dogecoin,2015-02-14,0.000143,0.000152,0.000143,0.000151,144726.0,13998100
litecoin,2015-02-14,1.82,1.96,1.82,1.94,2967890.0,66427400
monero,2015-02-14,0.255242,0.28215999999999997,0.25212199999999996,0.28032199999999996,19546.0,1591440
ripple,2015-02-14,0.014563999999999999,0.015028999999999999,0.014563999999999999,0.014956,816442.0,464710000
stellar,2015-02-14,0.003573,0.003781,0.003549,0.0037090000000000005,27228.0,12886200
verge,2015-02-14,5e-06,5e-06,5e-06,5e-06,264.0,30819
bitcoin,2015-02-15,257.51,265.61,227.68,234.82,56552400.0,3563290000
bitshares,2015-02-15,0.008881,0.009153,0.007815,0.008182,134608.0,22199300
bytecoin-bcn,2015-02-15,1.1e-05,1.1e-05,1e-05,1e-05,3051.0,1781500
dash,2015-02-15,2.89,2.89,2.56,2.76,212369.0,14819700
dogecoin,2015-02-15,0.000151,0.000154,0.00014,0.00014099999999999998,131126.0,14779300
litecoin,2015-02-15,1.94,2.03,1.79,1.84,3678900.0,70755000
monero,2015-02-15,0.279862,0.28085,0.242444,0.25138,13141.0,1749650
ripple,2015-02-15,0.014941,0.015038,0.013566,0.013712,1134340.0,476762000
stellar,2015-02-15,0.003696,0.003701,0.003256,0.003285,29545.0,13332400
verge,2015-02-15,5e-06,1.6e-05,5e-06,5e-06,202.0,33691
bitcoin,2015-02-16,234.82,239.52,229.02,233.84,28153700.0,3250240000
bitshares,2015-02-16,0.008204000000000001,0.008211,0.007731,0.008178,71899.0,20507400
bytecoin-bcn,2015-02-16,1e-05,1e-05,9e-06,9e-06,75.0,1670680
dash,2015-02-16,2.77,2.9,2.69,2.75,76067.0,14226400
dogecoin,2015-02-16,0.00014099999999999998,0.000146,0.000139,0.000144,62611.0,13878400
litecoin,2015-02-16,1.84,1.85,1.8,1.8,1766700.0,67323000
monero,2015-02-16,0.252583,0.256815,0.241612,0.251039,8801.0,1583380
ripple,2015-02-16,0.013746000000000001,0.013853,0.013580000000000002,0.01375,391037.0,438599000
stellar,2015-02-16,0.0032939999999999996,0.00336,0.003244,0.0033009999999999997,19822.0,11885700
verge,2015-02-16,5e-06,5e-06,5e-06,5e-06,121.0,30766
bitcoin,2015-02-17,233.42,245.78,232.31,243.61,27363100.0,3231750000
bitshares,2015-02-17,0.008178,0.008809,0.007888,0.008657,79798.0,20445600
bytecoin-bcn,2015-02-17,9e-06,1.1e-05,9e-06,1e-05,4049.0,1601380
dash,2015-02-17,2.76,2.79,2.63,2.63,103557.0,14143700
dogecoin,2015-02-17,0.000144,0.000149,0.000143,0.000146,46406.0,14118300
litecoin,2015-02-17,1.79,1.88,1.79,1.85,1824820.0,65535000
monero,2015-02-17,0.251008,0.259335,0.245205,0.253231,16775.0,1577450
ripple,2015-02-17,0.013751,0.014048,0.013722,0.014031,428236.0,438784000
stellar,2015-02-17,0.0033020000000000002,0.003404,0.003249,0.0033590000000000004,10247.0,11917400
verge,2015-02-17,5e-06,5e-06,5e-06,5e-06,51.0,30222
bitcoin,2015-02-18,243.78,244.25,232.34,236.33,25200800.0,3376060000
bitshares,2015-02-18,0.00866,0.008668,0.008134,0.008242,63535.0,21648600
bytecoin-bcn,2015-02-18,1e-05,1.1e-05,1e-05,1e-05,3574.0,1775140
dash,2015-02-18,2.64,2.85,2.51,2.84,98988.0,13550000
dogecoin,2015-02-18,0.000146,0.000147,0.00014099999999999998,0.000143,41101.0,14302500
litecoin,2015-02-18,1.86,1.86,1.8,1.83,1504230.0,67870400
monero,2015-02-18,0.253632,0.25574,0.232431,0.248507,33558.0,1598190
ripple,2015-02-18,0.014028,0.014049,0.013719,0.013791,384700.0,447623000
stellar,2015-02-18,0.003356,0.003392,0.003136,0.00316,11492.0,12113300
verge,2015-02-18,5e-06,5e-06,5e-06,5e-06,78.0,31889
bitcoin,2015-02-19,236.41,242.67,235.59,240.28,18270500.0,3274980000
bitshares,2015-02-19,0.008255,0.008428,0.008187,0.008319,44415.0,20634600
bytecoin-bcn,2015-02-19,1e-05,1e-05,1e-05,1e-05,1619.0,1681510
dash,2015-02-19,2.8,2.86,2.68,2.83,84624.0,14398200
dogecoin,2015-02-19,0.000143,0.000147,0.00014099999999999998,0.000146,36737.0,14045700
litecoin,2015-02-19,1.83,1.85,1.82,1.85,1117190.0,66773600
monero,2015-02-19,0.249056,0.302804,0.24541100000000002,0.28279099999999996,35329.0,1573510
ripple,2015-02-19,0.013806,0.013850999999999999,0.013758000000000001,0.013758000000000001,308654.0,440542000
stellar,2015-02-19,0.0031609999999999997,0.0032689999999999998,0.0031550000000000003,0.003222,8162.0,11410700
verge,2015-02-19,5e-06,4.4e-05,5e-06,3.4e-05,94939.0,30944
bitcoin,2015-02-20,240.25,247.1,239.3,243.78,23876700.0,3329190000
bitshares,2015-02-20,0.008317,0.008748,0.008278,0.00848,47660.0,20790100
bytecoin-bcn,2015-02-20,1e-05,1.1e-05,1e-05,1e-05,3056.0,1735550
dash,2015-02-20,2.83,2.83,2.66,2.74,61415.0,14519800
dogecoin,2015-02-20,0.000146,0.000149,0.00014199999999999998,0.000144,43346.0,14300600
litecoin,2015-02-20,1.84,1.86,1.83,1.85,1430460.0,67437300
monero,2015-02-20,0.284644,0.30734,0.276358,0.30567300000000003,23536.0,1803180
ripple,2015-02-20,0.013741,0.013765000000000001,0.013481,0.013481,1036780.0,438465000
stellar,2015-02-20,0.0032229999999999997,0.0032939999999999996,0.00318,0.003222,3263.0,11635500
verge,2015-02-20,3.4e-05,3.4e-05,2.2e-05,2.7000000000000002e-05,47352.0,219448
bitcoin,2015-02-21,243.75,255.32,243.18,244.53,12284200.0,3378660000
bitshares,2015-02-21,0.008473999999999999,0.008608,0.008255,0.00852,62977.0,21183200
bytecoin-bcn,2015-02-21,1e-05,1.1e-05,1e-05,1e-05,433.0,1732570
dash,2015-02-21,2.74,2.82,2.64,2.78,110159.0,14076800
dogecoin,2015-02-21,0.000144,0.00015,0.00014199999999999998,0.000145,38389.0,14145900
litecoin,2015-02-21,1.85,1.87,1.84,1.85,934224.0,67744100
monero,2015-02-21,0.30539099999999997,0.31754899999999997,0.294589,0.302557,14275.0,1939520
ripple,2015-02-21,0.013462,0.013537,0.013244,0.013286000000000001,314420.0,429540000
stellar,2015-02-21,0.003218,0.003392,0.00318,0.003198,3103.0,11619800
verge,2015-02-21,2.7000000000000002e-05,2.8999999999999997e-05,2.1e-05,2.1e-05,8971.0,176116
bitcoin,2015-02-22,244.54,246.39,233.85,235.98,19527000.0,3390510000
bitshares,2015-02-22,0.008546999999999999,0.008805,0.008425,0.008609,81229.0,21366000
bytecoin-bcn,2015-02-22,1e-05,1.1e-05,1e-05,1e-05,293.0,1724320
dash,2015-02-22,2.78,2.86,2.47,2.53,75804.0,14299700
dogecoin,2015-02-22,0.000145,0.000147,0.00014,0.00014099999999999998,41789.0,14239100
litecoin,2015-02-22,1.85,1.87,1.79,1.8,1413400.0,67833100
monero,2015-02-22,0.30275,0.313139,0.262125,0.313139,28371.0,1927720
ripple,2015-02-22,0.013288999999999999,0.013375999999999999,0.013080000000000001,0.013130000000000001,587911.0,424046000
stellar,2015-02-22,0.0032,0.0033369999999999997,0.002512,0.002822,14027.0,11558500
verge,2015-02-22,2.1e-05,2.5e-05,1.4999999999999999e-05,1.7e-05,12178.0,153924
bitcoin,2015-02-23,236.0,240.11,232.42,238.89,16400000.0,3272880000
bitshares,2015-02-23,0.008608,0.009492,0.008608,0.009470999999999999,153925.0,21518100
bytecoin-bcn,2015-02-23,1e-05,1.1e-05,1e-05,1e-05,507.0,1662580
dash,2015-02-23,2.55,2.56,2.44,2.52,80898.0,13148500
dogecoin,2015-02-23,0.00014099999999999998,0.000143,0.000139,0.00014199999999999998,42882.0,13873600
litecoin,2015-02-23,1.8,1.82,1.78,1.82,1207240.0,66170200
monero,2015-02-23,0.314207,0.35587399999999997,0.301992,0.337887,82507.0,2005950
ripple,2015-02-23,0.013124,0.013363,0.01311,0.013334,439387.0,418781000
stellar,2015-02-23,0.0028309999999999997,0.0032,0.002708,0.0031079999999999997,6966.0,10223600
verge,2015-02-23,1.7e-05,1.9e-05,1.4000000000000001e-05,1.7e-05,4476.0,121848
bitcoin,2015-02-24,239.0,239.9,236.4,238.74,14200400.0,3315370000
bitshares,2015-02-24,0.009537,0.010776,0.009439,0.010001000000000001,246796.0,23857700
bytecoin-bcn,2015-02-24,1e-05,1.1e-05,7.000000000000001e-06,9e-06,5701.0,1716670
dash,2015-02-24,2.53,2.98,2.46,2.94,170477.0,13013100
dogecoin,2015-02-24,0.00014199999999999998,0.000143,0.00014,0.00014,46267.0,13967600
litecoin,2015-02-24,1.81,1.84,1.8,1.83,941910.0,66606800
monero,2015-02-24,0.384864,0.39416799999999996,0.33760999999999997,0.340267,77991.0,2463620
ripple,2015-02-24,0.013350999999999998,0.013424,0.013345,0.013396000000000002,627475.0,426002000
stellar,2015-02-24,0.0031100000000000004,0.003193,0.003059,0.0031219999999999998,9284.0,11234700
verge,2015-02-24,1.7e-05,2.1e-05,1.4000000000000001e-05,2.1e-05,10937.0,120703
bitcoin,2015-02-25,238.89,239.34,235.53,237.47,11496200.0,3314640000
bitshares,2015-02-25,0.010085,0.010121999999999999,0.009348,0.010107,275702.0,25229800
bytecoin-bcn,2015-02-25,9e-06,1e-05,8e-06,9e-06,6468.0,1478410
dash,2015-02-25,2.94,2.96,2.65,2.77,134546.0,15133300
dogecoin,2015-02-25,0.00014,0.000144,0.00014,0.00014199999999999998,81036.0,13786100
litecoin,2015-02-25,1.83,1.83,1.79,1.8,768342.0,67265400
monero,2015-02-25,0.335048,0.371745,0.321195,0.365243,33340.0,2150140
ripple,2015-02-25,0.013403,0.013472,0.01339,0.013401,502828.0,427670000
stellar,2015-02-25,0.003121,0.003193,0.003007,0.003165,11098.0,11277500
verge,2015-02-25,2.1e-05,2.4e-05,1.7e-05,1.9e-05,3734.0,154444
bitcoin,2015-02-26,237.34,237.71,234.26,236.43,13619400.0,3294030000
bitshares,2015-02-26,0.010105,0.011158,0.009845,0.010542000000000001,291527.0,25278400
bytecoin-bcn,2015-02-26,9e-06,1e-05,9e-06,9e-06,1063.0,1550080
dash,2015-02-26,2.77,2.8,2.67,2.73,74935.0,14294000
dogecoin,2015-02-26,0.00014199999999999998,0.000144,0.00014,0.000143,62047.0,14021700
litecoin,2015-02-26,1.81,1.81,1.79,1.81,917184.0,66513000
monero,2015-02-26,0.365299,0.371073,0.340683,0.357721,31163.0,2350210
ripple,2015-02-26,0.013405000000000002,0.013413999999999999,0.013257,0.013299,836544.0,427725000
stellar,2015-02-26,0.003167,0.003171,0.00303,0.003117,14216.0,11442800
verge,2015-02-26,1.9e-05,2.1e-05,1.7e-05,1.8e-05,1127.0,135231
bitcoin,2015-02-27,236.44,256.65,236.44,253.83,44013900.0,3282410000
bitshares,2015-02-27,0.010542000000000001,0.010747,0.010223999999999999,0.010614,111188.0,26372600
bytecoin-bcn,2015-02-27,9e-06,1e-05,9e-06,1e-05,2736.0,1537220
dash,2015-02-27,2.73,3.12,2.73,3.04,118275.0,14100600
dogecoin,2015-02-27,0.000143,0.000151,0.00014199999999999998,0.000146,125456.0,14087800
litecoin,2015-02-27,1.8,1.88,1.8,1.85,2360850.0,66305700
monero,2015-02-27,0.357521,0.398922,0.354788,0.381008,36994.0,2305920
ripple,2015-02-27,0.013294,0.013547,0.013287,0.013359999999999999,910485.0,424205000
stellar,2015-02-27,0.003117,0.0033049999999999998,0.003116,0.003159,27445.0,11265400
verge,2015-02-27,1.7e-05,2.1e-05,1.7e-05,1.8e-05,2377.0,126347
bitcoin,2015-02-28,253.52,254.69,249.48,254.26,13949300.0,3520560000
bitshares,2015-02-28,0.010545,0.010953000000000001,0.010362,0.010925,93420.0,26380300
bytecoin-bcn,2015-02-28,1e-05,1e-05,9e-06,1e-05,2143.0,1643320
dash,2015-02-28,3.03,3.24,2.95,3.24,110988.0,15644700
dogecoin,2015-02-28,0.000146,0.000147,0.00014199999999999998,0.000145,65452.0,14400800
litecoin,2015-02-28,1.85,1.85,1.82,1.84,1026120.0,68126100
monero,2015-02-28,0.385549,0.437406,0.379742,0.427227,68062.0,2492860
ripple,2015-02-28,0.013356999999999999,0.013368000000000001,0.012995,0.012998,520080.0,426193000
stellar,2015-02-28,0.003165,0.003192,0.00303,0.0030489999999999996,12332.0,11442000
verge,2015-02-28,1.8e-05,2.3e-05,1.8e-05,2e-05,1914.0,129498
bitcoin,2015-03-01,254.28,261.66,245.93,260.2,25213700.0,3532050000
bitshares,2015-03-01,0.010942,0.011255,0.01015,0.010651,108475.0,27373200
bytecoin-bcn,2015-03-01,1e-05,1e-05,9e-06,1e-05,1132.0,1727490
dash,2015-03-01,3.24,3.4,3.15,3.33,89917.0,16746200
dogecoin,2015-03-01,0.000145,0.000148,0.00014,0.000146,91862.0,14266600
litecoin,2015-03-01,1.85,1.91,1.81,1.89,1697220.0,68053900
monero,2015-03-01,0.427313,0.42836199999999997,0.39717199999999997,0.42602799999999996,23255.0,2769930
ripple,2015-03-01,0.012991999999999998,0.012991999999999998,0.012142,0.012239,1496970.0,414565000
stellar,2015-03-01,0.003047,0.003052,0.002781,0.002781,17782.0,11020100
verge,2015-03-01,2e-05,2.3e-05,1.6e-05,1.6e-05,3149.0,148273
bitcoin,2015-03-02,260.36,276.3,258.31,275.67,40465700.0,3617340000
bitshares,2015-03-02,0.010565,0.010828,0.010328,0.010669,97927.0,26429400
bytecoin-bcn,2015-03-02,1e-05,1e-05,1e-05,1e-05,5358.0,1668300
dash,2015-03-02,3.33,3.68,3.27,3.62,154771.0,17189200
dogecoin,2015-03-02,0.000146,0.00015,0.000143,0.000149,82805.0,14342800
litecoin,2015-03-02,1.89,1.95,1.86,1.94,2442300.0,69828900
monero,2015-03-02,0.425727,0.431746,0.384157,0.42843400000000004,67915.0,2766530
ripple,2015-03-02,0.012232999999999999,0.012235,0.011931,0.012192,1284250.0,390344000
stellar,2015-03-02,0.00278,0.003031,0.002727,0.003003,28398.0,10057900
verge,2015-03-02,1.6e-05,2.1e-05,1.4999999999999999e-05,1.8e-05,1614.0,116615
bitcoin,2015-03-03,275.05,285.8,268.16,281.7,50461300.0,3822510000
bitshares,2015-03-03,0.010656,0.010875,0.009966,0.010326,189350.0,26657000
bytecoin-bcn,2015-03-03,1e-05,1.1e-05,1e-05,1e-05,4348.0,1780350
dash,2015-03-03,3.63,3.7,3.35,3.47,254781.0,18783500
dogecoin,2015-03-03,0.000149,0.000149,0.00014199999999999998,0.000144,119287.0,14707100
litecoin,2015-03-03,1.94,1.97,1.91,1.96,2818220.0,71717700
monero,2015-03-03,0.428695,0.428695,0.389474,0.41507799999999995,23029.0,2792970
ripple,2015-03-03,0.012191,0.012193,0.010593,0.010593,3050010.0,388994000
stellar,2015-03-03,0.0029690000000000003,0.003094,0.0028420000000000003,0.002863,32142.0,10745600
verge,2015-03-03,1.8e-05,1.9e-05,1.4000000000000001e-05,1.7e-05,4413.0,130273
bitcoin,2015-03-04,281.99,284.23,268.13,273.09,41383000.0,3920130000
bitshares,2015-03-04,0.010167,0.010478,0.00992,0.009951999999999999,87744.0,25433500
bytecoin-bcn,2015-03-04,1e-05,1.1e-05,1e-05,1.1e-05,4283.0,1769550
dash,2015-03-04,3.45,3.77,3.4,3.5,193537.0,17845300
dogecoin,2015-03-04,0.00014199999999999998,0.000145,0.000139,0.000143,109615.0,13958200
litecoin,2015-03-04,1.96,1.97,1.92,1.93,2444050.0,72285900
monero,2015-03-04,0.415367,0.423196,0.390815,0.41315100000000005,21345.0,2713080
ripple,2015-03-04,0.010222,0.010222,0.00976,0.010032,2851890.0,326163000
stellar,2015-03-04,0.002838,0.003003,0.002802,0.002888,22570.0,10274400
verge,2015-03-04,1.4000000000000001e-05,1.7e-05,1.1e-05,1.4000000000000001e-05,7940.0,103518
bitcoin,2015-03-05,272.74,281.67,264.77,276.18,41302400.0,3792480000
bitshares,2015-03-05,0.009951,0.010087,0.009778,0.009934,65296.0,24893000
bytecoin-bcn,2015-03-05,1.1e-05,1.1e-05,1e-05,1.1e-05,2481.0,1817250
dash,2015-03-05,3.5,3.52,3.27,3.41,146630.0,18128000
dogecoin,2015-03-05,0.000143,0.000145,0.000139,0.00014099999999999998,91110.0,14115500
litecoin,2015-03-05,1.92,1.94,1.86,1.92,2042170.0,71173000
monero,2015-03-05,0.413275,0.47947700000000004,0.40810100000000005,0.46962600000000004,45238.0,2705880
ripple,2015-03-05,0.010056,0.011613,0.010056,0.011543000000000001,3088530.0,320860000
stellar,2015-03-05,0.002874,0.003081,0.0028179999999999998,0.0029920000000000003,25407.0,10410400
verge,2015-03-05,1.4000000000000001e-05,1.6e-05,1.1e-05,1.1e-05,866.0,101548
bitcoin,2015-03-06,275.6,277.61,270.01,272.72,28918900.0,3833160000
bitshares,2015-03-06,0.009934,0.010276,0.009934,0.010128,83234.0,24865400
bytecoin-bcn,2015-03-06,1.1e-05,1.1e-05,1e-05,1e-05,3167.0,1838390
dash,2015-03-06,3.41,3.47,3.29,3.33,73672.0,17673800
dogecoin,2015-03-06,0.00014099999999999998,0.000144,0.000138,0.00014199999999999998,56866.0,13925100
litecoin,2015-03-06,1.92,1.93,1.88,1.9,1718100.0,71069500
monero,2015-03-06,0.472445,0.519687,0.45286099999999996,0.48603900000000005,77668.0,3100550
ripple,2015-03-06,0.011552,0.011664,0.010856000000000001,0.010856000000000001,978284.0,368604000
stellar,2015-03-06,0.002994,0.0031550000000000003,0.002891,0.0029519999999999998,22390.0,10847800
verge,2015-03-06,1.1e-05,1.6e-05,1.1e-05,1.4999999999999999e-05,1254.0,81818
bitcoin,2015-03-07,272.29,277.85,270.13,276.26,17825900.0,3788190000
bitshares,2015-03-07,0.010126000000000001,0.010239,0.009854,0.010015999999999999,68154.0,25346000
bytecoin-bcn,2015-03-07,1e-05,1.1e-05,1e-05,1.1e-05,2210.0,1722020
dash,2015-03-07,3.34,3.69,3.32,3.43,45834.0,17279300
dogecoin,2015-03-07,0.00014199999999999998,0.000143,0.000139,0.00014099999999999998,58829.0,13979100
litecoin,2015-03-07,1.89,1.92,1.88,1.91,1176540.0,70134200
monero,2015-03-07,0.486154,0.498645,0.45486099999999996,0.457321,25259.0,3198930
ripple,2015-03-07,0.010858,0.010858,0.010522,0.010535,1230270.0,346457000
stellar,2015-03-07,0.0029530000000000003,0.003002,0.002889,0.002947,7589.0,10704300
verge,2015-03-07,1.4999999999999999e-05,1.6e-05,1.2e-05,1.4000000000000001e-05,595.0,111944
bitcoin,2015-03-08,276.43,277.86,272.56,274.35,22067900.0,3846750000
bitshares,2015-03-08,0.010015999999999999,0.010103000000000001,0.009322,0.009326000000000001,73966.0,25072400
bytecoin-bcn,2015-03-08,1.1e-05,1.1e-05,1e-05,1.1e-05,2077.0,1800440
dash,2015-03-08,3.43,3.45,3.35,3.39,32276.0,17790600
dogecoin,2015-03-08,0.00014199999999999998,0.000143,0.000138,0.00014,66363.0,13971900
litecoin,2015-03-08,1.91,1.92,1.88,1.89,1281400.0,70928800
monero,2015-03-08,0.46557,0.503778,0.452096,0.484062,39107.0,3071180
ripple,2015-03-08,0.010528000000000001,0.010528000000000001,0.009939,0.009961,735996.0,335930000
stellar,2015-03-08,0.002947,0.002999,0.00285,0.0029579999999999997,12794.0,10686600
verge,2015-03-08,1.4000000000000001e-05,1.6e-05,1.1e-05,1.3000000000000001e-05,1520.0,102358
bitcoin,2015-03-09,274.81,292.7,273.89,289.61,59178200.0,3825250000
bitshares,2015-03-09,0.009309,0.010116,0.009262000000000001,0.010106,103133.0,23302200
bytecoin-bcn,2015-03-09,1.1e-05,1.2e-05,1.1e-05,1.2e-05,2312.0,1870510
dash,2015-03-09,3.39,3.65,3.37,3.54,62809.0,17573400
dogecoin,2015-03-09,0.00014,0.000145,0.000139,0.000144,61623.0,13757100
litecoin,2015-03-09,1.89,1.95,1.89,1.94,2713960.0,70206300
monero,2015-03-09,0.48953100000000005,0.677262,0.464207,0.63489,110877.0,3236970
ripple,2015-03-09,0.009963,0.010808,0.009963,0.010643000000000001,2361390.0,317905000
stellar,2015-03-09,0.0029579999999999997,0.003011,0.002888,0.002912,29030.0,10729600
verge,2015-03-09,1.3000000000000001e-05,1.7e-05,1.1e-05,1.4000000000000001e-05,2855.0,97923
bitcoin,2015-03-10,289.86,300.04,289.74,291.76,67770800.0,4035790000
bitshares,2015-03-10,0.010106,0.010115,0.009179000000000001,0.009266,115758.0,25298100
bytecoin-bcn,2015-03-10,1.2e-05,1.2e-05,1.1e-05,1.2e-05,2674.0,1975100
dash,2015-03-10,3.54,3.54,2.92,3.03,399669.0,18354800
dogecoin,2015-03-10,0.000144,0.000145,0.000139,0.000139,108727.0,14159500
litecoin,2015-03-10,1.94,2.08,1.94,2.01,4023500.0,72175800
monero,2015-03-10,0.648228,0.8290709999999999,0.5833010000000001,0.7918430000000001,182299.0,4296870
ripple,2015-03-10,0.01064,0.010705,0.010077,0.010086,1642070.0,339494000
stellar,2015-03-10,0.0029,0.002963,0.002794,0.002935,17921.0,10524800
verge,2015-03-10,1.4000000000000001e-05,1.8e-05,1.2e-05,1.4000000000000001e-05,945.0,107754
bitcoin,2015-03-11,291.52,297.39,290.51,296.38,33963900.0,4060030000
bitshares,2015-03-11,0.009285999999999999,0.00966,0.009285999999999999,0.009439,449808.0,23244600
bytecoin-bcn,2015-03-11,1.2e-05,1.2e-05,1.1e-05,1.2e-05,2353.0,1986650
dash,2015-03-11,3.05,3.3,3.05,3.13,169890.0,15804600
dogecoin,2015-03-11,0.000139,0.000146,0.000139,0.000145,77208.0,13747400
litecoin,2015-03-11,2.01,2.04,1.99,2.03,1945020.0,74625400
monero,2015-03-11,0.7921590000000001,0.804778,0.65661,0.7157819999999999,95830.0,5263560
ripple,2015-03-11,0.010087,0.010242,0.010043999999999999,0.010229,755784.0,321871000
stellar,2015-03-11,0.002936,0.003196,0.002805,0.00293,21507.0,10659300
verge,2015-03-11,1.4000000000000001e-05,1.7e-05,1.2e-05,1.4000000000000001e-05,355.0,106143
bitcoin,2015-03-12,296.13,297.09,292.41,294.35,32585200.0,4125290000
bitshares,2015-03-12,0.00944,0.00946,0.009193000000000002,0.009343,55274.0,23634900
bytecoin-bcn,2015-03-12,1.2e-05,1.2e-05,1.1e-05,1.2e-05,2175.0,2022930
dash,2015-03-12,3.13,3.22,3.06,3.07,108024.0,16240900
dogecoin,2015-03-12,0.000144,0.000145,0.00014199999999999998,0.000143,68716.0,14191600
litecoin,2015-03-12,2.02,2.07,2.0,2.04,2153170.0,75256300
monero,2015-03-12,0.71549,0.71549,0.649881,0.684608,62621.0,4766020
ripple,2015-03-12,0.010227,0.010367,0.010153,0.010359,687546.0,326332000
stellar,2015-03-12,0.0029289999999999997,0.003319,0.002914,0.0031,42002.0,10640000
verge,2015-03-12,1.4000000000000001e-05,1.7e-05,1e-05,1.4999999999999999e-05,1545.0,107189
bitcoin,2015-03-13,294.12,294.5,285.34,285.34,31421500.0,4098250000
bitshares,2015-03-13,0.009339,0.009453,0.008843,0.008964,55922.0,23381000
bytecoin-bcn,2015-03-13,1.2e-05,1.2e-05,1.1e-05,1.1e-05,2120.0,2008330
dash,2015-03-13,3.08,3.09,2.86,2.91,240126.0,15981700
dogecoin,2015-03-13,0.00014199999999999998,0.000144,0.00014,0.00014099999999999998,91319.0,14033100
litecoin,2015-03-13,2.04,2.05,2.01,2.01,1702690.0,76002200
monero,2015-03-13,0.678898,0.687685,0.632975,0.644822,56953.0,4533130
ripple,2015-03-13,0.010352,0.010587000000000001,0.010333,0.010511,701607.0,330308000
stellar,2015-03-13,0.0030960000000000002,0.003182,0.0029690000000000003,0.0029690000000000003,13470.0,11249200
verge,2015-03-13,1.4999999999999999e-05,1.7e-05,1.4000000000000001e-05,1.4000000000000001e-05,657.0,108743
bitcoin,2015-03-14,284.44,286.34,280.98,281.88,22612300.0,3964470000
bitshares,2015-03-14,0.008962000000000001,0.009254,0.008702,0.008979000000000001,69017.0,22437300
bytecoin-bcn,2015-03-14,1.1e-05,1.3000000000000001e-05,1.1e-05,1.1e-05,3807.0,1947640
dash,2015-03-14,2.9,3.12,2.84,2.93,140162.0,15051800
dogecoin,2015-03-14,0.00014099999999999998,0.000144,0.00014,0.000144,96006.0,13898700
litecoin,2015-03-14,2.0,2.01,1.99,2.0,1524990.0,74645200
monero,2015-03-14,0.633491,0.7249869999999999,0.5884729999999999,0.676167,83441.0,4240350
ripple,2015-03-14,0.010487,0.011098,0.010435999999999999,0.011087999999999999,798070.0,334638000
stellar,2015-03-14,0.0029620000000000002,0.003133,0.002936,0.002968,15790.0,10763500
verge,2015-03-14,1.4000000000000001e-05,1.8e-05,1.2e-05,1.2e-05,375.0,107841
bitcoin,2015-03-15,281.43,286.53,281.0,286.39,11970100.0,3923350000
bitshares,2015-03-15,0.008978,0.008981999999999999,0.008666,0.008701,51775.0,22479100
bytecoin-bcn,2015-03-15,1.1e-05,1.3000000000000001e-05,1.1e-05,1.2e-05,1400.0,1954870
dash,2015-03-15,2.92,3.14,2.91,3.12,57656.0,15203700
dogecoin,2015-03-15,0.000143,0.000145,0.00014099999999999998,0.000143,68975.0,14055000
litecoin,2015-03-15,1.99,2.03,1.99,2.02,1035700.0,74351900
monero,2015-03-15,0.674561,0.792409,0.668614,0.69425,70322.0,4525900
ripple,2015-03-15,0.011095,0.011229000000000001,0.010817,0.010817,407154.0,354022000
stellar,2015-03-15,0.002961,0.003069,0.002947,0.003002,7251.0,10764200
verge,2015-03-15,1.2e-05,1.6e-05,1.2e-05,1.6e-05,551.0,86652
bitcoin,2015-03-16,285.69,294.11,285.69,290.59,21516100.0,3983760000
bitshares,2015-03-16,0.008681,0.008985,0.008461,0.008606,68805.0,21733500
bytecoin-bcn,2015-03-16,1.2e-05,1.3000000000000001e-05,1.2e-05,1.2e-05,2202.0,2036100
dash,2015-03-16,3.13,3.34,2.97,3.3,209706.0,16265900
dogecoin,2015-03-16,0.000143,0.000146,0.00014199999999999998,0.000145,64949.0,14110700
litecoin,2015-03-16,2.02,2.06,2.02,2.03,1307010.0,75416900
monero,2015-03-16,0.695199,0.850915,0.687812,0.8059430000000001,110309.0,4675430
ripple,2015-03-16,0.010825,0.011047,0.010796,0.010968,859896.0,345404000
stellar,2015-03-16,0.0030039999999999997,0.0033799999999999998,0.002966,0.003144,29363.0,10925500
verge,2015-03-16,1.6e-05,1.6e-05,1.2e-05,1.3000000000000001e-05,477.0,119581
bitcoin,2015-03-17,290.6,292.37,284.37,285.5,21497200.0,4053230000
bitshares,2015-03-17,0.008618,0.008806,0.008401,0.008579999999999999,51577.0,21576100
bytecoin-bcn,2015-03-17,1.2e-05,1.3000000000000001e-05,1.2e-05,1.2e-05,2549.0,2074680
dash,2015-03-17,3.31,3.36,3.18,3.27,82356.0,17203000
dogecoin,2015-03-17,0.000144,0.000147,0.000143,0.000144,68749.0,14232700
litecoin,2015-03-17,2.03,2.05,1.98,1.98,1493110.0,75949300
monero,2015-03-17,0.806746,0.82073,0.740693,0.752221,61111.0,5438720
ripple,2015-03-17,0.010966,0.011033,0.010901000000000001,0.010929000000000001,805396.0,349900000
stellar,2015-03-17,0.003145,0.0031620000000000003,0.002984,0.003,12128.0,11439200
verge,2015-03-17,1.3000000000000001e-05,1.7e-05,1.2e-05,1.4000000000000001e-05,1221.0,95147
bitcoin,2015-03-18,285.07,285.34,249.87,256.3,57008000.0,3977030000
bitshares,2015-03-18,0.008611,0.008637,0.007848,0.008014,116080.0,21559500
bytecoin-bcn,2015-03-18,1.2e-05,1.4000000000000001e-05,1e-05,1.1e-05,4600.0,2034450
dash,2015-03-18,3.27,3.4,3.06,3.09,149599.0,17046400
dogecoin,2015-03-18,0.000144,0.000144,0.000132,0.000133,122162.0,14231700
litecoin,2015-03-18,1.98,1.99,1.73,1.74,2976040.0,74064600
monero,2015-03-18,0.7526729999999999,0.7526729999999999,0.61634,0.638029,51858.0,5086120
ripple,2015-03-18,0.010929000000000001,0.010962000000000001,0.010516,0.010575,1632590.0,348741000
stellar,2015-03-18,0.003,0.003002,0.002641,0.002666,15106.0,10917900
verge,2015-03-18,1.4000000000000001e-05,1.6e-05,1e-05,1.3000000000000001e-05,2048.0,107389
bitcoin,2015-03-19,255.88,264.24,248.64,260.93,52732000.0,3570820000
bitshares,2015-03-19,0.008028,0.008273,0.007743000000000001,0.008179,86297.0,20099800
bytecoin-bcn,2015-03-19,1.1e-05,1.1e-05,1e-05,1.1e-05,3606.0,1832170
dash,2015-03-19,3.11,3.5,3.06,3.37,162473.0,16210100
dogecoin,2015-03-19,0.000133,0.00013700000000000002,0.000128,0.000133,111357.0,13124400
litecoin,2015-03-19,1.74,1.79,1.65,1.76,2925790.0,65175200
monero,2015-03-19,0.6469060000000001,0.6863670000000001,0.6131310000000001,0.6773819999999999,52047.0,4381670
ripple,2015-03-19,0.010594,0.010636,0.010296,0.01048,2771610.0,338023000
stellar,2015-03-19,0.002665,0.003003,0.002595,0.002817,25187.0,9703950
verge,2015-03-19,1.3000000000000001e-05,1.3000000000000001e-05,1e-05,1.1e-05,590.0,95574
bitcoin,2015-03-20,260.96,264.85,259.16,261.75,18456700.0,3642550000
bitshares,2015-03-20,0.008143000000000001,0.008558,0.007973000000000001,0.008095999999999999,55244.0,20386500
bytecoin-bcn,2015-03-20,1.1e-05,1.3000000000000001e-05,1.1e-05,1.3000000000000001e-05,8868.0,1880950
dash,2015-03-20,3.35,3.83,3.34,3.7,290947.0,17437500
dogecoin,2015-03-20,0.000134,0.00013700000000000002,0.000131,0.000133,44816.0,13203100
litecoin,2015-03-20,1.76,1.79,1.75,1.77,1015870.0,65947700
monero,2015-03-20,0.667179,0.681503,0.615417,0.633158,28023.0,4529630
ripple,2015-03-20,0.01048,0.010579,0.010339,0.010445999999999999,447184.0,334392000
stellar,2015-03-20,0.002817,0.0030039999999999997,0.002732,0.002796,14655.0,10260300
verge,2015-03-20,1.1e-05,1.3000000000000001e-05,1e-05,1.1e-05,297.0,82478
bitcoin,2015-03-21,261.64,262.2,255.65,260.02,17130100.0,3653040000
bitshares,2015-03-21,0.008093000000000001,0.008212,0.00732,0.007586,150177.0,20263600
bytecoin-bcn,2015-03-21,1.3000000000000001e-05,1.3000000000000001e-05,1.2e-05,1.2e-05,2326.0,2142210
dash,2015-03-21,3.69,7.11,3.66,4.63,819105.0,19240700
dogecoin,2015-03-21,0.000133,0.000134,0.000129,0.000131,83127.0,13143600
litecoin,2015-03-21,1.77,1.77,1.73,1.75,1025410.0,66130700
monero,2015-03-21,0.642876,0.7463770000000001,0.628618,0.743222,61605.0,4374530
ripple,2015-03-21,0.010445,0.010453,0.010162000000000001,0.010182,394129.0,333301000
stellar,2015-03-21,0.002794,0.003133,0.002736,0.002991,26725.0,11975700
verge,2015-03-21,1.1e-05,1.3000000000000001e-05,1e-05,1e-05,413.0,80056
bitcoin,2015-03-22,259.92,269.75,259.59,267.96,18438100.0,3629920000
bitshares,2015-03-22,0.007586,0.007749,0.00743,0.007732999999999999,58743.0,18992300
bytecoin-bcn,2015-03-22,1.2e-05,1.3000000000000001e-05,1.2e-05,1.3000000000000001e-05,1670.0,2090880
dash,2015-03-22,4.64,4.83,4.32,4.61,342711.0,24218700
dogecoin,2015-03-22,0.000132,0.000135,0.00013000000000000002,0.000132,50874.0,13037500
litecoin,2015-03-22,1.75,1.8,1.74,1.8,1072060.0,65399100
monero,2015-03-22,0.743241,0.806098,0.730675,0.777347,108985.0,5069650
ripple,2015-03-22,0.010181,0.010245,0.010121999999999999,0.010196,306080.0,324877000
stellar,2015-03-22,0.0029920000000000003,0.0033840000000000003,0.0028079999999999997,0.003193,40729.0,12827800
verge,2015-03-22,1e-05,1.3000000000000001e-05,1e-05,1.1e-05,1980.0,79679
bitcoin,2015-03-23,267.89,277.3,261.75,266.74,22811900.0,3742290000
bitshares,2015-03-23,0.007743000000000001,0.007755,0.006562999999999999,0.006848999999999999,191383.0,19386800
bytecoin-bcn,2015-03-23,1.3000000000000001e-05,1.3000000000000001e-05,1.2e-05,1.3000000000000001e-05,3890.0,2182170
dash,2015-03-23,4.61,5.07,4.49,4.98,354223.0,24081000
dogecoin,2015-03-23,0.000134,0.000139,0.000131,0.00013700000000000002,147271.0,13182700
litecoin,2015-03-23,1.8,1.8,1.75,1.78,1257730.0,67475000
monero,2015-03-23,0.7753140000000001,0.785542,0.7390979999999999,0.766353,45634.0,5300020
ripple,2015-03-23,0.010198,0.010381,0.010098000000000001,0.010308,670229.0,325394000
stellar,2015-03-23,0.003218,0.0036060000000000003,0.0030789999999999997,0.003193,91492.0,13801300
verge,2015-03-23,1.1e-05,1.3000000000000001e-05,1e-05,1.1e-05,820.0,81112
bitcoin,2015-03-24,266.58,267.0,244.16,245.59,40073700.0,3724830000
bitshares,2015-03-24,0.006924,0.007087,0.0060420000000000005,0.006125,137474.0,17336200
bytecoin-bcn,2015-03-24,1.3000000000000001e-05,1.4999999999999999e-05,1.2e-05,1.4000000000000001e-05,5893.0,2237980
dash,2015-03-24,4.98,5.25,4.73,5.07,540346.0,26014200
dogecoin,2015-03-24,0.00013700000000000002,0.000138,0.000128,0.000129,91395.0,13507900
litecoin,2015-03-24,1.78,1.78,1.65,1.65,2014330.0,66624900
monero,2015-03-24,0.766937,0.777265,0.677083,0.711852,52144.0,5255200
ripple,2015-03-24,0.010313,0.010343999999999999,0.009757,0.009757,608763.0,329070000
stellar,2015-03-24,0.0032170000000000002,0.0032340000000000003,0.002924,0.002943,41355.0,13798800
verge,2015-03-24,1.1e-05,1.3000000000000001e-05,8e-06,8e-06,1584.0,81332
bitcoin,2015-03-25,247.47,249.19,236.51,246.2,35866900.0,3458950000
bitshares,2015-03-25,0.006029,0.006529000000000001,0.005582,0.006344,138026.0,15093900
bytecoin-bcn,2015-03-25,1.4000000000000001e-05,1.4000000000000001e-05,1.2e-05,1.3000000000000001e-05,4587.0,2433210
dash,2015-03-25,5.08,6.07,5.04,5.28,902236.0,26565000
dogecoin,2015-03-25,0.00013000000000000002,0.000132,0.000122,0.000131,79751.0,12796400
litecoin,2015-03-25,1.65,1.79,1.61,1.67,2189060.0,62138700
monero,2015-03-25,0.706427,0.7779119999999999,0.665812,0.767497,98536.0,4851810
ripple,2015-03-25,0.009764,0.009826999999999999,0.009115,0.009115,1160540.0,311539000
stellar,2015-03-25,0.0029519999999999998,0.003003,0.002807,0.002934,24844.0,12665200
verge,2015-03-25,8e-06,1.2e-05,7.000000000000001e-06,1.2e-05,1421.0,59549
bitcoin,2015-03-26,246.28,254.35,244.91,248.53,25730000.0,3443230000
bitshares,2015-03-26,0.006344,0.006586,0.006247,0.006586,41344.0,15891000
bytecoin-bcn,2015-03-26,1.3000000000000001e-05,1.3000000000000001e-05,1.2e-05,1.3000000000000001e-05,5187.0,2147890
dash,2015-03-26,5.28,5.56,4.77,4.99,480884.0,27621600
dogecoin,2015-03-26,0.00013000000000000002,0.000135,0.000129,0.000132,53301.0,12888100
litecoin,2015-03-26,1.67,1.73,1.65,1.7,1655180.0,62874100
monero,2015-03-26,0.767811,0.778786,0.737119,0.746328,44427.0,5285540
ripple,2015-03-26,0.009115,0.009115,0.008736,0.008764,609264.0,290832000
stellar,2015-03-26,0.002933,0.003072,0.002924,0.00294,15682.0,12587300
verge,2015-03-26,1.2e-05,1.4999999999999999e-05,1e-05,1.2e-05,3128.0,93333
bitcoin,2015-03-27,248.57,256.81,245.21,247.03,17274900.0,3476180000
bitshares,2015-03-27,0.006540000000000001,0.006623,0.006354,0.006495999999999999,45733.0,16383000
bytecoin-bcn,2015-03-27,1.3000000000000001e-05,1.3000000000000001e-05,1.2e-05,1.2e-05,548.0,2167690
dash,2015-03-27,4.99,5.1,4.66,4.76,218735.0,26088700
dogecoin,2015-03-27,0.000132,0.000134,0.000128,0.000129,34427.0,13024300
litecoin,2015-03-27,1.69,1.7,1.67,1.69,1109440.0,63619500
monero,2015-03-27,0.744401,0.7991,0.733024,0.777714,42036.0,5136280
ripple,2015-03-27,0.008764,0.00896,0.008728,0.008895,439537.0,279653000
stellar,2015-03-27,0.0029519999999999998,0.003113,0.0029,0.003078,25115.0,12670000
verge,2015-03-27,1.2e-05,1.4999999999999999e-05,1.2e-05,1.2e-05,395.0,95249
bitcoin,2015-03-28,246.97,254.21,246.97,252.8,16040900.0,3454980000
bitshares,2015-03-28,0.006486,0.006831,0.006444,0.0067870000000000005,56630.0,16248000
bytecoin-bcn,2015-03-28,1.2e-05,1.3000000000000001e-05,1.2e-05,1.2e-05,1748.0,2109330
dash,2015-03-28,4.75,5.05,4.71,5.04,206446.0,24851500
dogecoin,2015-03-28,0.000128,0.000134,0.000128,0.000131,42770.0,12687300
litecoin,2015-03-28,1.68,1.72,1.68,1.7,843595.0,63346600
monero,2015-03-28,0.7793359999999999,0.852626,0.765332,0.795417,74210.0,5389510
ripple,2015-03-28,0.008888,0.008908,0.008751,0.008851000000000001,186292.0,283614000
stellar,2015-03-28,0.003075,0.0031829999999999996,0.0028870000000000002,0.0029579999999999997,26230.0,13201600
verge,2015-03-28,1.2e-05,2.1e-05,1.2e-05,1.4000000000000001e-05,1027.0,92606
bitcoin,2015-03-29,252.74,253.14,240.85,242.71,21699400.0,3536570000
bitshares,2015-03-29,0.006786,0.007111,0.006573000000000001,0.0066430000000000005,42090.0,16999400
bytecoin-bcn,2015-03-29,1.2e-05,1.4000000000000001e-05,1.2e-05,1.2e-05,4455.0,2121220
dash,2015-03-29,5.03,5.04,4.54,4.6,216958.0,26317500
dogecoin,2015-03-29,0.000131,0.000132,0.000124,0.000127,59516.0,12919800
litecoin,2015-03-29,1.7,1.71,1.64,1.66,1242080.0,64221900
monero,2015-03-29,0.806605,0.817701,0.701294,0.7121529999999999,58609.0,5590830
ripple,2015-03-29,0.008851000000000001,0.008859,0.008464,0.008498,417819.0,282420000
stellar,2015-03-29,0.002959,0.003054,0.002823,0.003046,6928.0,12706000
verge,2015-03-29,1.4000000000000001e-05,1.4999999999999999e-05,1.2e-05,1.2e-05,931.0,107262
bitcoin,2015-03-30,242.88,249.24,239.21,247.53,23009600.0,3399510000
bitshares,2015-03-30,0.0066430000000000005,0.006652,0.006418000000000001,0.006489,54976.0,16641200
bytecoin-bcn,2015-03-30,1.2e-05,1.3000000000000001e-05,1.2e-05,1.2e-05,3025.0,2101580
dash,2015-03-30,4.6,4.61,4.03,4.34,447970.0,24108800
dogecoin,2015-03-30,0.000127,0.000129,0.000126,0.000128,39566.0,12536800
litecoin,2015-03-30,1.66,1.68,1.64,1.67,1297260.0,62459100
monero,2015-03-30,0.718821,0.890235,0.71482,0.853188,108069.0,4993790
ripple,2015-03-30,0.008499,0.008638,0.008448,0.008453,977525.0,271203000
stellar,2015-03-30,0.003047,0.003146,0.0026739999999999997,0.002735,29998.0,13085600
verge,2015-03-30,1.2e-05,1.4999999999999999e-05,1.2e-05,1.2e-05,764.0,93622
bitcoin,2015-03-31,247.45,248.73,242.74,244.22,22672000.0,3464410000
bitshares,2015-03-31,0.0064849999999999994,0.0065260000000000006,0.006025,0.006122,66205.0,16243800
bytecoin-bcn,2015-03-31,1.2e-05,1.8e-05,1.2e-05,1.6e-05,9422.0,2091380
dash,2015-03-31,4.34,4.35,3.96,4.02,163313.0,22752100
dogecoin,2015-03-31,0.000128,0.000177,0.000124,0.000126,51069.0,12685600
litecoin,2015-03-31,1.67,1.68,1.64,1.65,1124990.0,63003800
monero,2015-03-31,0.870559,1.02,0.8488760000000001,0.9070590000000001,216122.0,6061480
ripple,2015-03-31,0.008452,0.008454999999999999,0.007772,0.007772,1359970.0,269701000
stellar,2015-03-31,0.002734,0.00299,0.002509,0.002816,37060.0,11741900
verge,2015-03-31,1.2e-05,1.4999999999999999e-05,1.2e-05,1.2e-05,1371.0,95532
bitcoin,2015-04-01,244.22,247.54,241.16,247.27,22877200.0,3420100000
bitshares,2015-04-01,0.006123,0.006421,0.006092,0.00629,28891.0,15337400
bytecoin-bcn,2015-04-01,1.6e-05,1.7e-05,1.3000000000000001e-05,1.4000000000000001e-05,4580.0,2701960
dash,2015-04-01,4.02,4.02,3.7,3.83,242957.0,21088600
dogecoin,2015-04-01,0.000126,0.000128,0.000123,0.000128,74921.0,12409700
litecoin,2015-04-01,1.65,1.68,1.63,1.66,1245880.0,62351500
monero,2015-04-01,0.907474,1.05,0.907474,1.01,119203.0,6333310
nem,2015-04-01,0.0004,0.000458,0.00016999999999999999,0.000242,65525.0,3604110
ripple,2015-04-01,0.007772,0.007772,0.007564,0.007668,708058.0,247992000
stellar,2015-04-01,0.002874,0.00288,0.002735,0.002803,10523.0,12346900
verge,2015-04-01,1.2e-05,1.4999999999999999e-05,1.2e-05,1.2e-05,447.0,94782
bitcoin,2015-04-02,247.09,254.46,245.42,253.0,26272600.0,3461060000
bitshares,2015-04-02,0.00629,0.006295,0.005978,0.006082,45731.0,15756700
bytecoin-bcn,2015-04-02,1.4000000000000001e-05,1.6e-05,1.4000000000000001e-05,1.4999999999999999e-05,6340.0,2460890
dash,2015-04-02,3.82,4.6,3.82,4.54,271324.0,20066500
dogecoin,2015-04-02,0.000128,0.00013000000000000002,0.000126,0.000129,32333.0,12650800
litecoin,2015-04-02,1.67,1.69,1.66,1.68,1254970.0,62994200
monero,2015-04-02,1.01,1.03,0.9182680000000001,0.96926,88831.0,7040630
nem,2015-04-02,0.000242,0.000323,0.000227,0.000314,28549.0,2179320
ripple,2015-04-02,0.007666,0.007923999999999999,0.007665000000000001,0.007906,373395.0,244625000
stellar,2015-04-02,0.002803,0.002814,0.002627,0.002664,16448.0,12045700
verge,2015-04-02,1.2e-05,1.4000000000000001e-05,1.2e-05,1.3000000000000001e-05,324.0,95828
bitcoin,2015-04-03,253.07,256.04,251.88,254.32,23146600.0,3545940000
bitshares,2015-04-03,0.006091,0.006222,0.006039,0.006114,37149.0,15257700
bytecoin-bcn,2015-04-03,1.4999999999999999e-05,1.7e-05,1.4999999999999999e-05,1.4999999999999999e-05,3923.0,2644410
dash,2015-04-03,4.52,4.56,4.28,4.36,138373.0,23736400
dogecoin,2015-04-03,0.000129,0.000131,0.000127,0.000129,39752.0,12770800
litecoin,2015-04-03,1.68,1.7,1.68,1.7,1053650.0,63414000
monero,2015-04-03,0.977708,1.02,0.878714,0.9522450000000001,139293.0,6853850
nem,2015-04-03,0.000309,0.00033,0.000291,0.00031,20678.0,2778750
ripple,2015-04-03,0.007905,0.008722,0.007904000000000001,0.00872,1010690.0,252251000
stellar,2015-04-03,0.002667,0.00279,0.002579,0.002768,15430.0,11464100
verge,2015-04-03,1.3000000000000001e-05,1.4000000000000001e-05,1.3000000000000001e-05,1.3000000000000001e-05,689.0,98191
bitcoin,2015-04-04,254.29,255.26,251.1,253.7,12493500.0,3563920000
bitshares,2015-04-04,0.006121,0.006124,0.0059229999999999994,0.006053,34396.0,15333600
bytecoin-bcn,2015-04-04,1.4999999999999999e-05,1.7e-05,1.4999999999999999e-05,1.4999999999999999e-05,5616.0,2573550
dash,2015-04-04,4.36,4.37,3.95,4.13,185199.0,22879800
dogecoin,2015-04-04,0.000129,0.00013000000000000002,0.000126,0.000128,27405.0,12787100
litecoin,2015-04-04,1.7,1.7,1.67,1.69,794158.0,64337500
monero,2015-04-04,0.940243,0.9913040000000001,0.714985,0.85929,128977.0,6606150
nem,2015-04-04,0.00031,0.00031800000000000003,0.000251,0.000277,23550.0,2792120
ripple,2015-04-04,0.008717,0.008967000000000001,0.008714,0.008844,302715.0,278134000
stellar,2015-04-04,0.0027670000000000004,0.0027670000000000004,0.002597,0.0026899999999999997,9276.0,11896500
verge,2015-04-04,1.3000000000000001e-05,1.4999999999999999e-05,1.3000000000000001e-05,1.3000000000000001e-05,268.0,98803
bitcoin,2015-04-05,253.76,260.68,251.94,260.6,19649200.0,3557460000
bitshares,2015-04-05,0.006055,0.006055,0.005674,0.005842,51079.0,15166800
bytecoin-bcn,2015-04-05,1.4999999999999999e-05,1.6e-05,1.4999999999999999e-05,1.6e-05,2757.0,2652970
dash,2015-04-05,4.12,4.21,3.95,4.17,136532.0,21661800
dogecoin,2015-04-05,0.000128,0.000128,0.000122,0.000127,66699.0,12668700
litecoin,2015-04-05,1.68,1.71,1.68,1.7,1012920.0,63731100
monero,2015-04-05,0.857369,0.919018,0.72706,0.8837309999999999,143439.0,6037240
nem,2015-04-05,0.000272,0.000283,0.000218,0.00023199999999999997,26800.0,2443720
ripple,2015-04-05,0.008847,0.008851999999999999,0.008716,0.008739,225068.0,282293000
stellar,2015-04-05,0.002689,0.002696,0.0025859999999999998,0.002666,12082.0,11562800
verge,2015-04-05,1.3000000000000001e-05,1.4999999999999999e-05,1.2e-05,1.3000000000000001e-05,1599.0,99405
bitcoin,2015-04-06,260.72,261.8,254.57,255.49,20034200.0,3655990000
bitshares,2015-04-06,0.005850999999999999,0.005903,0.005525,0.005665,56638.0,14656200
bytecoin-bcn,2015-04-06,1.6e-05,1.9e-05,1.4999999999999999e-05,1.8e-05,7798.0,2690260
dash,2015-04-06,4.17,4.23,4.03,4.09,115405.0,21906600
dogecoin,2015-04-06,0.000127,0.000128,0.000122,0.000124,39167.0,12539600
litecoin,2015-04-06,1.7,1.72,1.67,1.69,1077700.0,64505900
monero,2015-04-06,0.877685,0.914227,0.762972,0.789463,38051.0,6193760
nem,2015-04-06,0.00023199999999999997,0.000299,0.000229,0.00028900000000000003,22512.0,2088380
ripple,2015-04-06,0.008749,0.008839,0.008736,0.008786,537916.0,279160000
stellar,2015-04-06,0.002667,0.002684,0.0025859999999999998,0.002589,11075.0,11471000
verge,2015-04-06,1.3000000000000001e-05,1.4999999999999999e-05,1.2e-05,1.3000000000000001e-05,259.0,100294
bitcoin,2015-04-07,255.27,255.81,252.21,253.18,18467400.0,3580410000
bitshares,2015-04-07,0.005659,0.005703,0.005529999999999999,0.005677000000000001,79617.0,14175800
bytecoin-bcn,2015-04-07,1.8e-05,2.6000000000000002e-05,1.7e-05,2.3e-05,11179.0,3133580
dash,2015-04-07,4.09,4.12,3.72,3.78,205259.0,21522900
dogecoin,2015-04-07,0.000124,0.000124,0.00011999999999999999,0.000122,37381.0,12237300
litecoin,2015-04-07,1.69,1.69,1.67,1.67,898271.0,63958900
monero,2015-04-07,0.788578,0.8333020000000001,0.715785,0.8333020000000001,95347.0,5576860
nem,2015-04-07,0.000288,0.000288,0.000234,0.000241,14437.0,2596140
ripple,2015-04-07,0.008775,0.00908,0.008773999999999999,0.009071,1145350.0,280003000
stellar,2015-04-07,0.002572,0.0028399999999999996,0.002525,0.0026899999999999997,37000.0,11064300
verge,2015-04-07,1.3000000000000001e-05,1.4999999999999999e-05,1e-05,1.2e-05,2473.0,98358
bitcoin,2015-04-08,253.06,253.85,244.22,245.02,30086400.0,3550390000
bitshares,2015-04-08,0.005676,0.00573,0.005563,0.005638000000000001,33829.0,14217700
bytecoin-bcn,2015-04-08,2.3e-05,3.3e-05,2.1e-05,2.8000000000000003e-05,11965.0,3954800
dash,2015-04-08,3.77,3.86,3.55,3.68,144498.0,19854100
dogecoin,2015-04-08,0.000122,0.000123,0.000109,0.000117,43839.0,12048600
litecoin,2015-04-08,1.67,1.68,1.62,1.63,1479550.0,63336300
monero,2015-04-08,0.818747,0.843535,0.724638,0.755192,33421.0,5803160
nem,2015-04-08,0.000245,0.000259,0.000223,0.00022799999999999999,6933.0,2209250
ripple,2015-04-08,0.009067,0.009269,0.009062,0.009198,940998.0,289321000
stellar,2015-04-08,0.002689,0.002785,0.0026079999999999996,0.002709,19430.0,11571300
verge,2015-04-08,1.2e-05,1.3000000000000001e-05,1e-05,1.2e-05,301.0,95720
bitcoin,2015-04-09,244.75,246.12,239.4,243.68,21643500.0,3434520000
bitshares,2015-04-09,0.005635,0.005635,0.0053479999999999995,0.00536,52428.0,14114900
bytecoin-bcn,2015-04-09,2.8000000000000003e-05,2.9999999999999997e-05,2.7000000000000002e-05,2.8000000000000003e-05,6962.0,4854180
dash,2015-04-09,3.68,3.87,3.38,3.42,172424.0,19400600
dogecoin,2015-04-09,0.000117,0.000118,0.00011399999999999999,0.000117,42133.0,11597700
litecoin,2015-04-09,1.62,1.63,1.55,1.59,1354130.0,61536800
monero,2015-04-09,0.755325,0.7629090000000001,0.699283,0.758207,24374.0,5365370
nem,2015-04-09,0.00022799999999999999,0.000239,0.000213,0.00022400000000000002,10014.0,2048560
ripple,2015-04-09,0.009192,0.009204,0.00878,0.00878,701874.0,293312000
stellar,2015-04-09,0.002708,0.0028190000000000003,0.002621,0.002649,14530.0,13010400
verge,2015-04-09,1.2e-05,1.4000000000000001e-05,1e-05,1.2e-05,551.0,95533
bitcoin,2015-04-10,243.69,243.69,232.77,236.07,28882000.0,3420500000
bitshares,2015-04-10,0.0053560000000000005,0.005386999999999999,0.004752,0.004802000000000001,182342.0,13416200
bytecoin-bcn,2015-04-10,2.8000000000000003e-05,2.8000000000000003e-05,1.9e-05,2.1e-05,917.0,4727990
dash,2015-04-10,3.42,3.45,3.09,3.23,185593.0,18016800
dogecoin,2015-04-10,0.000117,0.000117,0.00011100000000000001,0.000113,52305.0,11569700
litecoin,2015-04-10,1.59,1.59,1.52,1.53,1448110.0,60275800
monero,2015-04-10,0.7594810000000001,0.8641399999999999,0.724072,0.800381,67091.0,5406330
nem,2015-04-10,0.00022400000000000002,0.000227,0.000167,0.000175,16846.0,2017780
ripple,2015-04-10,0.008776,0.008776,0.008503,0.008512,494280.0,280024000
stellar,2015-04-10,0.002649,0.002726,0.002559,0.002637,18291.0,12725400
verge,2015-04-10,1.2e-05,1.4000000000000001e-05,1.1e-05,1.4000000000000001e-05,1231.0,93426
bitcoin,2015-04-11,236.02,239.54,234.18,236.55,16365200.0,3313620000
bitshares,2015-04-11,0.004788000000000001,0.004945000000000001,0.004429,0.0044740000000000005,89138.0,11994000
bytecoin-bcn,2015-04-11,2.1e-05,2.4e-05,1.9e-05,1.9e-05,275.0,3620110
dash,2015-04-11,3.24,3.43,3.24,3.33,87373.0,17055300
dogecoin,2015-04-11,0.000113,0.00011499999999999999,0.00011200000000000001,0.00011399999999999999,33858.0,11183800
litecoin,2015-04-11,1.52,1.54,1.44,1.46,1329260.0,57945500
monero,2015-04-11,0.804529,0.8554069999999999,0.7855810000000001,0.827207,45289.0,5739570
nem,2015-04-11,0.000175,0.000192,0.000143,0.00016299999999999998,22846.0,1571870
ripple,2015-04-11,0.008515,0.008517,0.008264,0.0083,255991.0,271703000
stellar,2015-04-11,0.002639,0.002814,0.0025399999999999997,0.00277,26596.0,12682400
verge,2015-04-11,1.4000000000000001e-05,1.4000000000000001e-05,1.2e-05,1.2e-05,713.0,109635
bitcoin,2015-04-12,236.53,237.73,233.5,236.15,12387900.0,3321740000
bitshares,2015-04-12,0.0044729999999999995,0.004596,0.004435000000000001,0.004523,41211.0,11204400
bytecoin-bcn,2015-04-12,2.1e-05,2.1e-05,1.7e-05,1.7e-05,406.0,3653410
dash,2015-04-12,3.34,3.41,3.26,3.3,46830.0,17591400
dogecoin,2015-04-12,0.00011399999999999999,0.00011499999999999999,0.00011200000000000001,0.00011399999999999999,23632.0,11297200
litecoin,2015-04-12,1.46,1.49,1.45,1.46,724290.0,55550100
monero,2015-04-12,0.826843,0.8312930000000001,0.7959579999999999,0.800135,22665.0,5911570
nem,2015-04-12,0.00016299999999999998,0.000173,0.000144,0.000146,5569.0,1469950
ripple,2015-04-12,0.008298999999999999,0.008701,0.008270999999999999,0.00861,199412.0,264809000
stellar,2015-04-12,0.0027760000000000003,0.00283,0.002649,0.002796,99750.0,13342500
verge,2015-04-12,1.2e-05,1.4000000000000001e-05,1.2e-05,1.2e-05,837.0,92814
bitcoin,2015-04-13,235.95,236.94,222.0,224.59,31181800.0,3314280000
bitshares,2015-04-13,0.004526,0.00483,0.004436,0.004542,251683.0,11337500
bytecoin-bcn,2015-04-13,1.7e-05,2.1e-05,1.3000000000000001e-05,1.6e-05,328.0,2839340
dash,2015-04-13,3.31,3.32,3.15,3.21,93897.0,17454100
dogecoin,2015-04-13,0.00011399999999999999,0.00011499999999999999,0.000106,0.000106,49018.0,11294300
litecoin,2015-04-13,1.47,1.48,1.37,1.38,1316410.0,56089100
monero,2015-04-13,0.800405,0.8010729999999999,0.6759229999999999,0.6917409999999999,66159.0,5735080
nem,2015-04-13,0.000146,0.000155,0.000123,0.000139,11803.0,1316600
ripple,2015-04-13,0.008612,0.008623,0.008162,0.008194,372548.0,274804000
stellar,2015-04-13,0.002833,0.003084,0.0026920000000000004,0.002732,12501.0,13619200
verge,2015-04-13,1.2e-05,1.3000000000000001e-05,1.1e-05,1.1e-05,169.0,92771
bitcoin,2015-04-14,224.76,224.98,216.32,219.16,31719000.0,3157970000
bitshares,2015-04-14,0.004543,0.0045590000000000006,0.00439,0.004441,128460.0,11380500
bytecoin-bcn,2015-04-14,1.6e-05,1.8e-05,1.3000000000000001e-05,1.4999999999999999e-05,478.0,2699860
dash,2015-04-14,3.19,3.21,3.06,3.1,68149.0,16840800
dogecoin,2015-04-14,0.000106,0.00010700000000000001,0.000102,0.000103,60205.0,10480200
litecoin,2015-04-14,1.38,1.39,1.34,1.38,1669170.0,52470700
monero,2015-04-14,0.697815,0.700495,0.643041,0.656934,37452.0,5010540
nem,2015-04-14,0.000139,0.000178,0.00013700000000000002,0.000153,14654.0,1254160
ripple,2015-04-14,0.008193,0.008298999999999999,0.008139,0.008159,636679.0,261412000
stellar,2015-04-14,0.002716,0.002799,0.002627,0.002656,10358.0,13060600
verge,2015-04-14,1.1e-05,1.3000000000000001e-05,9e-06,1.1e-05,452.0,87903
bitcoin,2015-04-15,219.07,223.83,218.65,223.83,22562000.0,3078890000
bitshares,2015-04-15,0.004441,0.004665,0.0044399999999999995,0.004665,28260.0,11125500
bytecoin-bcn,2015-04-15,1.4999999999999999e-05,1.8e-05,1.3000000000000001e-05,1.6e-05,130.0,2635040
dash,2015-04-15,3.1,3.12,2.98,3.02,82324.0,16367500
dogecoin,2015-04-15,0.000102,0.000105,0.000102,0.000105,49885.0,10144800
litecoin,2015-04-15,1.38,1.42,1.35,1.38,1230190.0,52512100
monero,2015-04-15,0.65659,0.690585,0.651108,0.673307,21974.0,4724530
nem,2015-04-15,0.000156,0.000172,0.000146,0.000155,8196.0,1399610
ripple,2015-04-15,0.008159999999999999,0.008163,0.007881,0.007949,409098.0,260380000
stellar,2015-04-15,0.0026550000000000002,0.0027,0.002593,0.0026550000000000002,7342.0,12767600
verge,2015-04-15,1.1e-05,1.3000000000000001e-05,1e-05,1.1e-05,98.0,83474
bitcoin,2015-04-16,223.92,229.67,223.92,228.57,24805400.0,3147650000
bitshares,2015-04-16,0.004666,0.004857,0.004649,0.004857,56496.0,11687000
bytecoin-bcn,2015-04-16,1.6e-05,2.5e-05,1.6e-05,2.2e-05,12660.0,2690550
dash,2015-04-16,3.02,3.1,2.98,3.01,83054.0,15979400
dogecoin,2015-04-16,0.000105,0.00010800000000000001,0.00010400000000000001,0.00010800000000000001,51137.0,10420100
litecoin,2015-04-16,1.38,1.43,1.37,1.42,1098160.0,52832900
monero,2015-04-16,0.673035,0.687646,0.652904,0.678599,42962.0,4853110
nem,2015-04-16,0.000155,0.000174,0.000155,0.00016299999999999998,5317.0,1391420
ripple,2015-04-16,0.007955,0.008014,0.007943,0.00801,246608.0,253839000
stellar,2015-04-16,0.002671,0.002787,0.00265,0.0027649999999999997,8689.0,12847400
verge,2015-04-16,1.1e-05,1.2e-05,9e-06,1.2e-05,339.0,83385
bitcoin,2015-04-17,228.57,228.91,221.94,222.88,20429800.0,3213910000
bitshares,2015-04-17,0.004872,0.004909,0.0046,0.0046689999999999995,59304.0,12205000
bytecoin-bcn,2015-04-17,2.2e-05,2.7000000000000002e-05,2.1e-05,2.4e-05,10462.0,3780170
dash,2015-04-17,3.01,3.03,2.78,2.83,118954.0,15927600
dogecoin,2015-04-17,0.00010700000000000001,0.000109,0.000105,0.00010700000000000001,53563.0,10610300
litecoin,2015-04-17,1.42,1.44,1.4,1.41,1127080.0,54339400
monero,2015-04-17,0.678462,0.6843670000000001,0.631058,0.658304,27205.0,4903060
nem,2015-04-17,0.000168,0.000172,0.00016,0.000167,4556.0,1507870
ripple,2015-04-17,0.008014,0.008064,0.008008,0.008025,312038.0,255703000
stellar,2015-04-17,0.002763,0.002778,0.0026850000000000003,0.0026969999999999997,11959.0,13294400
verge,2015-04-17,1.2e-05,1.4000000000000001e-05,9e-06,1.3000000000000001e-05,1066.0,91293
bitcoin,2015-04-18,222.85,224.32,220.88,223.36,12939000.0,3134170000
bitshares,2015-04-18,0.0046689999999999995,0.004804999999999999,0.0046240000000000005,0.004790999999999999,25891.0,11696600
bytecoin-bcn,2015-04-18,2.4e-05,2.4e-05,2.2e-05,2.2e-05,4353.0,4056650
dash,2015-04-18,2.83,2.93,2.8,2.93,45925.0,14999500
dogecoin,2015-04-18,0.00010700000000000001,0.00010700000000000001,0.000105,0.00010700000000000001,22508.0,10624700
litecoin,2015-04-18,1.41,1.42,1.39,1.41,733823.0,53929900
monero,2015-04-18,0.658119,0.7203729999999999,0.654586,0.694249,39375.0,4765990
nem,2015-04-18,0.000167,0.00016999999999999999,0.00014099999999999998,0.00014099999999999998,9117.0,1503010
ripple,2015-04-18,0.008042,0.008043999999999999,0.007898,0.0079,184595.0,256617000
stellar,2015-04-18,0.002696,0.0027559999999999998,0.002681,0.002742,10026.0,12973600
verge,2015-04-18,1.3000000000000001e-05,1.3000000000000001e-05,1.1e-05,1.1e-05,1304.0,102977
bitcoin,2015-04-19,223.46,226.35,222.37,222.6,15021500.0,3143460000
bitshares,2015-04-19,0.00479,0.00489,0.004743,0.0047539999999999995,20774.0,11998200
bytecoin-bcn,2015-04-19,2.2e-05,2.8000000000000003e-05,2.1e-05,2.6000000000000002e-05,6779.0,3797010
dash,2015-04-19,2.93,2.93,2.78,2.8,57969.0,15488700
dogecoin,2015-04-19,0.00010700000000000001,0.00010800000000000001,0.000105,0.000106,30371.0,10585300
litecoin,2015-04-19,1.41,1.43,1.38,1.39,984396.0,53970000
monero,2015-04-19,0.69231,0.696105,0.662209,0.662209,15323.0,5023780
nem,2015-04-19,0.00014099999999999998,0.00016,0.00013700000000000002,0.000147,7193.0,1269820
ripple,2015-04-19,0.007899,0.007916,0.007840999999999999,0.007845999999999999,197022.0,252032000
stellar,2015-04-19,0.002741,0.002752,0.0026850000000000003,0.0026850000000000003,23255.0,13192000
verge,2015-04-19,1.1e-05,1.6e-05,1.1e-05,1.1e-05,357.0,88587
bitcoin,2015-04-20,222.61,226.35,221.98,224.63,18364700.0,3132400000
bitshares,2015-04-20,0.004751,0.004756,0.004618,0.004681,21939.0,11901500
bytecoin-bcn,2015-04-20,2.6000000000000002e-05,2.7000000000000002e-05,2.3e-05,2.4e-05,5624.0,4386240
dash,2015-04-20,2.8,2.83,2.65,2.65,112126.0,14803700
dogecoin,2015-04-20,0.000106,0.00010800000000000001,0.000105,0.000106,34841.0,10517600
litecoin,2015-04-20,1.38,1.42,1.38,1.41,959972.0,53029400
monero,2015-04-20,0.662429,0.68435,0.6498550000000001,0.678942,28005.0,4816330
nem,2015-04-20,0.000147,0.00015,0.000128,0.000133,6681.0,1324160
ripple,2015-04-20,0.007840999999999999,0.007954000000000001,0.007835,0.007932,710840.0,250205000
stellar,2015-04-20,0.0026850000000000003,0.0027370000000000003,0.002668,0.002696,8072.0,12921700
verge,2015-04-20,1.1e-05,1.8e-05,1.1e-05,1.4000000000000001e-05,2049.0,88461
bitcoin,2015-04-21,224.62,235.27,224.3,235.27,24978000.0,3161520000
bitshares,2015-04-21,0.004681,0.004785,0.004612,0.004785,21487.0,11726700
bytecoin-bcn,2015-04-21,2.4e-05,2.7000000000000002e-05,2.3e-05,2.6000000000000002e-05,11011.0,4178190
dash,2015-04-21,2.65,2.91,2.62,2.89,80103.0,14033800
dogecoin,2015-04-21,0.000106,0.00011100000000000001,0.00010400000000000001,0.00011100000000000001,49792.0,10515600
litecoin,2015-04-21,1.41,1.43,1.4,1.42,1055230.0,53985400
monero,2015-04-21,0.68176,0.68176,0.583367,0.632725,101360.0,4968090
nem,2015-04-21,0.000133,0.000148,0.000129,0.00013700000000000002,3912.0,1194180
ripple,2015-04-21,0.007932999999999999,0.007975,0.007817000000000001,0.007968000000000001,678946.0,253136000
stellar,2015-04-21,0.002684,0.002764,0.002574,0.002758,14345.0,12922300
verge,2015-04-21,1.4000000000000001e-05,1.8e-05,1.4000000000000001e-05,1.6e-05,2463.0,110572
bitcoin,2015-04-22,235.6,237.91,233.48,234.18,23847900.0,3316990000
bitshares,2015-04-22,0.004795000000000001,0.004804,0.004668,0.004693,33979.0,12011300
bytecoin-bcn,2015-04-22,2.6000000000000002e-05,2.8000000000000003e-05,2.4e-05,2.5e-05,6253.0,4419450
dash,2015-04-22,2.89,3.35,2.87,3.25,191228.0,15328200
dogecoin,2015-04-22,0.00011100000000000001,0.00011200000000000001,0.000109,0.00011100000000000001,64337.0,10965500
litecoin,2015-04-22,1.43,1.47,1.42,1.45,1130670.0,54951900
monero,2015-04-22,0.6318229999999999,0.633604,0.575792,0.576331,29956.0,4614040
nem,2015-04-22,0.00013700000000000002,0.000149,0.000129,0.000138,2353.0,1233120
ripple,2015-04-22,0.007975,0.008062999999999999,0.007954000000000001,0.008025,704364.0,254486000
stellar,2015-04-22,0.002762,0.002777,0.002652,0.002698,7432.0,13299200
verge,2015-04-22,1.6e-05,2.3e-05,1.6e-05,1.7e-05,7655.0,131091
bitcoin,2015-04-23,234.05,236.47,233.2,236.46,17036000.0,3296060000
bitshares,2015-04-23,0.004693999999999999,0.004733,0.004645000000000001,0.004679,103813.0,11758600
bytecoin-bcn,2015-04-23,2.5e-05,2.6000000000000002e-05,2.4e-05,2.5e-05,6248.0,4236050
dash,2015-04-23,3.25,3.74,3.1,3.63,275604.0,17232600
dogecoin,2015-04-23,0.00011,0.00011200000000000001,0.00010800000000000001,0.00011,52136.0,10898700
litecoin,2015-04-23,1.46,1.46,1.44,1.46,727959.0,55880900
monero,2015-04-23,0.57687,0.6140220000000001,0.556235,0.603233,45474.0,4221300
nem,2015-04-23,0.000138,0.000147,0.000133,0.00013700000000000002,2117.0,1244580
ripple,2015-04-23,0.008027,0.008046,0.008004,0.008019,397132.0,256114000
stellar,2015-04-23,0.002657,0.002759,0.002629,0.0027489999999999997,9866.0,12797100
verge,2015-04-23,1.7e-05,1.9e-05,1.4000000000000001e-05,1.4999999999999999e-05,1270.0,138852
bitcoin,2015-04-24,235.97,236.31,229.93,231.27,21448700.0,3323830000
bitshares,2015-04-24,0.004676,0.004712,0.004547,0.004602,35127.0,11714000
bytecoin-bcn,2015-04-24,2.5e-05,2.6000000000000002e-05,2.3e-05,2.5e-05,6563.0,4226050
dash,2015-04-24,3.63,3.63,3.06,3.18,184435.0,19273000
dogecoin,2015-04-24,0.00011,0.00011100000000000001,0.00010400000000000001,0.000105,80204.0,10935400
litecoin,2015-04-24,1.46,1.46,1.42,1.42,1008680.0,56032400
monero,2015-04-24,0.596757,0.60509,0.56803,0.569937,18883.0,4375970
nem,2015-04-24,0.00013700000000000002,0.00015,0.000132,0.00015,3058.0,1234000
ripple,2015-04-24,0.008018,0.008101,0.007935,0.008076999999999999,446330.0,255848000
stellar,2015-04-24,0.0027489999999999997,0.0027489999999999997,0.00265,0.0026579999999999998,6647.0,13240900
verge,2015-04-24,1.4999999999999999e-05,1.6e-05,1.4000000000000001e-05,1.4000000000000001e-05,614.0,118569
bitcoin,2015-04-25,231.24,232.56,226.34,226.39,13957200.0,3257850000
bitshares,2015-04-25,0.004601,0.0046170000000000004,0.004407,0.004444,31935.0,11525900
bytecoin-bcn,2015-04-25,2.5e-05,2.5e-05,2.3e-05,2.4e-05,6481.0,4353150
dash,2015-04-25,3.19,3.29,3.07,3.1,56721.0,16941600
dogecoin,2015-04-25,0.000105,0.00010700000000000001,0.000102,0.000103,35264.0,10449200
litecoin,2015-04-25,1.42,1.43,1.4,1.4,868387.0,54617300
monero,2015-04-25,0.572382,0.585438,0.514305,0.5647399999999999,77248.0,4205970
nem,2015-04-25,0.000149,0.00015,0.00013700000000000002,0.00014,2480.0,1345350
ripple,2015-04-25,0.00808,0.008292,0.008039,0.008291,211934.0,257807000
stellar,2015-04-25,0.00265,0.0027370000000000003,0.002623,0.002657,5959.0,12764000
verge,2015-04-25,1.4000000000000001e-05,1.8e-05,1.4000000000000001e-05,1.8e-05,627.0,111518
bitcoin,2015-04-26,226.41,226.94,214.87,219.43,28943700.0,3190790000
bitshares,2015-04-26,0.004443,0.004446,0.004116,0.004224,31778.0,11130000
bytecoin-bcn,2015-04-26,2.4e-05,2.4e-05,2.2e-05,2.4e-05,5836.0,4102680
dash,2015-04-26,3.1,3.1,2.93,3.05,95532.0,16447900
dogecoin,2015-04-26,0.000103,0.00010400000000000001,9.8e-05,0.0001,67739.0,10206300
litecoin,2015-04-26,1.4,1.4,1.3,1.32,1292150.0,53853500
monero,2015-04-26,0.563681,0.567488,0.531613,0.556385,19954.0,4150550
nem,2015-04-26,0.00014,0.00014099999999999998,0.000127,0.000134,2074.0,1263860
ripple,2015-04-26,0.00829,0.008297,0.007684000000000001,0.00774,493776.0,264537000
stellar,2015-04-26,0.002656,0.00267,0.002594,0.00264,8844.0,12799500
verge,2015-04-26,1.8e-05,1.8e-05,1.3000000000000001e-05,1.3000000000000001e-05,585.0,142928
bitcoin,2015-04-27,219.43,233.31,218.02,229.29,38574000.0,3093200000
bitshares,2015-04-27,0.004222,0.0042439999999999995,0.004101,0.0042439999999999995,38741.0,10575800
bytecoin-bcn,2015-04-27,2.4e-05,2.7000000000000002e-05,2.3e-05,2.5e-05,5606.0,4141290
dash,2015-04-27,3.05,3.16,2.92,2.99,88755.0,16204900
dogecoin,2015-04-27,0.0001,0.000105,9.9e-05,0.00010400000000000001,71850.0,9913100
litecoin,2015-04-27,1.32,1.4,1.32,1.38,1465060.0,50904000
monero,2015-04-27,0.556476,0.573146,0.529841,0.566088,26268.0,4105850
nem,2015-04-27,0.000134,0.000168,0.000134,0.00016299999999999998,6660.0,1205740
ripple,2015-04-27,0.007742,0.007845999999999999,0.007675,0.007765,779357.0,247028000
stellar,2015-04-27,0.002643,0.002696,0.002568,0.0026920000000000004,13546.0,12739700
verge,2015-04-27,1.3000000000000001e-05,1.6e-05,1.1e-05,1.4000000000000001e-05,3740.0,106328
bitcoin,2015-04-28,228.97,229.5,223.07,225.85,21469200.0,3228470000
bitshares,2015-04-28,0.004236,0.00426,0.0039570000000000004,0.003968,44433.0,10611400
bytecoin-bcn,2015-04-28,2.5e-05,2.8999999999999997e-05,2.4e-05,2.6000000000000002e-05,5321.0,4314140
dash,2015-04-28,2.99,3.06,2.91,3.04,68693.0,15929400
dogecoin,2015-04-28,0.00010400000000000001,0.00010400000000000001,9.8e-05,9.9e-05,39115.0,10337600
litecoin,2015-04-28,1.38,1.39,1.35,1.36,1014190.0,53283400
monero,2015-04-28,0.566098,0.572987,0.445988,0.47931,97890.0,4185340
nem,2015-04-28,0.00016,0.00016299999999999998,0.000146,0.000149,3358.0,1442520
ripple,2015-04-28,0.007764,0.007764,0.007606999999999999,0.00763,569295.0,247748000
stellar,2015-04-28,0.002693,0.002693,0.002602,0.00263,9069.0,12980500
verge,2015-04-28,1.4000000000000001e-05,1.6e-05,1.3000000000000001e-05,1.4000000000000001e-05,661.0,113072
bitcoin,2015-04-29,225.59,227.04,223.43,225.81,18936500.0,3181700000
bitshares,2015-04-29,0.0039689999999999994,0.0039689999999999994,0.003351,0.003479,107074.0,9941820
bytecoin-bcn,2015-04-29,2.6000000000000002e-05,2.7000000000000002e-05,2.5e-05,2.7000000000000002e-05,8152.0,4530300
dash,2015-04-29,3.02,3.05,2.89,2.97,30506.0,16075700
dogecoin,2015-04-29,9.9e-05,0.0001,9.8e-05,9.8e-05,40541.0,9838020
litecoin,2015-04-29,1.36,1.37,1.35,1.36,1372440.0,52548100
monero,2015-04-29,0.484513,0.502058,0.447521,0.491526,29029.0,3589430
nem,2015-04-29,0.000149,0.000152,0.00014199999999999998,0.000147,2013.0,1337590
ripple,2015-04-29,0.007633,0.007863,0.00763,0.007863,549981.0,243552000
stellar,2015-04-29,0.0026320000000000002,0.002693,0.0024460000000000003,0.002575,15415.0,12688600
verge,2015-04-29,1.4000000000000001e-05,1.6e-05,1.3000000000000001e-05,1.4000000000000001e-05,370.0,109965
bitcoin,2015-04-30,225.69,239.56,224.99,236.15,33818600.0,3183860000
bitshares,2015-04-30,0.0034700000000000004,0.003575,0.0034130000000000002,0.003511,48435.0,8691840
bytecoin-bcn,2015-04-30,2.7000000000000002e-05,2.8000000000000003e-05,2.5e-05,2.7000000000000002e-05,5643.0,4595030
dash,2015-04-30,2.97,3.02,2.89,2.97,84241.0,15814200
dogecoin,2015-04-30,9.9e-05,0.000105,9.8e-05,0.000103,121523.0,9800890
litecoin,2015-04-30,1.36,1.45,1.36,1.44,2039930.0,52528700
monero,2015-04-30,0.49244,0.52662,0.462531,0.501179,29589.0,3655310
nem,2015-04-30,0.000147,0.00016,0.000147,0.000157,959.0,1323030
ripple,2015-04-30,0.007857,0.008073,0.007853,0.008029000000000001,595106.0,250695000
stellar,2015-04-30,0.002573,0.002738,0.00255,0.002732,10060.0,12406800
verge,2015-04-30,1.4000000000000001e-05,1.6e-05,1.3000000000000001e-05,1.4000000000000001e-05,536.0,110185
bitcoin,2015-05-01,235.94,238.97,232.08,232.08,18815300.0,3329190000
bitshares,2015-05-01,0.0035039999999999997,0.003556,0.00337,0.0034920000000000003,40137.0,8789630
bytecoin-bcn,2015-05-01,2.7000000000000002e-05,2.8999999999999997e-05,2.5e-05,2.7000000000000002e-05,8069.0,4585060
dash,2015-05-01,2.97,3.01,2.69,2.74,149552.0,15845500
dogecoin,2015-05-01,0.000103,0.00010400000000000001,9.6e-05,9.8e-05,110577.0,10269900
litecoin,2015-05-01,1.44,1.45,1.41,1.41,1169670.0,55731500
monero,2015-05-01,0.502925,0.52752,0.492795,0.49999799999999994,13570.0,3734140
nem,2015-05-01,0.000157,0.00015800000000000002,0.000153,0.000156,692.0,1412990
ripple,2015-05-01,0.008034999999999999,0.00808,0.008018,0.008018,663959.0,256371000
stellar,2015-05-01,0.002735,0.002779,0.002647,0.002647,5405.0,13191700
verge,2015-05-01,1.4000000000000001e-05,1.4000000000000001e-05,1.2e-05,1.4000000000000001e-05,803.0,115286
bitcoin,2015-05-02,232.34,235.73,232.34,234.93,12535500.0,3279270000
bitshares,2015-05-02,0.0034969999999999997,0.0036899999999999997,0.003438,0.003646,41550.0,8772950
bytecoin-bcn,2015-05-02,2.6000000000000002e-05,2.8999999999999997e-05,2.6000000000000002e-05,2.7000000000000002e-05,7951.0,4536340
dash,2015-05-02,2.74,2.85,2.73,2.75,46992.0,14605900
dogecoin,2015-05-02,9.8e-05,0.000103,9.6e-05,9.7e-05,69472.0,9697810
litecoin,2015-05-02,1.41,1.43,1.4,1.42,807758.0,54397100
monero,2015-05-02,0.500167,0.5094850000000001,0.48457700000000004,0.49757700000000005,12363.0,3713670
nem,2015-05-02,0.000153,0.00015800000000000002,0.000146,0.000155,1543.0,1381060
ripple,2015-05-02,0.008020000000000001,0.008076999999999999,0.007978,0.008037,107649.0,255900000
stellar,2015-05-02,0.002646,0.00277,0.002627,0.002696,10689.0,12762600
verge,2015-05-02,1.4000000000000001e-05,1.6e-05,1.4000000000000001e-05,1.4999999999999999e-05,463.0,113667
bitcoin,2015-05-03,234.88,243.24,234.08,240.36,18494100.0,3315980000
bitshares,2015-05-03,0.0036520000000000003,0.00375,0.003607,0.0037070000000000002,25242.0,9160670
bytecoin-bcn,2015-05-03,2.7000000000000002e-05,2.7000000000000002e-05,2.6000000000000002e-05,2.6000000000000002e-05,4054.0,4613200
dash,2015-05-03,2.75,2.83,2.69,2.7,63544.0,14652000
dogecoin,2015-05-03,9.7e-05,0.0001,9e-05,9e-05,107580.0,9622940
litecoin,2015-05-03,1.42,1.45,1.41,1.43,1673860.0,54921600
monero,2015-05-03,0.495055,0.5133220000000001,0.491903,0.499079,13646.0,3675710
nem,2015-05-03,0.000155,0.00015800000000000002,0.00014199999999999998,0.000149,4417.0,1395620
ripple,2015-05-03,0.008036,0.008115,0.008013,0.008055,438453.0,256414000
stellar,2015-05-03,0.002695,0.00275,0.00266,0.002677,6849.0,13003800
verge,2015-05-03,1.4999999999999999e-05,1.4999999999999999e-05,1.2e-05,1.4000000000000001e-05,376.0,122618
bitcoin,2015-05-04,240.36,242.64,237.81,239.02,21223400.0,3394130000
bitshares,2015-05-04,0.0037070000000000002,0.0037170000000000003,0.003276,0.003332,50721.0,9303870
bytecoin-bcn,2015-05-04,2.6000000000000002e-05,2.8000000000000003e-05,2.5e-05,2.6000000000000002e-05,6278.0,4556020
dash,2015-05-04,2.71,3.02,2.66,2.88,104785.0,14479000
dogecoin,2015-05-04,9e-05,9.4e-05,8.9e-05,8.9e-05,60746.0,8912590
litecoin,2015-05-04,1.43,1.45,1.41,1.41,1462600.0,55532500
monero,2015-05-04,0.498803,0.503922,0.467321,0.46788900000000005,19414.0,3703540
nem,2015-05-04,0.000149,0.000157,0.00014199999999999998,0.000151,2595.0,1340690
ripple,2015-05-04,0.008057,0.00807,0.007997,0.008017,262147.0,257092000
stellar,2015-05-04,0.002677,0.003035,0.002651,0.0030210000000000002,4015.0,12917000
verge,2015-05-04,1.4000000000000001e-05,1.7e-05,1.4000000000000001e-05,1.4000000000000001e-05,298.0,116768
bitcoin,2015-05-05,238.85,239.2,232.05,236.12,23929100.0,3373650000
bitshares,2015-05-05,0.003319,0.003453,0.003242,0.003258,21646.0,8330280
bytecoin-bcn,2015-05-05,2.6000000000000002e-05,2.6000000000000002e-05,2.4e-05,2.4e-05,5347.0,4448270
dash,2015-05-05,2.88,2.9,2.78,2.85,26546.0,15365200
dogecoin,2015-05-05,8.9e-05,9e-05,8.8e-05,8.9e-05,63172.0,8835490
litecoin,2015-05-05,1.41,1.42,1.39,1.41,1229630.0,54810500
monero,2015-05-05,0.468268,0.482659,0.447593,0.471166,22379.0,3476820
nem,2015-05-05,0.000151,0.000153,0.00013700000000000002,0.00014099999999999998,3974.0,1355840
ripple,2015-05-05,0.008017,0.008020000000000001,0.007909999999999999,0.007909999999999999,553536.0,255800000
stellar,2015-05-05,0.0030210000000000002,0.003175,0.002659,0.002691,6410.0,14578400
verge,2015-05-05,1.4000000000000001e-05,1.7e-05,1.2e-05,1.2e-05,215.0,117278
bitcoin,2015-05-06,236.25,236.45,229.23,229.78,29587200.0,3337790000
bitshares,2015-05-06,0.003266,0.003399,0.003266,0.003314,17421.0,8197100
bytecoin-bcn,2015-05-06,2.4e-05,2.7000000000000002e-05,2.4e-05,2.5e-05,7043.0,4218660
dash,2015-05-06,2.85,2.98,2.81,2.82,48370.0,15229100
dogecoin,2015-05-06,8.9e-05,9e-05,8.7e-05,8.7e-05,42631.0,8850310
litecoin,2015-05-06,1.41,1.41,1.39,1.39,1100820.0,54516200
monero,2015-05-06,0.471263,0.480915,0.44502200000000003,0.45825699999999997,29928.0,3499060
nem,2015-05-06,0.00014099999999999998,0.000146,0.000139,0.000143,1125.0,1270090
ripple,2015-05-06,0.00792,0.00792,0.00777,0.007781999999999999,475466.0,252720000
stellar,2015-05-06,0.002691,0.003046,0.002649,0.002757,4242.0,12989200
verge,2015-05-06,1.2e-05,1.4000000000000001e-05,1.1e-05,1.3000000000000001e-05,534.0,100246
bitcoin,2015-05-07,229.66,239.1,228.57,237.33,29064400.0,3245660000
bitshares,2015-05-07,0.003314,0.003343,0.003249,0.0032909999999999997,31309.0,8316700
bytecoin-bcn,2015-05-07,2.5e-05,2.7000000000000002e-05,2.4e-05,2.6000000000000002e-05,6111.0,4293930
dash,2015-05-07,2.82,2.85,2.74,2.81,60248.0,15056800
dogecoin,2015-05-07,8.7e-05,8.9e-05,8.499999999999999e-05,8.9e-05,34179.0,8654870
litecoin,2015-05-07,1.39,1.49,1.38,1.46,1742090.0,53911200
monero,2015-05-07,0.458921,0.486493,0.455222,0.473934,29403.0,3407420
nem,2015-05-07,0.00014199999999999998,0.00016,0.00014199999999999998,0.000156,2475.0,1281970
ripple,2015-05-07,0.0077870000000000005,0.007790999999999999,0.007526000000000001,0.007529000000000001,2231440.0,248474000
stellar,2015-05-07,0.002761,0.0028510000000000002,0.002532,0.0027719999999999997,17196.0,13330300
verge,2015-05-07,1.3000000000000001e-05,1.4000000000000001e-05,1.1e-05,1.2e-05,612.0,105179
bitcoin,2015-05-08,237.2,246.28,236.27,243.86,27445500.0,3353090000
bitshares,2015-05-08,0.0032979999999999997,0.0037090000000000005,0.003261,0.0036899999999999997,38616.0,8276820
bytecoin-bcn,2015-05-08,2.6000000000000002e-05,2.8999999999999997e-05,2.6000000000000002e-05,2.8000000000000003e-05,4388.0,4499190
dash,2015-05-08,2.81,2.84,2.73,2.76,51411.0,15037500
dogecoin,2015-05-08,8.9e-05,9.4e-05,8.7e-05,9.2e-05,37627.0,8838170
litecoin,2015-05-08,1.45,1.49,1.44,1.48,1444320.0,56483700
monero,2015-05-08,0.474257,0.49991599999999997,0.47174099999999997,0.490568,13967.0,3521290
nem,2015-05-08,0.000156,0.00016,0.000147,0.000155,1043.0,1407390
ripple,2015-05-08,0.007531,0.007531,0.007390000000000001,0.007490999999999999,369669.0,240301000
stellar,2015-05-08,0.002773,0.003054,0.002738,0.002926,40149.0,13389200
verge,2015-05-08,1.2e-05,1.4999999999999999e-05,1.2e-05,1.2e-05,270.0,97714
bitcoin,2015-05-09,243.77,247.8,239.64,241.83,19790500.0,3446790000
bitshares,2015-05-09,0.003691,0.003691,0.003472,0.0036060000000000003,32347.0,9261810
bytecoin-bcn,2015-05-09,2.8000000000000003e-05,2.8999999999999997e-05,2.6000000000000002e-05,2.7000000000000002e-05,2271.0,4751990
dash,2015-05-09,2.77,2.79,2.71,2.76,35280.0,14836700
dogecoin,2015-05-09,9.2e-05,9.4e-05,9e-05,9.2e-05,38434.0,9127900
litecoin,2015-05-09,1.48,1.49,1.44,1.45,1323730.0,57523100
monero,2015-05-09,0.4911,0.5376989999999999,0.479652,0.5136930000000001,33579.0,3711700
nem,2015-05-09,0.000155,0.000155,0.00015,0.00015,623.0,1396760
ripple,2015-05-09,0.007492,0.007645999999999999,0.007476999999999999,0.007573999999999999,179858.0,239060000
stellar,2015-05-09,0.002926,0.002943,0.0027199999999999998,0.002873,18016.0,14130200
verge,2015-05-09,1.2e-05,1.4999999999999999e-05,1.2e-05,1.2e-05,248.0,100551
bitcoin,2015-05-10,241.73,244.07,238.85,240.3,15019100.0,3418740000
bitshares,2015-05-10,0.003604,0.003667,0.003505,0.003622,22693.0,9044890
bytecoin-bcn,2015-05-10,2.7000000000000002e-05,2.8000000000000003e-05,2.6000000000000002e-05,2.6000000000000002e-05,3988.0,4660270
dash,2015-05-10,2.76,2.76,2.66,2.68,57877.0,14758300
dogecoin,2015-05-10,9.1e-05,9.4e-05,8.9e-05,9e-05,59389.0,9057010
litecoin,2015-05-10,1.45,1.45,1.42,1.44,993855.0,56317000
monero,2015-05-10,0.51507,0.574016,0.498172,0.565103,25842.0,3900430
nem,2015-05-10,0.00015,0.00015900000000000002,0.000146,0.000151,1774.0,1349300
ripple,2015-05-10,0.007572,0.007572,0.0073739999999999995,0.007382,575429.0,241604000
stellar,2015-05-10,0.002836,0.002975,0.002735,0.002793,6673.0,13699200
verge,2015-05-10,1.2e-05,1.4000000000000001e-05,1.2e-05,1.2e-05,1019.0,99886
bitcoin,2015-05-11,240.3,244.27,239.38,242.16,20892300.0,3399290000
bitshares,2015-05-11,0.003614,0.0036200000000000004,0.0034549999999999997,0.0035479999999999995,33396.0,9068800
bytecoin-bcn,2015-05-11,2.6000000000000002e-05,2.8999999999999997e-05,2.6000000000000002e-05,2.7000000000000002e-05,3820.0,4564430
dash,2015-05-11,2.68,2.81,2.64,2.76,73027.0,14364200
dogecoin,2015-05-11,9e-05,9.4e-05,8.8e-05,9.300000000000001e-05,52099.0,8952780
litecoin,2015-05-11,1.44,1.45,1.43,1.44,826032.0,55980400
monero,2015-05-11,0.561128,0.56721,0.495461,0.511342,40270.0,4257390
nem,2015-05-11,0.000151,0.000155,0.00014,0.000155,3367.0,1362660
ripple,2015-05-11,0.007379000000000001,0.0074129999999999995,0.007359999999999999,0.007359999999999999,456632.0,235463000
stellar,2015-05-11,0.002786,0.0029920000000000003,0.002731,0.0029690000000000003,7693.0,13458600
verge,2015-05-11,1.2e-05,1.4999999999999999e-05,1.2e-05,1.2e-05,1978.0,99354
bitcoin,2015-05-12,242.15,242.88,240.1,241.11,19282600.0,3426350000
bitshares,2015-05-12,0.0035340000000000002,0.004325,0.003503,0.004099,94251.0,8869220
bytecoin-bcn,2015-05-12,2.7000000000000002e-05,2.7000000000000002e-05,2.6000000000000002e-05,2.6000000000000002e-05,5231.0,4600620
dash,2015-05-12,2.77,2.78,2.7,2.71,44614.0,14839400
dogecoin,2015-05-12,9.300000000000001e-05,0.000124,9.2e-05,0.00011100000000000001,426389.0,9210120
litecoin,2015-05-12,1.44,1.45,1.43,1.45,723296.0,56029300
monero,2015-05-12,0.513022,0.515426,0.47743500000000005,0.477612,27612.0,3900190
nem,2015-05-12,0.000155,0.000166,0.000147,0.000165,4765.0,1394760
ripple,2015-05-12,0.007365000000000001,0.007370999999999999,0.007213,0.007213,973166.0,234993000
stellar,2015-05-12,0.002971,0.0029920000000000003,0.0027670000000000004,0.00281,16605.0,14354200
verge,2015-05-12,1.2e-05,1.4000000000000001e-05,1.2e-05,1.2e-05,1244.0,100451
bitcoin,2015-05-13,241.4,243.7,235.04,236.38,27180100.0,3416690000
bitshares,2015-05-13,0.004099,0.004162,0.003832,0.003832,56900.0,10285600
bytecoin-bcn,2015-05-13,2.6000000000000002e-05,2.8999999999999997e-05,2.4e-05,2.6000000000000002e-05,7709.0,4485940
dash,2015-05-13,2.72,2.77,2.67,2.69,36403.0,14577900
dogecoin,2015-05-13,0.00011200000000000001,0.000117,0.00010700000000000001,0.00010800000000000001,166226.0,11092600
litecoin,2015-05-13,1.44,1.48,1.44,1.45,1913000.0,56263400
monero,2015-05-13,0.47674300000000003,0.5232060000000001,0.475371,0.483207,22340.0,3631200
nem,2015-05-13,0.000165,0.000174,0.00015800000000000002,0.00015900000000000002,4187.0,1483990
ripple,2015-05-13,0.007209,0.007226000000000001,0.006856999999999999,0.006856999999999999,897919.0,230040000
stellar,2015-05-13,0.00279,0.003093,0.0027760000000000003,0.00281,7557.0,13482100
verge,2015-05-13,1.2e-05,1.4999999999999999e-05,9e-06,1.2e-05,1276.0,99935
bitcoin,2015-05-14,236.21,237.8,234.06,236.93,24413700.0,3344280000
bitshares,2015-05-14,0.003831,0.003967,0.0038179999999999998,0.003951,40793.0,9613770
bytecoin-bcn,2015-05-14,2.6000000000000002e-05,2.9999999999999997e-05,2.5e-05,2.8000000000000003e-05,7187.0,4428160
dash,2015-05-14,2.69,2.87,2.66,2.84,81538.0,14440000
dogecoin,2015-05-14,0.00010800000000000001,0.000117,0.000105,0.00011399999999999999,198466.0,10767000
litecoin,2015-05-14,1.45,1.46,1.44,1.45,1078360.0,56547200
monero,2015-05-14,0.4829,0.511704,0.475443,0.49554799999999993,24386.0,3685290
nem,2015-05-14,0.00015900000000000002,0.000169,0.000155,0.00016,1647.0,1427580
ripple,2015-05-14,0.006853,0.006853,0.0065980000000000006,0.006601999999999999,622577.0,218668000
stellar,2015-05-14,0.002809,0.0029519999999999998,0.002722,0.0028469999999999997,8935.0,13575700
verge,2015-05-14,1.2e-05,1.4000000000000001e-05,1e-05,1.4000000000000001e-05,1101.0,97726
bitcoin,2015-05-15,236.96,238.75,236.79,237.6,16329400.0,3355680000
bitshares,2015-05-15,0.003951,0.003964,0.003737,0.003782,36074.0,9915420
bytecoin-bcn,2015-05-15,2.8000000000000003e-05,2.8000000000000003e-05,2.6000000000000002e-05,2.6000000000000002e-05,5726.0,4763470
dash,2015-05-15,2.84,2.94,2.84,2.87,75968.0,15253400
dogecoin,2015-05-15,0.00011399999999999999,0.000122,0.000113,0.00011999999999999999,152626.0,11358200
litecoin,2015-05-15,1.45,1.46,1.45,1.45,691297.0,56503900
monero,2015-05-15,0.495878,0.569368,0.49575600000000003,0.5449649999999999,36937.0,3791680
nem,2015-05-15,0.00016,0.000165,0.000154,0.000164,1260.0,1439930
ripple,2015-05-15,0.006603,0.006684999999999999,0.006562999999999999,0.0066549999999999995,243151.0,210685000
stellar,2015-05-15,0.002848,0.002878,0.002796,0.002878,6608.0,13763200
verge,2015-05-15,1.4000000000000001e-05,1.4000000000000001e-05,1.2e-05,1.2e-05,110.0,114650
bitcoin,2015-05-16,237.64,237.7,235.29,236.15,11089700.0,3366300000
bitshares,2015-05-16,0.003783,0.003785,0.0035399999999999997,0.003607,28935.0,9492440
bytecoin-bcn,2015-05-16,2.6000000000000002e-05,2.8000000000000003e-05,2.3e-05,2.6000000000000002e-05,8467.0,4557700
dash,2015-05-16,2.88,3.06,2.85,3.0,74901.0,15440600
dogecoin,2015-05-16,0.00011999999999999999,0.000122,0.00011599999999999999,0.000117,86112.0,11967200
litecoin,2015-05-16,1.45,1.45,1.4,1.45,757344.0,56814000
monero,2015-05-16,0.546561,0.623946,0.534678,0.595673,48492.0,4187560
nem,2015-05-16,0.000164,0.000178,0.000155,0.000156,4958.0,1474940
ripple,2015-05-16,0.0066549999999999995,0.006667,0.006559000000000001,0.006587999999999999,63602.0,212356000
stellar,2015-05-16,0.002878,0.002915,0.0025559999999999997,0.0025989999999999997,6243.0,13910800
verge,2015-05-16,1.2e-05,1.4000000000000001e-05,1.2e-05,1.2e-05,392.0,98575
bitcoin,2015-05-17,236.01,238.03,236.01,236.8,11134300.0,3343940000
bitshares,2015-05-17,0.0036060000000000003,0.0036439999999999997,0.0035600000000000002,0.003618,16814.0,9048830
bytecoin-bcn,2015-05-17,2.6000000000000002e-05,2.6000000000000002e-05,2.5e-05,2.6000000000000002e-05,4366.0,4452570
dash,2015-05-17,3.0,3.03,2.91,2.93,52827.0,16116000
dogecoin,2015-05-17,0.000117,0.000117,0.00011399999999999999,0.00011499999999999999,62533.0,11613200
litecoin,2015-05-17,1.45,1.46,1.45,1.45,481714.0,56535300
monero,2015-05-17,0.597889,0.6248239999999999,0.546362,0.5572159999999999,38552.0,4589620
nem,2015-05-17,0.000155,0.000162,0.000155,0.00016,1049.0,1399200
ripple,2015-05-17,0.006586,0.006586,0.0063289999999999996,0.0063289999999999996,350731.0,210156000
stellar,2015-05-17,0.0025989999999999997,0.0026260000000000003,0.002543,0.002576,9992.0,12563800
verge,2015-05-17,1.2e-05,1.4000000000000001e-05,1.2e-05,1.4000000000000001e-05,172.0,98046
bitcoin,2015-05-18,236.89,237.21,232.46,233.13,16780300.0,3357380000
bitshares,2015-05-18,0.003617,0.003744,0.0035740000000000004,0.0036609999999999998,28657.0,9077810
bytecoin-bcn,2015-05-18,2.6000000000000002e-05,2.6000000000000002e-05,2.4e-05,2.4e-05,4837.0,4527080
dash,2015-05-18,2.93,2.95,2.83,2.86,42345.0,15751100
dogecoin,2015-05-18,0.00011499999999999999,0.00011899999999999999,0.00011399999999999999,0.00011599999999999999,61269.0,11439700
litecoin,2015-05-18,1.45,1.46,1.44,1.45,630744.0,56856600
monero,2015-05-18,0.558933,0.597701,0.517159,0.5357729999999999,66440.0,4298940
nem,2015-05-18,0.00016,0.000178,0.00015900000000000002,0.000169,12653.0,1437570
ripple,2015-05-18,0.006327,0.0063289999999999996,0.005745,0.005748,1185930.0,201897000
stellar,2015-05-18,0.002576,0.002577,0.002502,0.00251,9633.0,12455600
verge,2015-05-18,1.2e-05,1.4000000000000001e-05,9e-06,1.4000000000000001e-05,1840.0,97936
bitcoin,2015-05-19,233.04,234.15,231.82,231.95,14241900.0,3303650000
bitshares,2015-05-19,0.0036609999999999998,0.004141,0.003643,0.00398,80789.0,9187250
bytecoin-bcn,2015-05-19,2.4e-05,2.4e-05,2e-05,2.2e-05,6989.0,4104760
dash,2015-05-19,2.86,2.9,2.79,2.89,34282.0,15394100
dogecoin,2015-05-19,0.00011599999999999999,0.000122,0.00011399999999999999,0.00011999999999999999,189787.0,11537500
litecoin,2015-05-19,1.45,1.46,1.44,1.45,516737.0,56631100
monero,2015-05-19,0.534982,0.550374,0.495834,0.51466,64157.0,4122390
nem,2015-05-19,0.000166,0.000181,0.000164,0.000171,9163.0,1493820
ripple,2015-05-19,0.005746,0.006539,0.005697,0.006539,952584.0,183361000
stellar,2015-05-19,0.0025109999999999998,0.002791,0.002434,0.002652,46705.0,12142600
verge,2015-05-19,1.4000000000000001e-05,1.4000000000000001e-05,9e-06,9e-06,2711.0,114669
bitcoin,2015-05-20,231.89,234.68,231.84,234.02,15499400.0,3288140000
bitshares,2015-05-20,0.003964,0.0041979999999999995,0.003899,0.004023,57021.0,9947640
bytecoin-bcn,2015-05-20,2.2e-05,2.5e-05,2.1e-05,2.2e-05,5045.0,3887950
dash,2015-05-20,2.89,2.9,2.78,2.88,48146.0,15532900
dogecoin,2015-05-20,0.00011999999999999999,0.000134,0.00011999999999999999,0.000134,281954.0,11906000
litecoin,2015-05-20,1.45,1.46,1.45,1.46,892369.0,56936400
monero,2015-05-20,0.51494,0.5528890000000001,0.492917,0.492917,62290.0,3975640
nem,2015-05-20,0.000171,0.00017900000000000001,0.000167,0.000172,8928.0,1536820
ripple,2015-05-20,0.006537,0.006803,0.006537,0.0066359999999999995,465374.0,208571000
stellar,2015-05-20,0.002653,0.0029690000000000003,0.002653,0.002722,33006.0,12833400
verge,2015-05-20,9e-06,1.2e-05,9e-06,9e-06,245.0,77377
bitcoin,2015-05-21,234.02,236.24,233.84,235.34,15108900.0,3319140000
bitshares,2015-05-21,0.004024,0.004459,0.003971,0.004459,51012.0,10098700
bytecoin-bcn,2015-05-21,2.2e-05,2.6000000000000002e-05,2.1e-05,2.3e-05,4989.0,3775260
dash,2015-05-21,2.88,2.91,2.84,2.84,37087.0,15524500
dogecoin,2015-05-21,0.000134,0.000134,0.00013000000000000002,0.000134,146125.0,13285000
litecoin,2015-05-21,1.46,1.48,1.46,1.48,1109240.0,57264300
monero,2015-05-21,0.5127109999999999,0.535783,0.440916,0.46295600000000003,110387.0,3965800
nem,2015-05-21,0.000172,0.000185,0.00016999999999999999,0.000172,7586.0,1545760
ripple,2015-05-21,0.0066359999999999995,0.006658,0.006548999999999999,0.006573000000000001,182022.0,211749000
stellar,2015-05-21,0.002722,0.0028190000000000003,0.002712,0.0027649999999999997,10161.0,13165000
verge,2015-05-21,9e-06,1.2e-05,9e-06,1.2e-05,205.0,79184
bitcoin,2015-05-22,235.32,240.97,235.06,240.35,27003000.0,3338560000
bitshares,2015-05-22,0.004479,0.0053490000000000005,0.0043939999999999995,0.005248,348034.0,11239300
bytecoin-bcn,2015-05-22,2.3e-05,2.8000000000000003e-05,2.1e-05,2.3e-05,4875.0,3894890
dash,2015-05-22,2.84,2.95,2.81,2.91,108165.0,15278400
dogecoin,2015-05-22,0.000133,0.00014099999999999998,0.000132,0.000139,268833.0,13278100
litecoin,2015-05-22,1.48,1.88,1.48,1.83,5017600.0,58038700
monero,2015-05-22,0.467157,0.47735500000000003,0.42143100000000006,0.460764,52852.0,3620250
nem,2015-05-22,0.000172,0.000183,0.000168,0.000177,4136.0,1549800
ripple,2015-05-22,0.006573000000000001,0.006653,0.006552,0.0066489999999999995,314421.0,209734000
stellar,2015-05-22,0.0027649999999999997,0.003107,0.0027649999999999997,0.003046,45598.0,13375700
verge,2015-05-22,1.2e-05,1.2e-05,9e-06,1.2e-05,1351.0,98207
bitcoin,2015-05-23,240.29,241.03,238.69,238.87,14605000.0,3409830000
bitshares,2015-05-23,0.005278,0.006546,0.00517,0.005932,251741.0,13257100
bytecoin-bcn,2015-05-23,2.3e-05,2.6000000000000002e-05,2.2e-05,2.3e-05,5914.0,3939780
dash,2015-05-23,2.91,2.92,2.87,2.87,90345.0,15707300
dogecoin,2015-05-23,0.000138,0.000151,0.000134,0.000136,382628.0,13725700
litecoin,2015-05-23,1.83,1.9,1.77,1.79,2701800.0,71890900
monero,2015-05-23,0.45893,0.49195500000000003,0.458416,0.470987,28017.0,3563310
nem,2015-05-23,0.000177,0.00018700000000000002,0.000175,0.000177,4560.0,1596980
ripple,2015-05-23,0.006639,0.006823,0.006638,0.0068,298160.0,211837000
stellar,2015-05-23,0.0030960000000000002,0.0033179999999999998,0.002957,0.0030280000000000003,42823.0,14976300
verge,2015-05-23,1.2e-05,1.2e-05,1e-05,1.1e-05,108.0,100134
bitcoin,2015-05-24,238.98,241.98,238.81,240.95,11508000.0,3391910000
bitshares,2015-05-24,0.005934,0.006286,0.0051909999999999994,0.006137,112928.0,14906000
bytecoin-bcn,2015-05-24,2.3e-05,4.5e-05,2.3e-05,2.7000000000000002e-05,8928.0,4004400
dash,2015-05-24,2.87,2.93,2.87,2.9,49767.0,15487700
dogecoin,2015-05-24,0.000136,0.000143,0.000132,0.000143,239172.0,13568900
litecoin,2015-05-24,1.79,1.84,1.79,1.83,1725070.0,70215400
monero,2015-05-24,0.47075200000000006,0.48384799999999994,0.46790200000000004,0.479603,12799.0,3661790
nem,2015-05-24,0.000177,0.000183,0.000173,0.000182,5675.0,1594140
ripple,2015-05-24,0.006798,0.006856999999999999,0.006762000000000001,0.006809,149015.0,216924000
stellar,2015-05-24,0.0030280000000000003,0.0032240000000000003,0.002928,0.003121,25015.0,14646400
verge,2015-05-24,1.1e-05,1.2e-05,1e-05,1e-05,1624.0,88374
bitcoin,2015-05-25,240.93,241.02,236.64,237.11,14423900.0,3420480000
bitshares,2015-05-25,0.006125,0.0064329999999999995,0.00594,0.006026,122338.0,15385300
bytecoin-bcn,2015-05-25,2.7000000000000002e-05,2.9999999999999997e-05,2.5e-05,2.8000000000000003e-05,7804.0,4633580
dash,2015-05-25,2.9,2.91,2.8,2.82,55790.0,15640500
dogecoin,2015-05-25,0.000143,0.000149,0.00014,0.00014199999999999998,211573.0,14257000
litecoin,2015-05-25,1.83,1.84,1.79,1.8,1457180.0,72077400
monero,2015-05-25,0.47944899999999996,0.483379,0.46171999999999996,0.463606,28042.0,3736440
nem,2015-05-25,0.000182,0.000188,0.000178,0.000178,6871.0,1638490
ripple,2015-05-25,0.006843000000000001,0.006951000000000001,0.006798,0.006925,315919.0,218342000
stellar,2015-05-25,0.003135,0.0035369999999999998,0.0030670000000000003,0.003179,44799.0,15165000
verge,2015-05-25,1e-05,1.2e-05,7.000000000000001e-06,1.2e-05,1303.0,80583
bitcoin,2015-05-26,237.1,238.24,235.69,237.12,16425000.0,3367040000
bitshares,2015-05-26,0.006016,0.006488,0.005954999999999999,0.0063,89618.0,15111900
bytecoin-bcn,2015-05-26,2.8000000000000003e-05,2.8999999999999997e-05,2.6000000000000002e-05,2.6000000000000002e-05,5365.0,4783520
dash,2015-05-26,2.82,2.9,2.6,2.67,133789.0,15224800
dogecoin,2015-05-26,0.00014199999999999998,0.000162,0.000139,0.000161,436420.0,14089800
litecoin,2015-05-26,1.8,1.82,1.79,1.82,1381530.0,70921400
monero,2015-05-26,0.46366999999999997,0.47053,0.43414300000000006,0.446883,32411.0,3619900
nem,2015-05-26,0.000178,0.00019099999999999998,0.000178,0.000183,3845.0,1599720
ripple,2015-05-26,0.006928,0.006973999999999999,0.006764,0.006794,503514.0,221069000
stellar,2015-05-26,0.003179,0.003207,0.003065,0.003204,10087.0,15379300
verge,2015-05-26,1.2e-05,1.2e-05,7.000000000000001e-06,1.2e-05,684.0,99006
bitcoin,2015-05-27,237.06,238.64,236.69,237.28,18837000.0,3367340000
bitshares,2015-05-27,0.006334,0.006883,0.006211,0.006668,110216.0,15911700
bytecoin-bcn,2015-05-27,2.6000000000000002e-05,3.1e-05,2.6000000000000002e-05,2.8000000000000003e-05,8267.0,4517970
dash,2015-05-27,2.67,2.71,2.59,2.63,59342.0,14426200
dogecoin,2015-05-27,0.00016,0.00018999999999999998,0.00015900000000000002,0.000184,949606.0,15928700
litecoin,2015-05-27,1.82,1.87,1.81,1.85,1675280.0,71500100
monero,2015-05-27,0.44814499999999996,0.44814499999999996,0.415162,0.421971,44220.0,3505500
nem,2015-05-27,0.000183,0.00021,0.000183,0.000197,8659.0,1645670
ripple,2015-05-27,0.006792,0.007019,0.006774,0.0069370000000000005,536465.0,216727000
stellar,2015-05-27,0.003192,0.003288,0.003136,0.003167,21904.0,15439700
verge,2015-05-27,1.2e-05,1.2e-05,9e-06,1.2e-05,917.0,97910
bitcoin,2015-05-28,237.26,237.82,236.65,237.41,13829600.0,3370890000
bitshares,2015-05-28,0.006695,0.007792,0.006670000000000001,0.007679999999999999,232664.0,16816300
bytecoin-bcn,2015-05-28,2.8000000000000003e-05,3.3e-05,2.6000000000000002e-05,2.7000000000000002e-05,8066.0,4900200
dash,2015-05-28,2.63,2.83,2.61,2.74,69233.0,14196000
dogecoin,2015-05-28,0.000184,0.000202,0.000178,0.000192,918951.0,18321700
litecoin,2015-05-28,1.85,1.86,1.83,1.84,1301610.0,72768300
monero,2015-05-28,0.42593500000000006,0.453363,0.421284,0.443637,29630.0,3337830
nem,2015-05-28,0.000195,0.00020099999999999998,0.000188,0.000196,7217.0,1753140
ripple,2015-05-28,0.006940999999999999,0.007857,0.006920999999999999,0.007857,1242990.0,221469000
stellar,2015-05-28,0.003167,0.003684,0.0031379999999999997,0.0036090000000000002,116009.0,15317600
verge,2015-05-28,1.2e-05,1.4000000000000001e-05,1e-05,1.4000000000000001e-05,2901.0,99288
bitcoin,2015-05-29,237.38,237.52,235.73,237.1,14805000.0,3373380000
bitshares,2015-05-29,0.007677,0.008465,0.007142,0.007652,410087.0,19285400
bytecoin-bcn,2015-05-29,2.7000000000000002e-05,4e-05,2.6000000000000002e-05,4e-05,10059.0,4646840
dash,2015-05-29,2.74,2.85,2.72,2.82,48749.0,14798400
dogecoin,2015-05-29,0.000192,0.00020099999999999998,0.000171,0.000178,745818.0,19112300
litecoin,2015-05-29,1.84,1.84,1.81,1.83,1762870.0,72567600
monero,2015-05-29,0.44439300000000004,0.46019499999999997,0.439708,0.43987200000000004,29580.0,3488920
nem,2015-05-29,0.000196,0.000198,0.000183,0.000183,7999.0,1762160
ripple,2015-05-29,0.007837,0.009179000000000001,0.007812999999999999,0.009056,1949750.0,250061000
stellar,2015-05-29,0.00355,0.004109000000000001,0.003443,0.00361,164867.0,17173000
verge,2015-05-29,1.4000000000000001e-05,1.4000000000000001e-05,1.2e-05,1.4000000000000001e-05,559.0,119197
bitcoin,2015-05-30,237.09,237.09,232.05,233.34,14098600.0,3370240000
bitshares,2015-05-30,0.007729000000000001,0.007904000000000001,0.006567,0.0066560000000000005,188145.0,19415900
bytecoin-bcn,2015-05-30,4.4e-05,4.5e-05,3.2e-05,3.4e-05,13513.0,7596640
dash,2015-05-30,2.82,2.84,2.69,2.71,36938.0,15258300
dogecoin,2015-05-30,0.000178,0.000181,0.00015800000000000002,0.000162,506717.0,17682700
litecoin,2015-05-30,1.83,1.84,1.81,1.81,1327450.0,72205200
monero,2015-05-30,0.441193,0.44765900000000003,0.429383,0.445107,16705.0,3469710
nem,2015-05-30,0.000183,0.000192,0.000183,0.000185,7228.0,1650510
ripple,2015-05-30,0.009059999999999999,0.009094,0.008334999999999999,0.008409,487228.0,289077000
stellar,2015-05-30,0.003611,0.003664,0.003157,0.0032189999999999996,70294.0,17468100
verge,2015-05-30,1.4000000000000001e-05,1.4000000000000001e-05,1.2e-05,1.2e-05,1627.0,115018
bitcoin,2015-05-31,233.13,233.25,229.54,230.19,14730800.0,3314780000
bitshares,2015-05-31,0.0066549999999999995,0.0072,0.006554000000000001,0.006789,77302.0,16717600
bytecoin-bcn,2015-05-31,3.4e-05,0.000162,3.2e-05,3.6e-05,42207.0,5821160
dash,2015-05-31,2.71,2.84,2.7,2.76,57640.0,14662100
dogecoin,2015-05-31,0.000162,0.000171,0.000154,0.000154,332522.0,16159100
litecoin,2015-05-31,1.81,1.81,1.63,1.64,2071950.0,71546200
monero,2015-05-31,0.44607299999999994,0.482621,0.44206899999999993,0.45088900000000004,44096.0,3514770
nem,2015-05-31,0.000185,0.000185,0.000171,0.000177,4684.0,1667200
ripple,2015-05-31,0.008403,0.008454999999999999,0.008175,0.00829,248303.0,268127000
stellar,2015-05-31,0.003252,0.003453,0.003196,0.003386,34077.0,15731300
verge,2015-05-31,1.2e-05,1.4000000000000001e-05,9e-06,1e-05,408.0,98381
bitcoin,2015-06-01,230.23,231.71,221.3,222.93,26090500.0,3274370000
bitshares,2015-06-01,0.006786,0.006786,0.005981,0.006063000000000001,127883.0,17045800
bytecoin-bcn,2015-06-01,3.6e-05,4.4e-05,3.4e-05,3.6e-05,14163.0,6298540
dash,2015-06-01,2.76,2.78,2.64,2.65,75761.0,14952300
dogecoin,2015-06-01,0.000154,0.00015800000000000002,0.00014099999999999998,0.00014099999999999998,349100.0,15317600
litecoin,2015-06-01,1.64,1.68,1.59,1.62,1998470.0,64744100
monero,2015-06-01,0.45122399999999996,0.46743599999999996,0.44698999999999994,0.45161899999999994,21924.0,3561950
nem,2015-06-01,0.000177,0.00018,0.000166,0.00016999999999999999,3525.0,1590560
ripple,2015-06-01,0.008276,0.008295,0.007562999999999999,0.007579000000000001,777565.0,264068000
stellar,2015-06-01,0.003397,0.003407,0.0030670000000000003,0.003073,20681.0,16432800
verge,2015-06-01,1e-05,1.2e-05,9e-06,1e-05,96.0,81288
bitcoin,2015-06-02,222.89,226.42,222.42,225.8,20459000.0,3170730000
bitshares,2015-06-02,0.00607,0.006922,0.005967,0.006804999999999999,90479.0,15247200
bytecoin-bcn,2015-06-02,3.6e-05,3.6e-05,2.8999999999999997e-05,3.1e-05,11911.0,6303440
dash,2015-06-02,2.66,2.82,2.64,2.8,68367.0,14392700
dogecoin,2015-06-02,0.000143,0.000165,0.000136,0.00016,809592.0,14222300
litecoin,2015-06-02,1.62,1.68,1.61,1.67,1370450.0,63902800
monero,2015-06-02,0.454769,0.46519399999999994,0.443201,0.455539,42022.0,3596230
nem,2015-06-02,0.00016999999999999999,0.000185,0.000168,0.000178,5642.0,1530820
ripple,2015-06-02,0.007581999999999999,0.007984999999999999,0.007429000000000001,0.007981,506304.0,241944000
stellar,2015-06-02,0.003094,0.003325,0.002817,0.0032159999999999997,70139.0,14969100
verge,2015-06-02,1e-05,1.1e-05,9e-06,1e-05,275.0,87377
bitcoin,2015-06-03,225.74,227.4,223.93,225.87,17752400.0,3212010000
bitshares,2015-06-03,0.0068260000000000005,0.006894,0.006197,0.006416,56459.0,17146300
bytecoin-bcn,2015-06-03,3.1e-05,3.1e-05,2.7000000000000002e-05,2.9999999999999997e-05,7816.0,5298630
dash,2015-06-03,2.8,2.87,2.73,2.75,76345.0,15173000
dogecoin,2015-06-03,0.000161,0.000161,0.000146,0.000151,408123.0,16050800
litecoin,2015-06-03,1.67,1.7,1.66,1.69,1162310.0,66103800
monero,2015-06-03,0.454506,0.46819799999999995,0.45235299999999995,0.45347600000000005,20468.0,3600960
nem,2015-06-03,0.000178,0.00018,0.000175,0.000177,1820.0,1604330
ripple,2015-06-03,0.008006999999999998,0.008145999999999999,0.007951999999999999,0.008012,388480.0,255478000
stellar,2015-06-03,0.003229,0.003246,0.002967,0.00303,23415.0,15619700
verge,2015-06-03,1e-05,1.1e-05,9e-06,9e-06,332.0,80518
bitcoin,2015-06-04,225.77,226.58,224.05,224.32,14728100.0,3213320000
bitshares,2015-06-04,0.006459,0.006529999999999999,0.006367,0.006456,23038.0,16224100
bytecoin-bcn,2015-06-04,2.9999999999999997e-05,3.1e-05,2.7000000000000002e-05,2.7000000000000002e-05,5439.0,5138820
dash,2015-06-04,2.76,2.83,2.72,2.8,40277.0,14968000
dogecoin,2015-06-04,0.000151,0.000155,0.000148,0.000152,128299.0,15020900
litecoin,2015-06-04,1.69,1.69,1.66,1.67,1065250.0,66792600
monero,2015-06-04,0.453636,0.484314,0.451858,0.476494,27086.0,3600680
nem,2015-06-04,0.000177,0.00017900000000000001,0.000171,0.000172,2220.0,1595180
ripple,2015-06-04,0.00801,0.00801,0.007879,0.007879,241573.0,255573000
stellar,2015-06-04,0.00303,0.003264,0.002996,0.0031550000000000003,17068.0,14657300
verge,2015-06-04,9e-06,1.3000000000000001e-05,9e-06,9e-06,1268.0,79145
bitcoin,2015-06-05,224.15,225.97,223.18,224.95,18056500.0,3191080000
bitshares,2015-06-05,0.006456,0.006927,0.0063880000000000004,0.006856,57734.0,16216300
bytecoin-bcn,2015-06-05,2.7000000000000002e-05,3.1e-05,2.6000000000000002e-05,2.8000000000000003e-05,4242.0,4656760
dash,2015-06-05,2.8,2.84,2.72,2.82,43312.0,15175700
dogecoin,2015-06-05,0.000151,0.000155,0.000148,0.000153,154819.0,15074200
litecoin,2015-06-05,1.67,1.77,1.67,1.76,1474750.0,66154900
monero,2015-06-05,0.476499,0.5051260000000001,0.469603,0.498892,33178.0,3788650
nem,2015-06-05,0.000172,0.000181,0.000168,0.00017900000000000001,4105.0,1546270
ripple,2015-06-05,0.007884,0.007972,0.007871,0.007956,198828.0,251575000
stellar,2015-06-05,0.003156,0.003168,0.003029,0.0031550000000000003,14581.0,15266300
verge,2015-06-05,9e-06,1.4000000000000001e-05,9e-06,1.3000000000000001e-05,1106.0,79643
bitcoin,2015-06-06,225.0,225.72,224.38,225.62,11131500.0,3203980000
bitshares,2015-06-06,0.006856999999999999,0.007146,0.0068189999999999995,0.006934,58870.0,17224800
bytecoin-bcn,2015-06-06,2.8000000000000003e-05,3.1e-05,2.7000000000000002e-05,2.9999999999999997e-05,6066.0,4823710
dash,2015-06-06,2.82,2.86,2.79,2.82,36093.0,15291500
dogecoin,2015-06-06,0.000153,0.00015900000000000002,0.000152,0.00015800000000000002,147434.0,15267100
litecoin,2015-06-06,1.76,1.78,1.75,1.76,1184500.0,69841900
monero,2015-06-06,0.504834,0.531513,0.494784,0.526428,61552.0,4021480
nem,2015-06-06,0.00017900000000000001,0.00017900000000000001,0.000165,0.00016999999999999999,3364.0,1611430
ripple,2015-06-06,0.007956,0.007961,0.007895000000000001,0.007905,108750.0,253854000
stellar,2015-06-06,0.0031550000000000003,0.0032450000000000005,0.003116,0.003135,11850.0,15262400
verge,2015-06-06,1.3000000000000001e-05,1.4000000000000001e-05,1.1e-05,1.2e-05,382.0,113512
bitcoin,2015-06-07,225.6,226.19,222.65,222.88,13318400.0,3213390000
bitshares,2015-06-07,0.006934,0.0072120000000000005,0.006537,0.006931999999999999,89926.0,17418000
bytecoin-bcn,2015-06-07,2.9999999999999997e-05,2.9999999999999997e-05,2.8000000000000003e-05,2.8999999999999997e-05,4121.0,5181590
dash,2015-06-07,2.82,2.85,2.79,2.81,55832.0,15308900
dogecoin,2015-06-07,0.00015800000000000002,0.00015800000000000002,0.000151,0.000152,104469.0,15712800
litecoin,2015-06-07,1.76,1.77,1.72,1.73,1160830.0,69793000
monero,2015-06-07,0.526472,0.534333,0.495418,0.517933,60901.0,4201680
nem,2015-06-07,0.00016999999999999999,0.000176,0.00016299999999999998,0.000168,3360.0,1529050
ripple,2015-06-07,0.007905,0.007954000000000001,0.007851,0.007873999999999999,100994.0,252253000
stellar,2015-06-07,0.003135,0.00317,0.003075,0.003089,8643.0,15163100
verge,2015-06-07,1.3000000000000001e-05,1.4000000000000001e-05,1.1e-05,1.2e-05,463.0,105989
bitcoin,2015-06-08,222.88,229.46,222.84,228.49,23378400.0,3175520000
bitshares,2015-06-08,0.006911,0.007558,0.006792,0.007555,106688.0,17359100
bytecoin-bcn,2015-06-08,2.8999999999999997e-05,2.9999999999999997e-05,2.6000000000000002e-05,2.7000000000000002e-05,4607.0,5028610
dash,2015-06-08,2.8,2.88,2.8,2.83,78536.0,15247700
dogecoin,2015-06-08,0.000152,0.00016299999999999998,0.00015,0.00016299999999999998,138182.0,15183200
litecoin,2015-06-08,1.73,1.8,1.73,1.79,1710280.0,68785000
monero,2015-06-08,0.515774,0.5526479999999999,0.5047659999999999,0.542956,60437.0,4123340
nem,2015-06-08,0.000168,0.000172,0.000167,0.000171,3110.0,1510060
ripple,2015-06-08,0.007867,0.008005,0.007866,0.007999,227074.0,251020000
stellar,2015-06-08,0.003085,0.003135,0.0030280000000000003,0.0031260000000000003,6534.0,14924700
verge,2015-06-08,1.2e-05,1.4000000000000001e-05,1.1e-05,1.3000000000000001e-05,127.0,100022
bitcoin,2015-06-09,228.54,230.95,227.93,229.05,28353100.0,3257050000
bitshares,2015-06-09,0.007532,0.0077930000000000004,0.006873000000000001,0.007054,90897.0,18919300
bytecoin-bcn,2015-06-09,2.7000000000000002e-05,2.9999999999999997e-05,2.7000000000000002e-05,2.9999999999999997e-05,6356.0,4685940
dash,2015-06-09,2.83,2.85,2.76,2.77,83639.0,15384300
dogecoin,2015-06-09,0.00016299999999999998,0.000168,0.000161,0.000162,206486.0,16211200
litecoin,2015-06-09,1.78,1.8,1.78,1.8,1480430.0,70942300
monero,2015-06-09,0.543491,0.548059,0.45251499999999995,0.49599099999999996,84617.0,4352640
nem,2015-06-09,0.000171,0.000173,0.000139,0.000148,8723.0,1541750
ripple,2015-06-09,0.008009,0.008019,0.007963,0.007995,211828.0,255550000
stellar,2015-06-09,0.003125,0.0032479999999999996,0.003125,0.003218,17228.0,15119100
verge,2015-06-09,1.1e-05,1.4000000000000001e-05,1.1e-05,1.2e-05,232.0,96293
bitcoin,2015-06-10,229.0,229.78,228.01,228.8,15904800.0,3264420000
bitshares,2015-06-10,0.007129000000000001,0.007239,0.006836,0.007201000000000001,50968.0,17908200
bytecoin-bcn,2015-06-10,2.9999999999999997e-05,3.2e-05,2.8000000000000003e-05,2.8999999999999997e-05,7447.0,5154500
dash,2015-06-10,2.76,2.77,2.65,2.7,93836.0,15043400
dogecoin,2015-06-10,0.000162,0.000162,0.000155,0.000157,174044.0,16172700
litecoin,2015-06-10,1.8,1.8,1.75,1.76,1212820.0,71458400
monero,2015-06-10,0.493943,0.497465,0.47394200000000003,0.479738,18563.0,3962800
nem,2015-06-10,0.000149,0.00015900000000000002,0.000132,0.000153,4577.0,1344300
ripple,2015-06-10,0.007984,0.008036,0.007982,0.007999,260571.0,254764000
stellar,2015-06-10,0.003206,0.0032119999999999996,0.003147,0.0031609999999999997,7419.0,15506500
verge,2015-06-10,1.2e-05,1.4000000000000001e-05,1.1e-05,1.2e-05,912.0,100037
bitcoin,2015-06-11,228.85,230.29,228.77,229.71,14416000.0,3263390000
bitshares,2015-06-11,0.007201000000000001,0.007209,0.006909,0.006942,64009.0,18088800
bytecoin-bcn,2015-06-11,2.8999999999999997e-05,3.1e-05,2.8000000000000003e-05,2.8999999999999997e-05,6940.0,5028960
dash,2015-06-11,2.7,2.78,2.68,2.78,67222.0,14719100
dogecoin,2015-06-11,0.000157,0.00016,0.000156,0.00016,121304.0,15679300
litecoin,2015-06-11,1.76,1.8,1.76,1.79,1048480.0,70016500
monero,2015-06-11,0.479596,0.49113500000000004,0.45841099999999996,0.46285200000000004,39601.0,3851510
nem,2015-06-11,0.000153,0.000156,0.00014199999999999998,0.000148,4653.0,1379440
ripple,2015-06-11,0.007999,0.008042,0.007996,0.008042,196404.0,255222000
stellar,2015-06-11,0.0031609999999999997,0.003176,0.003031,0.003104,18371.0,15290000
verge,2015-06-11,1.2e-05,1.4000000000000001e-05,1.1e-05,1.1e-05,719.0,99459
bitcoin,2015-06-12,229.71,231.06,229.31,229.98,14017700.0,3276290000
bitshares,2015-06-12,0.006940999999999999,0.006979000000000001,0.006654,0.006735,63734.0,17435200
bytecoin-bcn,2015-06-12,2.8999999999999997e-05,2.9999999999999997e-05,2.8000000000000003e-05,2.9999999999999997e-05,5177.0,5053540
dash,2015-06-12,2.78,2.9,2.74,2.8,107756.0,15141500
dogecoin,2015-06-12,0.00016,0.000162,0.00015800000000000002,0.000161,111553.0,15985100
litecoin,2015-06-12,1.79,1.81,1.79,1.8,963104.0,71277400
monero,2015-06-12,0.461866,0.49614300000000006,0.456475,0.470966,37697.0,3718430
nem,2015-06-12,0.000148,0.000154,0.00014199999999999998,0.000148,3589.0,1333110
ripple,2015-06-12,0.008041,0.008084000000000001,0.007992,0.008057,138738.0,256587000
stellar,2015-06-12,0.0031030000000000003,0.00312,0.003052,0.0030859999999999998,7947.0,15011900
verge,2015-06-12,1.1e-05,1.4000000000000001e-05,1.1e-05,1.4000000000000001e-05,106.0,97010
bitcoin,2015-06-13,229.92,232.65,229.21,232.4,13305300.0,3280180000
bitshares,2015-06-13,0.006735,0.0070019999999999995,0.006657,0.006929,92407.0,16917200
bytecoin-bcn,2015-06-13,2.9999999999999997e-05,2.9999999999999997e-05,2.8000000000000003e-05,2.8999999999999997e-05,6208.0,5176260
dash,2015-06-13,2.8,2.85,2.77,2.8,68398.0,15249900
dogecoin,2015-06-13,0.000161,0.000167,0.00015900000000000002,0.000165,198491.0,16057000
litecoin,2015-06-13,1.8,1.86,1.8,1.86,1470540.0,71855200
monero,2015-06-13,0.47076599999999996,0.48971400000000004,0.459585,0.489472,38193.0,3796760
nem,2015-06-13,0.000148,0.000155,0.000146,0.000155,2980.0,1332020
ripple,2015-06-13,0.007994,0.008136,0.007994,0.008093000000000001,80646.0,255070000
stellar,2015-06-13,0.003085,0.003254,0.003085,0.0032310000000000004,23848.0,14923900
verge,2015-06-13,1.4000000000000001e-05,1.4000000000000001e-05,1.2e-05,1.2e-05,180.0,115715
bitcoin,2015-06-14,232.44,234.86,232.0,233.54,12165900.0,3317080000
bitshares,2015-06-14,0.006939,0.007024,0.006848999999999999,0.0069689999999999995,70684.0,17430300
bytecoin-bcn,2015-06-14,2.8999999999999997e-05,2.9999999999999997e-05,2.8000000000000003e-05,2.8000000000000003e-05,5774.0,4962600
dash,2015-06-14,2.8,2.83,2.75,2.81,87100.0,15289300
dogecoin,2015-06-14,0.000165,0.000172,0.000164,0.000167,300746.0,16455100
litecoin,2015-06-14,1.86,2.07,1.85,2.0,3128440.0,74220300
monero,2015-06-14,0.48789099999999996,0.496882,0.474605,0.49496999999999997,25286.0,3941870
nem,2015-06-14,0.000155,0.00015900000000000002,0.000149,0.000155,2903.0,1399050
ripple,2015-06-14,0.008093000000000001,0.008239,0.008079000000000001,0.008147,315884.0,258244000
stellar,2015-06-14,0.003232,0.0033200000000000005,0.003182,0.003261,26760.0,15632000
verge,2015-06-14,1.2e-05,1.4000000000000001e-05,1.2e-05,1.2e-05,839.0,101519
bitcoin,2015-06-15,233.42,237.84,233.42,236.82,19912100.0,3331930000
bitshares,2015-06-15,0.006972,0.0070209999999999995,0.006548,0.006968000000000001,55582.0,17512700
bytecoin-bcn,2015-06-15,2.8000000000000003e-05,2.8999999999999997e-05,2.7000000000000002e-05,2.8000000000000003e-05,4651.0,4934790
dash,2015-06-15,2.81,2.85,2.72,2.74,102014.0,15333500
dogecoin,2015-06-15,0.000167,0.000172,0.000164,0.00016999999999999999,145367.0,16623500
litecoin,2015-06-15,2.0,2.03,1.99,2.02,1895750.0,79922500
monero,2015-06-15,0.49517799999999995,0.51544,0.49320600000000003,0.508224,27100.0,4007810
nem,2015-06-15,0.000155,0.000165,0.000147,0.000147,9550.0,1396540
ripple,2015-06-15,0.008145999999999999,0.008581,0.008144,0.008579,658174.0,259920000
stellar,2015-06-15,0.003259,0.0034729999999999995,0.003207,0.0034649999999999998,38841.0,15765600
verge,2015-06-15,1.2e-05,1.4000000000000001e-05,1.1e-05,1.2e-05,400.0,99071
bitcoin,2015-06-16,236.76,251.74,236.12,250.9,41612000.0,3380500000
bitshares,2015-06-16,0.006976,0.007840999999999999,0.006976,0.007804000000000001,318287.0,17523000
bytecoin-bcn,2015-06-16,2.8000000000000003e-05,2.9999999999999997e-05,2.6000000000000002e-05,2.8999999999999997e-05,10178.0,4808850
dash,2015-06-16,2.74,2.99,2.73,2.99,109178.0,14980300
dogecoin,2015-06-16,0.00016999999999999999,0.000199,0.000169,0.000198,782771.0,16952800
litecoin,2015-06-16,2.02,2.88,2.01,2.88,10053700.0,80606100
monero,2015-06-16,0.505134,0.5158590000000001,0.48990600000000006,0.5060859999999999,47599.0,4095180
nem,2015-06-16,0.000147,0.000161,0.000144,0.00016,6374.0,1326840
ripple,2015-06-16,0.008579999999999999,0.009457,0.008579999999999999,0.009424,1523530.0,273790000
stellar,2015-06-16,0.003461,0.003848,0.003437,0.0037479999999999996,104286.0,16741100
verge,2015-06-16,1.2e-05,1.4999999999999999e-05,1.2e-05,1.3000000000000001e-05,1243.0,100789
bitcoin,2015-06-17,250.82,256.85,246.48,249.28,43858400.0,3581960000
bitshares,2015-06-17,0.0078060000000000004,0.008487999999999999,0.007606,0.007606,393776.0,19608900
bytecoin-bcn,2015-06-17,2.8999999999999997e-05,3.3e-05,2.7000000000000002e-05,3.1e-05,7606.0,5025690
dash,2015-06-17,2.99,3.15,2.91,3.0,127588.0,16341300
dogecoin,2015-06-17,0.000197,0.00022799999999999999,0.000192,0.000197,1467650.0,19687300
litecoin,2015-06-17,2.9,3.2,2.72,2.89,13038800.0,115769000
monero,2015-06-17,0.507717,0.5236609999999999,0.49357799999999996,0.50334,35110.0,4123450
nem,2015-06-17,0.00016,0.000184,0.000155,0.00016,8668.0,1443470
ripple,2015-06-17,0.009427,0.009774,0.009409,0.009678,1050540.0,300809000
stellar,2015-06-17,0.003747,0.004052,0.0035840000000000004,0.0036,148541.0,18124600
verge,2015-06-17,1.3000000000000001e-05,1.4999999999999999e-05,1.2e-05,1.2e-05,1179.0,106404
bitcoin,2015-06-18,249.43,252.11,244.13,249.01,30980200.0,3563010000
bitshares,2015-06-18,0.007606999999999999,0.008187999999999999,0.007555,0.007901,115090.0,19109100
bytecoin-bcn,2015-06-18,3.1e-05,3.1e-05,2.9999999999999997e-05,3.1e-05,5344.0,5319970
dash,2015-06-18,3.01,3.02,2.91,2.96,80459.0,16455700
dogecoin,2015-06-18,0.000197,0.00021400000000000002,0.000197,0.00021,755776.0,19699100
litecoin,2015-06-18,2.89,3.13,2.88,3.1,7435550.0,115608000
monero,2015-06-18,0.5029859999999999,0.5062369999999999,0.48855,0.50388,18521.0,4092280
nem,2015-06-18,0.00016,0.000172,0.00015800000000000002,0.000172,3683.0,1444400
ripple,2015-06-18,0.009689,0.010264,0.009642,0.010251999999999999,1117100.0,309155000
stellar,2015-06-18,0.0036009999999999996,0.003807,0.003435,0.0037359999999999997,103675.0,17419000
verge,2015-06-18,1.2e-05,1.4999999999999999e-05,1.2e-05,1.2e-05,560.0,105905
bitcoin,2015-06-19,249.04,250.98,243.79,244.61,23965300.0,3558500000
bitshares,2015-06-19,0.007913,0.008532,0.007765,0.007779,133253.0,19876300
bytecoin-bcn,2015-06-19,3.1e-05,3.1e-05,2.7000000000000002e-05,2.8000000000000003e-05,4235.0,5407150
dash,2015-06-19,2.96,2.98,2.88,2.9,76937.0,16207100
dogecoin,2015-06-19,0.000213,0.00023199999999999997,0.000205,0.00020899999999999998,907950.0,21277500
litecoin,2015-06-19,3.1,3.12,2.69,2.81,7275770.0,123901000
monero,2015-06-19,0.503972,0.539115,0.495827,0.511796,36206.0,4107130
nem,2015-06-19,0.000173,0.000174,0.000154,0.000155,6743.0,1554080
ripple,2015-06-19,0.010279,0.01132,0.010278,0.011207,1650080.0,327991000
stellar,2015-06-19,0.003774,0.004086,0.003653,0.0037240000000000003,132710.0,18256800
verge,2015-06-19,1.2e-05,1.4999999999999999e-05,1.2e-05,1.4000000000000001e-05,460.0,105941
bitcoin,2015-06-20,244.53,245.83,240.63,245.21,20608100.0,3494910000
bitshares,2015-06-20,0.007855,0.008292,0.007338,0.007974,149945.0,19730800
bytecoin-bcn,2015-06-20,2.8000000000000003e-05,2.9999999999999997e-05,2.7000000000000002e-05,2.8000000000000003e-05,6691.0,4941410
dash,2015-06-20,2.9,2.9,2.82,2.87,49018.0,15882700
dogecoin,2015-06-20,0.000207,0.000213,0.00018999999999999998,0.00021,647287.0,20672600
litecoin,2015-06-20,2.81,3.09,2.75,3.04,5729100.0,112569000
monero,2015-06-20,0.514188,0.546906,0.503838,0.53798,46906.0,4197910
nem,2015-06-20,0.000155,0.00016,0.00015,0.00015800000000000002,1488.0,1391420
ripple,2015-06-20,0.011288,0.011288,0.010854,0.011039,660909.0,360171000
stellar,2015-06-20,0.0037329999999999998,0.0037630000000000003,0.0034840000000000006,0.003658,52776.0,18058000
verge,2015-06-20,1.4000000000000001e-05,1.4999999999999999e-05,1.2e-05,1.2e-05,371.0,122736
bitcoin,2015-06-21,245.1,245.22,241.88,243.94,10600900.0,3503880000
bitshares,2015-06-21,0.007997,0.008218000000000001,0.007667,0.0077269999999999995,66206.0,20088400
bytecoin-bcn,2015-06-21,2.8000000000000003e-05,2.9999999999999997e-05,2.7000000000000002e-05,2.8999999999999997e-05,5501.0,4925190
dash,2015-06-21,2.87,2.88,2.82,2.84,42407.0,15747200
dogecoin,2015-06-21,0.00021099999999999998,0.000218,0.000204,0.00020899999999999998,345750.0,21043400
litecoin,2015-06-21,3.04,3.05,2.9,3.02,3196090.0,121674000
monero,2015-06-21,0.537554,0.542974,0.520188,0.523274,20026.0,4396240
nem,2015-06-21,0.00015800000000000002,0.000161,0.000152,0.000161,616.0,1420970
ripple,2015-06-21,0.01103,0.011068000000000001,0.010215,0.010314,564947.0,351961000
stellar,2015-06-21,0.003669,0.00375,0.0035039999999999997,0.0035259999999999996,25279.0,17749300
verge,2015-06-21,1.2e-05,1.4999999999999999e-05,1.2e-05,1.2e-05,697.0,104541
bitcoin,2015-06-22,243.97,247.92,243.78,246.99,17692500.0,3488460000
bitshares,2015-06-22,0.007729000000000001,0.008052,0.0077280000000000005,0.008029999999999999,34244.0,19414400
bytecoin-bcn,2015-06-22,2.8999999999999997e-05,2.9999999999999997e-05,2.7000000000000002e-05,2.8999999999999997e-05,6662.0,5086790
dash,2015-06-22,2.84,2.9,2.84,2.89,60758.0,15582200
dogecoin,2015-06-22,0.00020800000000000001,0.000221,0.000207,0.00021899999999999998,215505.0,20759100
litecoin,2015-06-22,3.02,3.05,2.96,3.03,3039690.0,121219000
monero,2015-06-22,0.5261859999999999,0.540942,0.519536,0.5405989999999999,24145.0,4310580
nem,2015-06-22,0.000161,0.000166,0.000149,0.000156,4900.0,1448390
ripple,2015-06-22,0.010295,0.010567,0.010251999999999999,0.010567,623012.0,328489000
stellar,2015-06-22,0.003527,0.003698,0.003527,0.003682,22128.0,17063000
verge,2015-06-22,1.2e-05,1.4999999999999999e-05,1e-05,1.2e-05,749.0,104140
bitcoin,2015-06-23,246.93,247.3,243.13,244.3,15108700.0,3531700000
bitshares,2015-06-23,0.008028,0.008028,0.007141,0.007328,103642.0,20165800
bytecoin-bcn,2015-06-23,2.8999999999999997e-05,2.8999999999999997e-05,2.7000000000000002e-05,2.8000000000000003e-05,4645.0,4996770
dash,2015-06-23,2.89,2.89,2.84,2.85,32546.0,15836600
dogecoin,2015-06-23,0.00021899999999999998,0.00021899999999999998,0.00018600000000000002,0.00018700000000000002,268407.0,21855400
litecoin,2015-06-23,3.03,3.03,2.97,2.97,2332310.0,121561000
monero,2015-06-23,0.540583,0.54128,0.518084,0.526921,34151.0,4436020
nem,2015-06-23,0.000156,0.000169,0.000155,0.00015800000000000002,2518.0,1406300
ripple,2015-06-23,0.010568000000000001,0.010713,0.010485,0.010667,487296.0,337213000
stellar,2015-06-23,0.0036810000000000002,0.0037359999999999997,0.0035039999999999997,0.003508,26466.0,17806500
verge,2015-06-23,1.2e-05,1.4999999999999999e-05,1.2e-05,1.3000000000000001e-05,201.0,105468
bitcoin,2015-06-24,244.28,244.34,240.51,240.51,17344900.0,3494730000
bitshares,2015-06-24,0.007328,0.007464,0.0066,0.00672,80459.0,18407100
bytecoin-bcn,2015-06-24,2.8000000000000003e-05,2.9999999999999997e-05,2.7000000000000002e-05,2.7000000000000002e-05,4673.0,4871160
dash,2015-06-24,2.85,2.88,2.81,2.81,66207.0,15662200
dogecoin,2015-06-24,0.00018700000000000002,0.00019099999999999998,0.000178,0.000178,380388.0,18703400
litecoin,2015-06-24,2.97,2.97,2.78,2.78,3317430.0,119493000
monero,2015-06-24,0.526948,0.531123,0.502254,0.506506,30722.0,4331280
nem,2015-06-24,0.00015800000000000002,0.00015900000000000002,0.000154,0.000156,1656.0,1419880
ripple,2015-06-24,0.010667,0.011089,0.010639000000000001,0.010914,662015.0,340375000
stellar,2015-06-24,0.003508,0.0035740000000000004,0.0034289999999999998,0.003436,12699.0,16970200
verge,2015-06-24,1.3000000000000001e-05,1.4999999999999999e-05,1.2e-05,1.2e-05,157.0,108367
bitcoin,2015-06-25,240.37,243.33,240.37,242.8,16133100.0,3439620000
bitshares,2015-06-25,0.006654,0.006966,0.006531,0.006940999999999999,68034.0,16713500
bytecoin-bcn,2015-06-25,2.7000000000000002e-05,2.9999999999999997e-05,2.7000000000000002e-05,2.8000000000000003e-05,5808.0,4774750
dash,2015-06-25,2.81,2.84,2.8,2.83,82226.0,15439500
dogecoin,2015-06-25,0.00017900000000000001,0.00018700000000000002,0.000171,0.00018600000000000002,314154.0,17890800
litecoin,2015-06-25,2.77,2.89,2.69,2.85,4221940.0,111481000
monero,2015-06-25,0.509393,0.5175420000000001,0.497704,0.503678,20286.0,4194070
nem,2015-06-25,0.000156,0.00015900000000000002,0.000154,0.000154,2791.0,1404230
ripple,2015-06-25,0.010911,0.011056,0.010896,0.011048,328795.0,348138000
stellar,2015-06-25,0.003425,0.0035009999999999998,0.003243,0.0034770000000000005,27297.0,16565600
verge,2015-06-25,1.2e-05,1.4000000000000001e-05,1.2e-05,1.2e-05,163.0,104903
bitcoin,2015-06-26,242.6,243.75,241.55,243.59,13983500.0,3472580000
bitshares,2015-06-26,0.006925,0.007079,0.006739,0.006814,40960.0,17396300
bytecoin-bcn,2015-06-26,2.8000000000000003e-05,2.9999999999999997e-05,2.7000000000000002e-05,2.8999999999999997e-05,9149.0,4810060
dash,2015-06-26,2.83,2.87,2.81,2.82,67021.0,15575000
dogecoin,2015-06-26,0.000185,0.000204,0.00018,0.00020099999999999998,194843.0,18435000
litecoin,2015-06-26,2.85,2.91,2.82,2.86,2100370.0,114545000
monero,2015-06-26,0.503591,0.503591,0.477839,0.48424700000000004,27929.0,4153430
nem,2015-06-26,0.000154,0.00016,0.000148,0.000148,3547.0,1389110
ripple,2015-06-26,0.011048,0.011294,0.011029,0.011288,344441.0,352538000
stellar,2015-06-26,0.003476,0.003515,0.0033770000000000002,0.003407,10574.0,16815700
verge,2015-06-26,1.2e-05,1.4000000000000001e-05,1.2e-05,1.4000000000000001e-05,180.0,103976
bitcoin,2015-06-27,243.55,251.34,243.12,250.99,20488600.0,3487060000
bitshares,2015-06-27,0.006816,0.007294,0.006725,0.007261,52619.0,17122100
bytecoin-bcn,2015-06-27,2.8999999999999997e-05,2.9999999999999997e-05,2.7000000000000002e-05,2.8999999999999997e-05,5703.0,4986750
dash,2015-06-27,2.82,2.87,2.78,2.79,117087.0,15502700
dogecoin,2015-06-27,0.00020099999999999998,0.000213,0.00020099999999999998,0.00021,331089.0,20085800
litecoin,2015-06-27,2.86,3.12,2.86,3.1,4570240.0,115217000
monero,2015-06-27,0.48332200000000003,0.503799,0.475463,0.491951,25068.0,3992970
nem,2015-06-27,0.000148,0.00015800000000000002,0.000145,0.000157,4043.0,1335410
ripple,2015-06-27,0.011290000000000001,0.011581999999999999,0.011287,0.011445,347201.0,360235000
stellar,2015-06-27,0.003407,0.0035909999999999996,0.003406,0.003554,33469.0,16481100
verge,2015-06-27,1.4000000000000001e-05,1.4000000000000001e-05,1.2e-05,1.3000000000000001e-05,166.0,119652
bitcoin,2015-06-28,250.96,251.17,247.43,249.01,15137600.0,3593900000
bitshares,2015-06-28,0.007267,0.007406,0.006874,0.006901999999999999,41211.0,18254600
bytecoin-bcn,2015-06-28,2.8999999999999997e-05,2.9999999999999997e-05,2.8000000000000003e-05,2.8999999999999997e-05,4975.0,5025640
dash,2015-06-28,2.79,2.81,2.68,2.73,80605.0,15352200
dogecoin,2015-06-28,0.00020800000000000001,0.00020899999999999998,0.000197,0.000204,254646.0,20823800
litecoin,2015-06-28,3.09,3.31,3.02,3.31,2837150.0,124653000
monero,2015-06-28,0.489918,0.496296,0.446696,0.47063599999999994,35450.0,4054450
nem,2015-06-28,0.000157,0.00015800000000000002,0.000149,0.000152,1838.0,1409620
ripple,2015-06-28,0.011444,0.011477,0.011268,0.011467,255832.0,365171000
stellar,2015-06-28,0.003554,0.0035740000000000004,0.003385,0.003435,12404.0,17193200
verge,2015-06-28,1.3000000000000001e-05,1.4000000000000001e-05,1.2e-05,1.2e-05,229.0,107874
bitcoin,2015-06-29,248.72,257.17,248.58,257.06,34742900.0,3562790000
bitshares,2015-06-29,0.00689,0.007162999999999999,0.0067989999999999995,0.0070480000000000004,67167.0,17306200
bytecoin-bcn,2015-06-29,2.8999999999999997e-05,3.2e-05,2.8000000000000003e-05,3.2e-05,5968.0,5134660
dash,2015-06-29,2.73,2.79,2.71,2.79,65253.0,15060700
dogecoin,2015-06-29,0.00020299999999999997,0.00021600000000000002,0.00020299999999999997,0.00021400000000000002,374356.0,20322500
litecoin,2015-06-29,3.19,3.82,3.03,3.74,12726600.0,128550000
monero,2015-06-29,0.469706,0.506616,0.454029,0.493447,38116.0,3893490
nem,2015-06-29,0.000152,0.000156,0.000146,0.00015,2007.0,1366110
ripple,2015-06-29,0.011487,0.012010999999999999,0.011484999999999999,0.011977,840533.0,366543000
stellar,2015-06-29,0.0034270000000000004,0.0035689999999999997,0.003365,0.003503,23192.0,16576400
verge,2015-06-29,1.2e-05,1.4999999999999999e-05,1.2e-05,1.4999999999999999e-05,1655.0,106876
bitcoin,2015-06-30,257.04,267.87,255.95,263.07,44533800.0,3682790000
bitshares,2015-06-30,0.007022,0.007234999999999999,0.0068969999999999995,0.006995,76998.0,17640200
bytecoin-bcn,2015-06-30,3.2e-05,3.6e-05,3.2e-05,3.3e-05,6391.0,5581820
dash,2015-06-30,2.79,2.93,2.77,2.86,105757.0,15375000
dogecoin,2015-06-30,0.000215,0.00021600000000000002,0.000198,0.000199,470230.0,21472900
litecoin,2015-06-30,3.74,4.34,3.73,4.09,15390500.0,151088000
monero,2015-06-30,0.493517,0.5079520000000001,0.48222,0.500266,20586.0,4097860
nem,2015-06-30,0.00015,0.00016299999999999998,0.000148,0.000161,5197.0,1346030
ripple,2015-06-30,0.01197,0.012017,0.011319,0.011319,1028230.0,381958000
stellar,2015-06-30,0.003503,0.0036090000000000002,0.0034579999999999997,0.0034700000000000004,42462.0,16947000
verge,2015-06-30,1.3000000000000001e-05,1.6e-05,1.1e-05,1.3000000000000001e-05,661.0,110841
bitcoin,2015-07-01,263.35,265.17,255.77,258.62,27029800.0,3774140000
bitshares,2015-07-01,0.007022,0.007028,0.0067,0.006817,60574.0,17639400
bytecoin-bcn,2015-07-01,3.3e-05,3.4e-05,3.2e-05,3.3e-05,4872.0,5754700
dash,2015-07-01,2.86,2.9,2.78,2.82,49329.0,15776100
dogecoin,2015-07-01,0.000199,0.0002,0.00018600000000000002,0.000193,385337.0,19871100
litecoin,2015-07-01,4.09,4.11,3.84,3.92,7113180.0,164994000
monero,2015-07-01,0.49934399999999995,0.507624,0.48576099999999994,0.49884799999999996,16986.0,4152950
nem,2015-07-01,0.000162,0.00016299999999999998,0.00014199999999999998,0.00014199999999999998,2224.0,1453660
ripple,2015-07-01,0.011317,0.011406,0.011027,0.011198,558248.0,361122000
stellar,2015-07-01,0.003469,0.003486,0.0033659999999999996,0.0034579999999999997,13853.0,16782500
verge,2015-07-01,1.3000000000000001e-05,1.6e-05,1.1e-05,1.1e-05,206.0,113798
bitcoin,2015-07-02,258.55,261.63,254.12,255.41,21551900.0,3706320000
bitshares,2015-07-02,0.0068189999999999995,0.006920999999999999,0.006651000000000001,0.006678,65692.0,17128900
bytecoin-bcn,2015-07-02,3.3e-05,3.3e-05,3.1e-05,3.2e-05,6793.0,5687890
dash,2015-07-02,2.8,2.92,2.79,2.91,58716.0,15478600
dogecoin,2015-07-02,0.000193,0.000195,0.000188,0.00019099999999999998,202676.0,19318200
litecoin,2015-07-02,3.93,4.16,3.92,4.07,6288460.0,158676000
monero,2015-07-02,0.49897700000000006,0.506656,0.473017,0.492605,23017.0,4156770
nem,2015-07-02,0.00014199999999999998,0.000149,0.00014,0.000143,1323.0,1279500
ripple,2015-07-02,0.011195,0.011243000000000001,0.010969,0.011037,404117.0,357207000
stellar,2015-07-02,0.0034579999999999997,0.003471,0.003332,0.003401,10950.0,16729600
verge,2015-07-02,1.3000000000000001e-05,1.3000000000000001e-05,1e-05,1.1e-05,259.0,111451
bitcoin,2015-07-03,255.46,257.08,253.5,256.34,19033800.0,3662970000
bitshares,2015-07-03,0.006678,0.006773,0.0065829999999999994,0.006756999999999999,34131.0,16773800
bytecoin-bcn,2015-07-03,3.2e-05,3.4e-05,3.2e-05,3.3e-05,3993.0,5633960
dash,2015-07-03,2.92,2.99,2.87,2.96,65144.0,16115200
dogecoin,2015-07-03,0.00019099999999999998,0.000192,0.00018700000000000002,0.00019099999999999998,108404.0,19073000
litecoin,2015-07-03,4.06,4.13,4.06,4.12,4281280.0,164280000
monero,2015-07-03,0.492674,0.49911000000000005,0.48362200000000005,0.491196,19161.0,4111000
nem,2015-07-03,0.000143,0.000152,0.00013700000000000002,0.000143,3873.0,1290670
ripple,2015-07-03,0.011038,0.011105,0.011004,0.011099,251150.0,352197000
stellar,2015-07-03,0.003401,0.003404,0.003235,0.0032649999999999997,24472.0,16450800
verge,2015-07-03,1.3000000000000001e-05,1.4999999999999999e-05,1e-05,1.3000000000000001e-05,3125.0,110169
bitcoin,2015-07-04,256.49,261.46,254.2,260.89,15620400.0,3678800000
bitshares,2015-07-04,0.00674,0.006790000000000001,0.006575,0.006719,21240.0,16930200
bytecoin-bcn,2015-07-04,3.3e-05,3.9e-05,3.3e-05,3.8e-05,12348.0,5779050
dash,2015-07-04,2.96,3.11,2.93,3.09,134776.0,16384400
dogecoin,2015-07-04,0.00019099999999999998,0.000194,0.000188,0.00019099999999999998,144120.0,19084200
litecoin,2015-07-04,4.12,4.14,4.06,4.11,3939060.0,166671000
monero,2015-07-04,0.49227200000000004,0.508582,0.487245,0.507361,9823.0,4114420
nem,2015-07-04,0.000144,0.000146,0.000132,0.00014099999999999998,1575.0,1292130
ripple,2015-07-04,0.011099,0.011106,0.010773999999999999,0.010782,138329.0,354169000
stellar,2015-07-04,0.0032649999999999997,0.003285,0.003165,0.003195,6970.0,15795800
verge,2015-07-04,1.3000000000000001e-05,1.8e-05,1.3000000000000001e-05,1.6e-05,5479.0,110672
bitcoin,2015-07-05,260.81,274.51,258.7,271.91,44156100.0,3741670000
bitshares,2015-07-05,0.006718000000000001,0.0067480000000000005,0.006328,0.006453,56100.0,16876100
bytecoin-bcn,2015-07-05,3.8e-05,3.9e-05,3.5e-05,3.7e-05,9453.0,6640180
dash,2015-07-05,3.09,3.17,3.05,3.09,98324.0,17100200
dogecoin,2015-07-05,0.00019099999999999998,0.000195,0.00018600000000000002,0.000194,241753.0,19147100
litecoin,2015-07-05,4.13,4.95,4.04,4.95,14069300.0,167142000
monero,2015-07-05,0.506999,0.5280739999999999,0.49939799999999995,0.5219689999999999,21263.0,4244470
nem,2015-07-05,0.00014099999999999998,0.000143,0.000122,0.000129,3717.0,1268850
ripple,2015-07-05,0.01077,0.010785,0.009986,0.010020999999999999,801046.0,343661000
stellar,2015-07-05,0.0031940000000000002,0.003281,0.003075,0.0031219999999999998,30745.0,15451000
verge,2015-07-05,1.6e-05,1.9e-05,1.4000000000000001e-05,1.6e-05,2315.0,136823
bitcoin,2015-07-06,271.11,277.42,267.6,269.03,49154800.0,3890430000
bitshares,2015-07-06,0.006456999999999999,0.0065260000000000006,0.006281,0.006326,96884.0,16218800
bytecoin-bcn,2015-07-06,3.7e-05,4e-05,3.5e-05,3.6e-05,8810.0,6500880
dash,2015-07-06,3.1,3.21,3.07,3.09,91597.0,17158400
dogecoin,2015-07-06,0.000194,0.000199,0.00019099999999999998,0.000192,428108.0,19377600
litecoin,2015-07-06,4.95,5.69,4.67,5.42,22969200.0,200511000
monero,2015-07-06,0.5221779999999999,0.5246609999999999,0.49770699999999995,0.5055069999999999,33776.0,4378680
nem,2015-07-06,0.000128,0.000134,0.000126,0.000126,521.0,1155430
ripple,2015-07-06,0.010020999999999999,0.010196,0.009873,0.009873,928027.0,319759000
stellar,2015-07-06,0.003117,0.003339,0.003117,0.003228,19319.0,15079200
verge,2015-07-06,1.6e-05,1.9e-05,1.4000000000000001e-05,1.9e-05,7541.0,141395
bitcoin,2015-07-07,269.96,271.34,264.83,266.21,28857600.0,3875220000
bitshares,2015-07-07,0.006324000000000001,0.006381,0.005914,0.006239,106392.0,15886100
bytecoin-bcn,2015-07-07,3.6e-05,3.8e-05,3.6e-05,3.7e-05,6424.0,6344120
dash,2015-07-07,3.09,3.12,2.96,2.97,77829.0,17104500
dogecoin,2015-07-07,0.000192,0.000193,0.00018600000000000002,0.00018899999999999999,242777.0,19192900
litecoin,2015-07-07,5.44,5.48,4.9,5.23,13570800.0,220535000
monero,2015-07-07,0.507229,0.51346,0.494695,0.512376,15739.0,4260280
nem,2015-07-07,0.000126,0.000147,0.000124,0.00014199999999999998,3977.0,1133560
ripple,2015-07-07,0.009882,0.009954000000000001,0.009487,0.00958,612402.0,315326000
stellar,2015-07-07,0.003229,0.003264,0.003092,0.003141,14883.0,15618800
verge,2015-07-07,1.9e-05,2.4e-05,1.9e-05,2.1e-05,7882.0,163166
bitcoin,2015-07-08,265.98,272.97,264.39,270.79,36980200.0,3818970000
bitshares,2015-07-08,0.006239,0.006372999999999999,0.006109000000000001,0.006175,43555.0,15671600
bytecoin-bcn,2015-07-08,3.7e-05,3.8e-05,3.6e-05,3.7e-05,4629.0,6386080
dash,2015-07-08,2.96,3.07,2.94,2.98,71222.0,16429100
dogecoin,2015-07-08,0.00018899999999999999,0.000193,0.00018700000000000002,0.00018899999999999999,346051.0,18897600
litecoin,2015-07-08,5.25,6.39,5.14,6.36,23234900.0,212983000
monero,2015-07-08,0.51141,0.523209,0.501646,0.51399,19413.0,4302200
nem,2015-07-08,0.00014199999999999998,0.000162,0.00014199999999999998,0.000161,2407.0,1280690
ripple,2015-07-08,0.009572,0.009633,0.009386,0.009448999999999999,803026.0,305443000
stellar,2015-07-08,0.00314,0.0032719999999999997,0.003087,0.003214,27219.0,15190200
verge,2015-07-08,2.1e-05,2.2e-05,1.6e-05,1.6e-05,1559.0,184821
bitcoin,2015-07-09,270.83,272.33,267.09,269.23,40301200.0,3889620000
bitshares,2015-07-09,0.00617,0.0065260000000000006,0.006077,0.0064010000000000004,88040.0,15499600
bytecoin-bcn,2015-07-09,3.7e-05,4.3e-05,3.6e-05,4.1e-05,9890.0,6439200
dash,2015-07-09,2.99,3.13,2.96,3.11,146037.0,16587600
dogecoin,2015-07-09,0.00018899999999999999,0.000206,0.00018700000000000002,0.000195,667083.0,18874500
litecoin,2015-07-09,6.36,7.83,6.0,7.54,42419800.0,258224000
monero,2015-07-09,0.514289,0.516238,0.48239099999999996,0.497226,32530.0,4333650
nem,2015-07-09,0.000161,0.000161,0.00014199999999999998,0.000144,1678.0,1446360
ripple,2015-07-09,0.009467,0.009486,0.008961,0.008987,935172.0,302067000
stellar,2015-07-09,0.003214,0.0032259999999999997,0.003054,0.003059,19032.0,15549700
verge,2015-07-09,1.6e-05,2.2e-05,1.6e-05,1.9e-05,1576.0,141386
bitcoin,2015-07-10,269.16,294.59,268.8,284.89,100390000.0,3866510000
bitshares,2015-07-10,0.006386,0.006928,0.006082,0.006215999999999999,144807.0,16041200
bytecoin-bcn,2015-07-10,4e-05,4.7e-05,3.9e-05,4.3e-05,15065.0,6980260
dash,2015-07-10,3.11,4.24,3.08,4.05,607002.0,17282600
dogecoin,2015-07-10,0.000196,0.00024700000000000004,0.000195,0.00020299999999999997,1504540.0,19574700
litecoin,2015-07-10,7.53,8.73,4.07,4.51,62612600.0,305979000
monero,2015-07-10,0.4863,0.555355,0.484886,0.520876,31812.0,4099850
nem,2015-07-10,0.000144,0.000157,0.000138,0.000149,3166.0,1296490
ripple,2015-07-10,0.008956,0.009352,0.008806,0.008847,1344950.0,285775000
stellar,2015-07-10,0.0030600000000000002,0.003517,0.0030600000000000002,0.0031149999999999997,59968.0,14804500
verge,2015-07-10,1.9e-05,2.3e-05,1.9e-05,2.1e-05,1743.0,163511
bitcoin,2015-07-11,284.88,298.51,283.53,293.12,41109900.0,4093500000
bitshares,2015-07-11,0.006186,0.006335,0.006096,0.006164,44851.0,15539500
bytecoin-bcn,2015-07-11,4.3e-05,4.7e-05,4.2e-05,4.4e-05,8600.0,7415630
dash,2015-07-11,4.07,4.38,3.74,3.84,396245.0,22623400
dogecoin,2015-07-11,0.00020299999999999997,0.000206,0.000196,0.00020099999999999998,413951.0,20356800
litecoin,2015-07-11,4.48,4.79,3.71,4.37,19647300.0,182065000
monero,2015-07-11,0.520567,0.548013,0.517228,0.539175,18728.0,4388740
nem,2015-07-11,0.000145,0.000178,0.00014199999999999998,0.000161,5422.0,1303490
ripple,2015-07-11,0.008848,0.008909,0.008604,0.008615000000000001,407434.0,282316000
stellar,2015-07-11,0.003114,0.0032359999999999997,0.003077,0.003081,11058.0,15064900
verge,2015-07-11,2.1e-05,2.4e-05,1.8e-05,2.3e-05,2070.0,178863
bitcoin,2015-07-12,293.14,314.39,292.5,310.87,56405000.0,4213280000
bitshares,2015-07-12,0.006255,0.006439,0.0061329999999999996,0.006371,31398.0,15713100
bytecoin-bcn,2015-07-12,4.4e-05,4.9e-05,4.3e-05,4.8e-05,5440.0,7593620
dash,2015-07-12,3.84,4.25,3.83,4.1,136193.0,21381100
dogecoin,2015-07-12,0.00020099999999999998,0.00021400000000000002,0.000199,0.00021099999999999998,374607.0,20151300
litecoin,2015-07-12,4.39,5.38,4.35,5.29,19203600.0,178601000
monero,2015-07-12,0.539135,0.64576,0.539135,0.6280939999999999,66012.0,4545280
nem,2015-07-12,0.000161,0.00016999999999999999,0.000154,0.000157,3108.0,1453080
ripple,2015-07-12,0.008611,0.008779,0.008584999999999999,0.008614,423951.0,274770000
stellar,2015-07-12,0.003081,0.003193,0.0030559999999999997,0.003184,9505.0,14904200
verge,2015-07-12,2.3e-05,2.5e-05,2.1e-05,2.5e-05,1810.0,204024
bitcoin,2015-07-13,310.83,310.95,281.01,292.05,62053900.0,4468540000
bitshares,2015-07-13,0.006365,0.006365,0.00584,0.0060030000000000005,45465.0,15987400
bytecoin-bcn,2015-07-13,4.8e-05,5.9999999999999995e-05,4.2e-05,5.3e-05,21890.0,8400780
dash,2015-07-13,4.1,4.1,3.66,3.74,181667.0,22806100
dogecoin,2015-07-13,0.00021,0.000212,0.000192,0.0002,403970.0,21000800
litecoin,2015-07-13,5.3,5.3,4.32,4.68,14296100.0,215897000
monero,2015-07-13,0.6314930000000001,0.635161,0.545211,0.572132,17500.0,5323920
nem,2015-07-13,0.000157,0.000176,0.000151,0.000157,3229.0,1417480
ripple,2015-07-13,0.00861,0.008612999999999999,0.008213,0.008569,1023880.0,274746000
stellar,2015-07-13,0.0031829999999999996,0.003333,0.003082,0.0032189999999999996,23801.0,15395800
verge,2015-07-13,2.5e-05,2.5e-05,1.7e-05,1.9e-05,452.0,217072
bitcoin,2015-07-14,292.03,296.15,286.64,287.46,28727200.0,4199450000
bitshares,2015-07-14,0.0060030000000000005,0.006076,0.005827000000000001,0.006006,104493.0,15079900
bytecoin-bcn,2015-07-14,5.3e-05,5.6999999999999996e-05,4.9e-05,5.3e-05,13168.0,9178380
dash,2015-07-14,3.75,3.83,3.72,3.72,71054.0,20864500
dogecoin,2015-07-14,0.0002,0.0002,0.000193,0.000194,200217.0,20020800
litecoin,2015-07-14,4.68,4.89,4.48,4.65,5418730.0,190900000
monero,2015-07-14,0.571649,0.581572,0.550451,0.570033,13521.0,4819400
nem,2015-07-14,0.000157,0.000166,0.000148,0.00015800000000000002,970.0,1413370
ripple,2015-07-14,0.008565000000000001,0.008727,0.008545,0.008631,791771.0,273284000
stellar,2015-07-14,0.0032189999999999996,0.0032869999999999996,0.003038,0.003077,11489.0,15572900
verge,2015-07-14,1.9e-05,2.3e-05,1.9e-05,2.3e-05,699.0,164349
bitcoin,2015-07-15,288.05,293.25,285.37,285.83,27486600.0,4143120000
bitshares,2015-07-15,0.005991,0.006011,0.00558,0.005581,46820.0,15047900
bytecoin-bcn,2015-07-15,5.3e-05,6.4e-05,5.1e-05,5.6999999999999996e-05,20235.0,9253320
dash,2015-07-15,3.71,3.77,3.63,3.66,133041.0,20673800
dogecoin,2015-07-15,0.000194,0.000197,0.000184,0.00018600000000000002,203396.0,19394200
litecoin,2015-07-15,4.65,4.72,4.14,4.21,7539760.0,189661000
monero,2015-07-15,0.562987,0.577868,0.540471,0.541855,20021.0,4789930
nem,2015-07-15,0.00015800000000000002,0.000161,0.000148,0.000148,746.0,1420690
ripple,2015-07-15,0.008638,0.008709999999999999,0.008504000000000001,0.008516,572785.0,275632000
stellar,2015-07-15,0.003075,0.003156,0.002984,0.003003,13358.0,14876900
verge,2015-07-15,2.3e-05,2.3e-05,2e-05,2e-05,382.0,201665
bitcoin,2015-07-16,286.04,291.18,275.24,278.09,49482600.0,4115410000
bitshares,2015-07-16,0.00563,0.005643,0.004752,0.0050479999999999995,194031.0,14142900
bytecoin-bcn,2015-07-16,5.6999999999999996e-05,6.3e-05,5e-05,5e-05,10276.0,9913460
dash,2015-07-16,3.64,3.76,3.49,3.53,87908.0,20331600
dogecoin,2015-07-16,0.00018600000000000002,0.00018899999999999999,0.000166,0.000171,394271.0,18597000
litecoin,2015-07-16,4.2,4.27,3.3,3.69,17295300.0,171366000
monero,2015-07-16,0.541435,0.558581,0.514705,0.536325,13229.0,4613990
nem,2015-07-16,0.000148,0.000151,0.00014099999999999998,0.00014199999999999998,1869.0,1333850
ripple,2015-07-16,0.008513,0.008578,0.008059,0.008062,782856.0,271636000
stellar,2015-07-16,0.002995,0.003022,0.002796,0.0028309999999999997,14119.0,14485500
verge,2015-07-16,2e-05,2.3e-05,1.9e-05,2.2e-05,852.0,176168
bitcoin,2015-07-17,278.09,280.28,272.04,279.47,27591400.0,4001950000
bitshares,2015-07-17,0.005046,0.005314,0.004992,0.00527,35730.0,12676400
bytecoin-bcn,2015-07-17,5e-05,5.6000000000000006e-05,4.8e-05,5.2000000000000004e-05,2839.0,8684380
dash,2015-07-17,3.54,3.83,3.48,3.76,142970.0,19771100
dogecoin,2015-07-17,0.00016999999999999999,0.000181,0.00016999999999999999,0.00018,156356.0,17078800
litecoin,2015-07-17,3.72,3.93,3.55,3.79,9454510.0,152008000
monero,2015-07-17,0.536343,0.537956,0.5073979999999999,0.5351819999999999,10526.0,4577990
nem,2015-07-17,0.00014199999999999998,0.000151,0.00014199999999999998,0.000149,191.0,1279530
ripple,2015-07-17,0.008061,0.008067,0.007951999999999999,0.008026,299869.0,257213000
stellar,2015-07-17,0.0028309999999999997,0.0029519999999999998,0.00271,0.002853,12207.0,13696400
verge,2015-07-17,2.2e-05,2.4e-05,1.9e-05,2.2e-05,1661.0,188919
bitcoin,2015-07-18,279.33,282.53,274.07,274.9,25187100.0,4020820000
bitshares,2015-07-18,0.00527,0.005275,0.004806,0.004939,60182.0,13237000
bytecoin-bcn,2015-07-18,5.2000000000000004e-05,5.7999999999999994e-05,4.8e-05,5.2000000000000004e-05,2243.0,9086290
dash,2015-07-18,3.76,3.99,3.67,3.71,140104.0,20996900
dogecoin,2015-07-18,0.00018,0.000184,0.000175,0.000177,88979.0,18005500
litecoin,2015-07-18,3.78,4.23,3.78,4.0,8471440.0,154656000
monero,2015-07-18,0.535249,0.546805,0.51635,0.523595,15685.0,4575510
nem,2015-07-18,0.000149,0.000152,0.000144,0.000146,783.0,1337300
ripple,2015-07-18,0.008023,0.00808,0.007997,0.00806,68213.0,256007000
stellar,2015-07-18,0.0028510000000000002,0.002989,0.002759,0.0028989999999999997,2672.0,13793500
verge,2015-07-18,2.2e-05,2.2e-05,1.6e-05,1.9e-05,1143.0,194129
bitcoin,2015-07-19,274.77,275.67,272.51,273.61,15332500.0,3956140000
bitshares,2015-07-19,0.004941,0.005227000000000001,0.004832,0.005186,39701.0,12411100
bytecoin-bcn,2015-07-19,5.2000000000000004e-05,5.4000000000000005e-05,4.9e-05,5e-05,4441.0,9084020
dash,2015-07-19,3.71,3.71,3.6,3.62,66114.0,20734000
dogecoin,2015-07-19,0.000177,0.00017900000000000001,0.000166,0.000169,158401.0,17732200
litecoin,2015-07-19,4.0,4.07,3.66,3.77,4693260.0,163808000
monero,2015-07-19,0.528092,0.542489,0.51608,0.537989,15024.0,4521330
nem,2015-07-19,0.000146,0.00015,0.000144,0.000148,898.0,1310970
ripple,2015-07-19,0.008061,0.008094,0.008006999999999998,0.008091,85865.0,257225000
stellar,2015-07-19,0.002898,0.002983,0.002865,0.0028699999999999997,2580.0,14019300
verge,2015-07-19,1.9e-05,2e-05,1.7e-05,1.9e-05,571.0,168793
bitcoin,2015-07-20,273.5,278.98,272.96,278.98,22711400.0,3938930000
bitshares,2015-07-20,0.00519,0.005454,0.00507,0.0051259999999999995,37375.0,13037800
bytecoin-bcn,2015-07-20,5e-05,5e-05,4.7e-05,4.9e-05,13116.0,8788100
dash,2015-07-20,3.62,3.72,3.61,3.69,73913.0,20257500
dogecoin,2015-07-20,0.000168,0.000175,0.000165,0.000174,117169.0,16803400
litecoin,2015-07-20,3.77,3.94,3.73,3.94,4242190.0,154330000
monero,2015-07-20,0.538906,0.547709,0.529836,0.547709,22420.0,4621200
nem,2015-07-20,0.000144,0.000172,0.000144,0.000149,4446.0,1297720
ripple,2015-07-20,0.008093000000000001,0.008162,0.007943,0.007948,285165.0,258241000
stellar,2015-07-20,0.002872,0.003,0.002869,0.002986,6338.0,13891100
verge,2015-07-20,1.9e-05,2.1e-05,1.7e-05,1.9e-05,728.0,168268
bitcoin,2015-07-21,278.88,280.55,275.42,275.83,22930700.0,4017540000
bitshares,2015-07-21,0.005124,0.0053289999999999995,0.005065999999999999,0.005314,29547.0,12871900
bytecoin-bcn,2015-07-21,4.9e-05,5.1e-05,4.7e-05,4.8e-05,10351.0,8545650
dash,2015-07-21,3.7,3.73,3.58,3.6,106480.0,20691500
dogecoin,2015-07-21,0.000174,0.000175,0.000169,0.00016999999999999999,59467.0,17404000
litecoin,2015-07-21,3.93,4.01,3.77,3.77,4431730.0,161001000
monero,2015-07-21,0.549014,0.5977319999999999,0.546039,0.5875779999999999,44363.0,4715320
nem,2015-07-21,0.000149,0.00015,0.000144,0.000149,2177.0,1336880
ripple,2015-07-21,0.007951,0.007951,0.007698999999999999,0.007711,525732.0,253700000
stellar,2015-07-21,0.00299,0.003148,0.002823,0.0030670000000000003,23511.0,14463800
verge,2015-07-21,2e-05,2.2e-05,1.8e-05,1.9e-05,1825.0,171851
bitcoin,2015-07-22,275.66,277.67,274.38,277.22,19389800.0,3971960000
bitshares,2015-07-22,0.005340999999999999,0.005482,0.005241,0.005458,68441.0,13417200
bytecoin-bcn,2015-07-22,4.8e-05,4.8e-05,4.4e-05,4.5e-05,10461.0,8375880
dash,2015-07-22,3.6,3.65,3.57,3.63,50817.0,20147800
dogecoin,2015-07-22,0.00016999999999999999,0.00018899999999999999,0.000167,0.000184,292748.0,17057600
litecoin,2015-07-22,3.78,3.84,3.68,3.82,2892200.0,155070000
monero,2015-07-22,0.586897,0.590094,0.55477,0.5734199999999999,28612.0,5048500
nem,2015-07-22,0.000149,0.000151,0.00014099999999999998,0.00014199999999999998,1237.0,1337450
ripple,2015-07-22,0.007708,0.007714,0.007571,0.007579000000000001,367888.0,245954000
stellar,2015-07-22,0.003064,0.003147,0.003015,0.003118,19236.0,14824100
verge,2015-07-22,1.9e-05,2.2e-05,1.7e-05,1.7e-05,1257.0,170209
bitcoin,2015-07-23,277.34,278.11,275.72,276.05,18531300.0,3997290000
bitshares,2015-07-23,0.005457,0.005599,0.005328,0.005494,36688.0,13708700
bytecoin-bcn,2015-07-23,4.5e-05,5e-05,4.5e-05,4.7e-05,7811.0,7835200
dash,2015-07-23,3.63,3.65,3.54,3.58,34491.0,20314600
dogecoin,2015-07-23,0.000183,0.00018700000000000002,0.000177,0.000178,154598.0,18382900
litecoin,2015-07-23,3.83,3.85,3.76,3.78,2177740.0,156929000
monero,2015-07-23,0.573298,0.588953,0.558372,0.570335,36815.0,4939510
nem,2015-07-23,0.00014199999999999998,0.000156,0.00014199999999999998,0.000146,2965.0,1280660
ripple,2015-07-23,0.007579000000000001,0.007581999999999999,0.007447,0.007487000000000001,182970.0,241844000
stellar,2015-07-23,0.003112,0.003143,0.00302,0.003037,5114.0,15056300
verge,2015-07-23,1.7e-05,2.2e-05,1.7e-05,1.7e-05,496.0,146807
bitcoin,2015-07-24,276.0,289.25,275.25,288.28,37199400.0,3978990000
bitshares,2015-07-24,0.005496,0.00572,0.00543,0.005698,39966.0,13804900
bytecoin-bcn,2015-07-24,4.7e-05,5e-05,4.6e-05,4.8e-05,12247.0,8205200
dash,2015-07-24,3.59,3.71,3.5,3.69,129128.0,20106000
dogecoin,2015-07-24,0.000178,0.000188,0.000175,0.000188,201460.0,17877300
litecoin,2015-07-24,3.79,4.73,3.76,4.6,14874300.0,155562000
monero,2015-07-24,0.566469,0.58414,0.560192,0.576016,17108.0,4888280
nem,2015-07-24,0.000146,0.000194,0.000146,0.000177,20017.0,1313850
ripple,2015-07-24,0.007486,0.007697,0.0074730000000000005,0.0076560000000000005,277406.0,238854000
stellar,2015-07-24,0.003037,0.0031579999999999998,0.003015,0.003094,3959.0,14689800
verge,2015-07-24,1.7e-05,2.2e-05,1.7e-05,2e-05,1232.0,146521
bitcoin,2015-07-25,288.16,290.73,286.0,288.7,20662200.0,4155500000
bitshares,2015-07-25,0.005696,0.005836,0.005562,0.005618,46211.0,14308500
bytecoin-bcn,2015-07-25,4.8e-05,5.2000000000000004e-05,4.6e-05,5e-05,15309.0,8423880
dash,2015-07-25,3.69,3.77,3.65,3.75,64293.0,20688000
dogecoin,2015-07-25,0.000188,0.000193,0.00018700000000000002,0.000188,170496.0,18847200
litecoin,2015-07-25,4.6,4.88,4.47,4.63,10288900.0,188883000
monero,2015-07-25,0.575943,0.585839,0.5621079999999999,0.5660029999999999,28011.0,4977960
nem,2015-07-25,0.000176,0.00020099999999999998,0.00016999999999999999,0.000184,6331.0,1582230
ripple,2015-07-25,0.0076549999999999995,0.007892,0.007631999999999999,0.007888,237028.0,244248000
stellar,2015-07-25,0.003093,0.003164,0.002867,0.00294,31665.0,14964100
verge,2015-07-25,2e-05,2.3e-05,1.8e-05,1.8e-05,602.0,178490
bitcoin,2015-07-26,288.64,293.05,287.71,292.69,16032300.0,4163470000
bitshares,2015-07-26,0.005618,0.005618,0.005397,0.005497999999999999,30678.0,14111100
bytecoin-bcn,2015-07-26,5e-05,6.500000000000001e-05,4.9e-05,5.9e-05,32242.0,8710510
dash,2015-07-26,3.75,3.85,3.69,3.78,100372.0,21014500
dogecoin,2015-07-26,0.000188,0.00018999999999999998,0.000185,0.00018700000000000002,75824.0,18836000
litecoin,2015-07-26,4.63,4.75,4.44,4.66,7946990.0,190452000
monero,2015-07-26,0.569399,0.602531,0.555629,0.584723,19209.0,4928700
nem,2015-07-26,0.000182,0.00018899999999999999,0.000169,0.000173,3001.0,1638760
ripple,2015-07-26,0.007888,0.008125,0.0078060000000000004,0.008115,233266.0,251679000
stellar,2015-07-26,0.002939,0.003022,0.002914,0.003016,3878.0,14219300
verge,2015-07-26,1.8e-05,2e-05,1.7e-05,1.8e-05,210.0,158106
bitcoin,2015-07-27,292.64,297.77,287.45,293.62,30592000.0,4222210000
bitshares,2015-07-27,0.005497,0.005521,0.0052179999999999995,0.005261,52245.0,13809100
bytecoin-bcn,2015-07-27,5.9999999999999995e-05,6.6e-05,5.7999999999999994e-05,6.2e-05,22623.0,10429100
dash,2015-07-27,3.78,3.83,3.68,3.76,105583.0,21228600
dogecoin,2015-07-27,0.00018700000000000002,0.00018899999999999999,0.000183,0.00018899999999999999,109809.0,18779400
litecoin,2015-07-27,4.68,4.74,4.59,4.67,5164400.0,192667000
monero,2015-07-27,0.580721,0.61129,0.576175,0.59605,18318.0,5034590
nem,2015-07-27,0.000173,0.00017900000000000001,0.00016299999999999998,0.00016299999999999998,4905.0,1556100
ripple,2015-07-27,0.008116,0.008579,0.008115,0.008562,666090.0,258958000
stellar,2015-07-27,0.003016,0.003016,0.002866,0.002945,12245.0,14587900
verge,2015-07-27,1.8e-05,2.1e-05,1.7e-05,1.8e-05,386.0,159412
bitcoin,2015-07-28,293.63,296.65,293.42,294.43,25453600.0,4237650000
bitshares,2015-07-28,0.005268,0.005351,0.004961,0.005027,70708.0,13231800
bytecoin-bcn,2015-07-28,6.2e-05,6.7e-05,6.2e-05,6.4e-05,21953.0,10875100
dash,2015-07-28,3.75,3.83,3.69,3.69,99350.0,21080800
dogecoin,2015-07-28,0.00018899999999999999,0.00018999999999999998,0.00018600000000000002,0.000188,110059.0,18922300
litecoin,2015-07-28,4.67,5.14,4.65,5.06,10629300.0,192266000
monero,2015-07-28,0.596008,0.6174350000000001,0.588746,0.615015,31583.0,5175100
nem,2015-07-28,0.00016299999999999998,0.000175,0.000162,0.000174,3019.0,1467380
ripple,2015-07-28,0.008565000000000001,0.008602,0.008445999999999999,0.008449,143142.0,273311000
stellar,2015-07-28,0.002945,0.0029620000000000002,0.002708,0.002727,17746.0,14246100
verge,2015-07-28,1.8e-05,2.1e-05,1.8e-05,2.1e-05,1357.0,158587
bitcoin,2015-07-29,294.48,294.54,288.78,289.59,24672600.0,4250940000
bitshares,2015-07-29,0.005037,0.0050409999999999995,0.004896,0.004917,61038.0,12652100
bytecoin-bcn,2015-07-29,6.4e-05,8.1e-05,6.2e-05,7.4e-05,36158.0,11152600
dash,2015-07-29,3.69,3.7,3.63,3.64,62902.0,20712400
dogecoin,2015-07-29,0.000188,0.000192,0.000183,0.000184,158187.0,18906800
litecoin,2015-07-29,5.05,5.1,4.72,4.8,6609040.0,208044000
monero,2015-07-29,0.6161300000000001,0.616264,0.5853659999999999,0.589967,23624.0,5357820
nem,2015-07-29,0.000174,0.000174,0.000156,0.000161,1294.0,1562880
ripple,2015-07-29,0.008451,0.008549,0.008272,0.008519,174525.0,269652000
stellar,2015-07-29,0.002727,0.0028350000000000003,0.002709,0.002823,8951.0,13192500
verge,2015-07-29,2.1e-05,2.1e-05,1.7e-05,1.7e-05,567.0,183118
bitcoin,2015-07-30,289.1,290.13,286.57,287.72,21635800.0,4174360000
bitshares,2015-07-30,0.004925,0.005016,0.004845,0.00488,49447.0,12372300
bytecoin-bcn,2015-07-30,7.5e-05,7.900000000000001e-05,6.3e-05,7.3e-05,38303.0,13081900
dash,2015-07-30,3.64,3.7,3.6,3.64,49738.0,20455500
dogecoin,2015-07-30,0.000184,0.00018600000000000002,0.000182,0.000183,70188.0,18514600
litecoin,2015-07-30,4.79,4.79,4.51,4.58,5420630.0,197589000
monero,2015-07-30,0.58992,0.58992,0.571276,0.583228,18356.0,5137850
nem,2015-07-30,0.000161,0.000171,0.00016,0.000166,1904.0,1451930
ripple,2015-07-30,0.008517,0.008582,0.008471,0.008491,324219.0,271758000
stellar,2015-07-30,0.002823,0.002858,0.002771,0.002811,4348.0,13654600
verge,2015-07-30,1.7e-05,2e-05,1.7e-05,1.8e-05,1144.0,154675
bitcoin,2015-07-31,287.7,288.96,282.34,284.65,23629100.0,4155010000
bitshares,2015-07-31,0.004871,0.004896,0.004719,0.0048579999999999995,43728.0,12235200
bytecoin-bcn,2015-07-31,7.3e-05,0.00010400000000000001,7.099999999999999e-05,8.6e-05,71594.0,12764400
dash,2015-07-31,3.65,3.73,3.61,3.68,69967.0,20552400
dogecoin,2015-07-31,0.000183,0.00018700000000000002,0.000178,0.000184,137241.0,18362000
litecoin,2015-07-31,4.58,4.77,4.51,4.64,4640650.0,189038000
monero,2015-07-31,0.58295,0.583462,0.5649609999999999,0.574956,17852.0,5084350
nem,2015-07-31,0.000166,0.00016999999999999999,0.00015800000000000002,0.000164,798.0,1496260
ripple,2015-07-31,0.008494,0.008494,0.00842,0.008437,423581.0,271017000
stellar,2015-07-31,0.002811,0.002857,0.002628,0.002644,12919.0,13599100
verge,2015-07-31,1.8e-05,2.3e-05,1.7e-05,2.1e-05,2364.0,156092
bitcoin,2015-08-01,284.69,284.93,278.11,281.6,18995000.0,4112610000
bitshares,2015-08-01,0.0048590000000000005,0.004897,0.004768,0.00487,24336.0,12204800
bytecoin-bcn,2015-08-01,8.1e-05,8.6e-05,7.2e-05,7.7e-05,39970.0,14119400
dash,2015-08-01,3.68,3.7,3.52,3.61,63209.0,20694700
dogecoin,2015-08-01,0.000184,0.00018700000000000002,0.000172,0.000175,157221.0,18494500
litecoin,2015-08-01,4.64,4.64,4.07,4.15,6284530.0,191524000
monero,2015-08-01,0.5744279999999999,0.591867,0.560702,0.588741,47982.0,5018000
nem,2015-08-01,0.000164,0.000165,0.000154,0.000164,1445.0,1473700
ripple,2015-08-01,0.008438,0.008440999999999999,0.00822,0.008222,196429.0,269260000
stellar,2015-08-01,0.0026449999999999998,0.00275,0.00259,0.0026420000000000003,11103.0,12792500
verge,2015-08-01,2.1e-05,2.3e-05,1.7e-05,2e-05,291.0,186271
bitcoin,2015-08-02,280.45,283.03,277.53,282.61,17722200.0,4052470000
bitshares,2015-08-02,0.004868,0.004868,0.004716,0.004848,26771.0,12227800
bytecoin-bcn,2015-08-02,7.900000000000001e-05,7.900000000000001e-05,7.099999999999999e-05,7.3e-05,40890.0,13910100
dash,2015-08-02,3.61,3.65,3.56,3.62,42888.0,20345400
dogecoin,2015-08-02,0.000175,0.000175,0.000169,0.000172,112603.0,17578700
litecoin,2015-08-02,4.09,4.2,3.86,4.17,6950580.0,168869000
monero,2015-08-02,0.588595,0.624904,0.571623,0.624904,58236.0,5149630
nem,2015-08-02,0.00016299999999999998,0.000164,0.000153,0.000154,2565.0,1465340
ripple,2015-08-02,0.008225,0.008232,0.00817,0.00823,206009.0,262444000
stellar,2015-08-02,0.00264,0.002725,0.0026030000000000003,0.002725,6687.0,12768400
verge,2015-08-02,2e-05,2.1e-05,1.8e-05,2e-05,558.0,175951
bitcoin,2015-08-03,282.81,285.47,280.23,281.23,21474100.0,4087610000
bitshares,2015-08-03,0.004848,0.004906000000000001,0.004714,0.00473,35265.0,12178100
bytecoin-bcn,2015-08-03,7.3e-05,7.5e-05,7e-05,7.2e-05,32118.0,12779600
dash,2015-08-03,3.62,3.67,3.56,3.61,56701.0,20399000
dogecoin,2015-08-03,0.000173,0.000177,0.00016999999999999999,0.000173,98376.0,17327600
litecoin,2015-08-03,4.17,4.37,4.04,4.16,5494590.0,172385000
monero,2015-08-03,0.62588,0.62644,0.594341,0.5958180000000001,41078.0,5484180
nem,2015-08-03,0.000154,0.000157,0.000152,0.000154,2002.0,1382850
ripple,2015-08-03,0.00823,0.008320999999999999,0.008223000000000001,0.008281,231262.0,262601000
stellar,2015-08-03,0.002725,0.002754,0.0026309999999999997,0.0026309999999999997,7155.0,13181200
verge,2015-08-03,2e-05,3.3e-05,1.8e-05,3.1e-05,3950.0,177168
bitcoin,2015-08-04,281.23,285.71,281.23,285.22,21908700.0,4065870000
bitshares,2015-08-04,0.004728,0.004771,0.004619,0.004621,63677.0,11876900
bytecoin-bcn,2015-08-04,7.2e-05,7.3e-05,7e-05,7.099999999999999e-05,22562.0,12577900
dash,2015-08-04,3.61,3.72,3.61,3.64,93372.0,20357800
dogecoin,2015-08-04,0.000173,0.000177,0.000173,0.000176,52130.0,17369300
litecoin,2015-08-04,4.18,4.47,4.18,4.38,4323960.0,173089000
monero,2015-08-04,0.595026,0.620082,0.58555,0.618406,23130.0,5221610
nem,2015-08-04,0.000154,0.00015800000000000002,0.000146,0.000148,2833.0,1386140
ripple,2015-08-04,0.008277,0.008320000000000001,0.008263,0.008270999999999999,178712.0,264107000
stellar,2015-08-04,0.002627,0.002672,0.002607,0.0026320000000000002,4294.0,12709500
verge,2015-08-04,2.8999999999999997e-05,3.6e-05,2e-05,2e-05,3504.0,261545
bitcoin,2015-08-05,284.85,285.5,281.49,281.88,20128000.0,4119190000
bitshares,2015-08-05,0.00463,0.00463,0.0044329999999999994,0.004485,52169.0,11631100
bytecoin-bcn,2015-08-05,7.099999999999999e-05,9.1e-05,7.099999999999999e-05,7.900000000000001e-05,52666.0,12489700
dash,2015-08-05,3.64,3.67,3.57,3.58,55070.0,20547800
dogecoin,2015-08-05,0.000175,0.000176,0.000172,0.000173,63217.0,17557800
litecoin,2015-08-05,4.37,4.43,4.3,4.35,2565020.0,181116000
monero,2015-08-05,0.61745,0.622628,0.597039,0.6186159999999999,31532.0,5426410
nem,2015-08-05,0.000148,0.000157,0.000143,0.000148,4230.0,1334650
ripple,2015-08-05,0.008264,0.008286,0.008221,0.008223999999999999,219269.0,263695000
stellar,2015-08-05,0.0026309999999999997,0.0027600000000000003,0.002285,0.002634,40512.0,12729200
verge,2015-08-05,2e-05,2.3e-05,1.8e-05,2.3e-05,2844.0,178900
bitcoin,2015-08-06,281.91,281.91,278.4,278.58,18792100.0,4077600000
bitshares,2015-08-06,0.004485,0.00455,0.004334,0.004359,71856.0,11265000
bytecoin-bcn,2015-08-06,7.900000000000001e-05,9e-05,7.8e-05,8.6e-05,38496.0,13863100
dash,2015-08-06,3.58,3.58,3.51,3.52,48908.0,20193000
dogecoin,2015-08-06,0.000173,0.000175,0.000166,0.000168,88243.0,17418100
litecoin,2015-08-06,4.35,4.36,4.02,4.06,3879570.0,180190000
monero,2015-08-06,0.6154109999999999,0.74654,0.6154109999999999,0.729102,179684.0,5416470
nem,2015-08-06,0.000148,0.000148,0.00014099999999999998,0.00014099999999999998,952.0,1331060
ripple,2015-08-06,0.008225,0.008225,0.008024,0.008024,375521.0,262456000
stellar,2015-08-06,0.002634,0.002634,0.0024760000000000003,0.0025239999999999998,7126.0,12740600
verge,2015-08-06,2.3e-05,2.4e-05,1.9e-05,2.2e-05,2163.0,201815
bitcoin,2015-08-07,278.74,280.39,276.37,279.58,42484800.0,4032820000
bitshares,2015-08-07,0.0043479999999999994,0.00486,0.004272,0.004502,153377.0,10922400
bytecoin-bcn,2015-08-07,8.6e-05,8.9e-05,7.8e-05,7.8e-05,26200.0,15053600
dash,2015-08-07,3.51,3.52,3.23,3.26,229950.0,19848100
dogecoin,2015-08-07,0.000168,0.000172,0.000165,0.000168,100492.0,16926500
ethereum,2015-08-07,2.83,3.54,2.52,2.77,164329.0,
litecoin,2015-08-07,4.06,4.22,3.97,4.21,4192810.0,168474000
monero,2015-08-07,0.7289979999999999,0.750604,0.679179,0.742292,128615.0,6425560
nem,2015-08-07,0.00014099999999999998,0.000146,0.00014,0.000145,1811.0,1266520
ripple,2015-08-07,0.008020000000000001,0.008153,0.007989,0.008152,363643.0,255895000
stellar,2015-08-07,0.0025239999999999998,0.002529,0.002428,0.002432,4101.0,12209600
verge,2015-08-07,2.1e-05,2.5e-05,2e-05,2.3e-05,3296.0,187505
bitcoin,2015-08-08,279.74,279.93,260.71,261.0,58533000.0,4048270000
bitshares,2015-08-08,0.004503,0.0045130000000000005,0.00418,0.00418,28132.0,11311500
bytecoin-bcn,2015-08-08,7.900000000000001e-05,8.2e-05,7.3e-05,7.3e-05,17345.0,13758900
dash,2015-08-08,3.27,3.29,3.06,3.08,91264.0,18477800
dogecoin,2015-08-08,0.000169,0.000171,0.00015800000000000002,0.00015800000000000002,145228.0,16944500
ethereum,2015-08-08,2.79,2.8,0.714725,0.753325,674188.0,167911000.0
litecoin,2015-08-08,4.22,4.22,3.84,3.85,4917730.0,175126000
monero,2015-08-08,0.742898,0.744513,0.675775,0.676046,58680.0,6557890
nem,2015-08-08,0.000145,0.000147,0.000135,0.000136,3307.0,1304060
ripple,2015-08-08,0.008164,0.008708,0.008164,0.008476000000000001,678295.0,260486000
stellar,2015-08-08,0.002433,0.002523,0.0022960000000000003,0.002419,22350.0,11768000
verge,2015-08-08,2.3e-05,2.5e-05,2e-05,2.1e-05,501.0,207474
bitcoin,2015-08-09,261.12,267.0,260.47,265.08,23789600.0,3779770000
bitshares,2015-08-09,0.00418,0.0043479999999999994,0.004171,0.004303,19958.0,10501100
bytecoin-bcn,2015-08-09,7.3e-05,7.7e-05,7.2e-05,7.5e-05,23762.0,12778200
dash,2015-08-09,3.08,3.2,3.08,3.11,77488.0,17418300
dogecoin,2015-08-09,0.00015800000000000002,0.00016299999999999998,0.000156,0.000162,106400.0,15913700
ethereum,2015-08-09,0.706136,0.87981,0.629191,0.701897,532170.0,42637600.0
litecoin,2015-08-09,3.84,3.98,3.81,3.9,3064680.0,159570000
monero,2015-08-09,0.6760689999999999,0.696012,0.633,0.674739,101826.0,5976810
nem,2015-08-09,0.000136,0.00014,0.000126,0.00013000000000000002,8393.0,1223400
ripple,2015-08-09,0.008484,0.008823000000000001,0.008472,0.008808,531969.0,270702000
stellar,2015-08-09,0.002421,0.0025,0.002321,0.002345,12956.0,11710100
verge,2015-08-09,2.1e-05,2.2e-05,1.8e-05,2e-05,902.0,187151
bitcoin,2015-08-10,265.48,267.03,262.6,264.47,20979400.0,3843850000
bitshares,2015-08-10,0.004302,0.004717,0.004257,0.004352,56952.0,10806200
bytecoin-bcn,2015-08-10,7.5e-05,7.7e-05,7.099999999999999e-05,7.4e-05,24616.0,13225800
dash,2015-08-10,3.1,3.15,3.06,3.08,59702.0,17558200
dogecoin,2015-08-10,0.000162,0.000164,0.00015800000000000002,0.00016,68112.0,16240100
ethereum,2015-08-10,0.713989,0.729854,0.6365460000000001,0.708448,405283.0,43130000.0
litecoin,2015-08-10,3.9,3.98,3.9,3.95,2239890.0,162062000
monero,2015-08-10,0.686737,0.698476,0.656262,0.656576,33307.0,6080090
nem,2015-08-10,0.00013000000000000002,0.000139,0.00013000000000000002,0.000135,1268.0,1165610
ripple,2015-08-10,0.008812,0.008905,0.008745999999999999,0.00875,472973.0,281170000
stellar,2015-08-10,0.002345,0.002595,0.002345,0.002466,17339.0,11345900
verge,2015-08-10,2e-05,2.1e-05,1.8e-05,1.9e-05,861.0,180613
bitcoin,2015-08-11,264.34,270.39,264.09,270.39,25433900.0,3828500000
bitshares,2015-08-11,0.004353,0.004647,0.0043219999999999995,0.0046170000000000004,26433.0,10933500
bytecoin-bcn,2015-08-11,7.5e-05,7.8e-05,6.9e-05,7.7e-05,30889.0,13104900
dash,2015-08-11,3.08,3.16,3.06,3.16,73134.0,17437300
dogecoin,2015-08-11,0.00016,0.000164,0.00016,0.000164,121884.0,16077900
ethereum,2015-08-11,0.708087,1.13,0.663235,1.07,1463100.0,42796500.0
litecoin,2015-08-11,3.95,4.16,3.94,4.16,3426300.0,164164000
monero,2015-08-11,0.6567470000000001,0.657478,0.5991390000000001,0.603582,69221.0,5823060
nem,2015-08-11,0.000135,0.000139,0.000126,0.000135,3006.0,1218210
ripple,2015-08-11,0.008751,0.008766,0.008591,0.008591,282461.0,279220000
stellar,2015-08-11,0.002466,0.00252,0.002381,0.002398,7245.0,11928900
verge,2015-08-11,1.9e-05,2.2e-05,1.9e-05,1.9e-05,813.0,169116
bitcoin,2015-08-12,270.6,270.67,265.47,266.38,26815400.0,3920210000
bitshares,2015-08-12,0.004628,0.005045,0.004529999999999999,0.004981,82192.0,11624700
bytecoin-bcn,2015-08-12,7.7e-05,8.9e-05,7.2e-05,7.8e-05,30171.0,13464900
dash,2015-08-12,3.16,3.18,3.06,3.06,113443.0,17915300
dogecoin,2015-08-12,0.000164,0.000166,0.00015800000000000002,0.00016,68514.0,16467400
ethereum,2015-08-12,1.06,1.29,0.883608,1.22,2150620.0,64018400.0
litecoin,2015-08-12,4.14,4.16,3.97,3.99,3519900.0,172371000
monero,2015-08-12,0.603783,0.651037,0.602168,0.622923,51925.0,5361380
nem,2015-08-12,0.000135,0.000138,0.000128,0.000133,5295.0,1213900
ripple,2015-08-12,0.008591,0.008593,0.008270999999999999,0.008270999999999999,287463.0,274141000
stellar,2015-08-12,0.002396,0.002501,0.002345,0.00238,21375.0,11592600
verge,2015-08-12,1.9e-05,2.1e-05,1.9e-05,1.9e-05,122.0,172408
bitcoin,2015-08-13,266.18,266.23,262.84,264.08,27685500.0,3857090000
bitshares,2015-08-13,0.00495,0.005189,0.0047,0.005189,193067.0,12434100
bytecoin-bcn,2015-08-13,7.8e-05,8e-05,7.4e-05,7.7e-05,21246.0,13732200
dash,2015-08-13,3.05,3.07,3.0,3.06,66249.0,17319800
dogecoin,2015-08-13,0.00016,0.000161,0.000156,0.000156,62385.0,16110600
ethereum,2015-08-13,1.22,1.97,1.17,1.83,4068680.0,73935400.0
litecoin,2015-08-13,3.97,3.97,3.84,3.88,2409030.0,165366000
monero,2015-08-13,0.615626,0.6346510000000001,0.564244,0.575855,51260.0,5474580
nem,2015-08-13,0.000128,0.000133,0.000121,0.000123,3420.0,1151620
ripple,2015-08-13,0.008265999999999999,0.008267,0.008145999999999999,0.008147,202934.0,263772000
stellar,2015-08-13,0.002379,0.002415,0.002231,0.002264,9789.0,11507500
verge,2015-08-13,1.9e-05,2.1e-05,1.8e-05,1.8e-05,1235.0,168273
bitcoin,2015-08-14,264.13,267.47,261.48,265.68,27091200.0,3828340000
bitshares,2015-08-14,0.005193,0.005436,0.004927,0.00502,74132.0,13045500
bytecoin-bcn,2015-08-14,7.7e-05,8.3e-05,7.5e-05,8e-05,26335.0,13431800
dash,2015-08-14,3.06,3.1,3.02,3.03,74860.0,17378700
dogecoin,2015-08-14,0.000156,0.00015900000000000002,0.000155,0.00015800000000000002,53715.0,15722100
ethereum,2015-08-14,1.81,2.26,1.75,1.83,4637030.0,109594000.0
litecoin,2015-08-14,3.88,4.07,3.86,4.03,3157170.0,161665000
monero,2015-08-14,0.5759920000000001,0.614718,0.555077,0.6099060000000001,49540.0,5130060
nem,2015-08-14,0.000123,0.00013000000000000002,0.000121,0.000121,1770.0,1110840
ripple,2015-08-14,0.008148,0.008339,0.008075,0.008337,423163.0,259989000
stellar,2015-08-14,0.0022649999999999997,0.002345,0.002262,0.002314,11426.0,10955700
verge,2015-08-14,1.8e-05,2.1e-05,1.4999999999999999e-05,1.8e-05,4606.0,165795
bitcoin,2015-08-15,265.53,266.67,261.3,261.55,19321100.0,3849530000
bitshares,2015-08-15,0.005007999999999999,0.0050880000000000005,0.0045520000000000005,0.004656,48908.0,12579300
bytecoin-bcn,2015-08-15,7.900000000000001e-05,8e-05,7.900000000000001e-05,7.900000000000001e-05,8715.0,13884000
dash,2015-08-15,3.02,3.06,2.96,2.98,37005.0,17164800
dogecoin,2015-08-15,0.00015800000000000002,0.00015800000000000002,0.000155,0.000155,42531.0,15849200
ethereum,2015-08-15,1.8,1.88,1.57,1.69,2554360.0,109160000.0
litecoin,2015-08-15,4.02,4.04,3.92,3.93,2016290.0,167683000
monero,2015-08-15,0.6114539999999999,0.634827,0.6059439999999999,0.613236,49051.0,5453670
nem,2015-08-15,0.000121,0.000125,0.00011899999999999999,0.00011899999999999999,2058.0,1086420
ripple,2015-08-15,0.008329999999999999,0.008465,0.008325,0.00842,176135.0,265790000
stellar,2015-08-15,0.002313,0.00233,0.002261,0.00227,6685.0,11190400
verge,2015-08-15,1.8e-05,1.9e-05,1.6e-05,1.6e-05,623.0,165270
bitcoin,2015-08-16,261.87,262.44,257.04,258.51,29717000.0,3797330000
bitshares,2015-08-16,0.004656,0.004716,0.004501,0.004614,34448.0,11695900
bytecoin-bcn,2015-08-16,7.900000000000001e-05,8e-05,7.5e-05,7.5e-05,22667.0,13910800
dash,2015-08-16,2.98,2.99,2.88,2.94,46752.0,16899500
dogecoin,2015-08-16,0.000154,0.000155,0.000145,0.000148,163777.0,15509200
ethereum,2015-08-16,1.68,1.7,1.09,1.57,3550790.0,102028000.0
litecoin,2015-08-16,3.93,3.99,3.89,3.95,3197720.0,164023000
monero,2015-08-16,0.613368,0.674721,0.611529,0.620167,64263.0,5478570
nem,2015-08-16,0.00011999999999999999,0.000126,0.000117,0.000123,2245.0,1075770
ripple,2015-08-16,0.008419,0.008419,0.00831,0.008315000000000001,301654.0,268644000
stellar,2015-08-16,0.00227,0.002288,0.002113,0.002135,15113.0,10979200
verge,2015-08-16,1.6e-05,1.8e-05,1.6e-05,1.6e-05,362.0,143457
bitcoin,2015-08-17,258.49,260.5,257.12,257.98,21617900.0,3749260000
bitshares,2015-08-17,0.004612,0.00462,0.004416,0.0044210000000000005,32900.0,11585900
bytecoin-bcn,2015-08-17,7.6e-05,7.8e-05,7.5e-05,7.6e-05,20901.0,13249000
dash,2015-08-17,2.95,3.12,2.91,2.91,80183.0,16739200
dogecoin,2015-08-17,0.000148,0.000151,0.000147,0.00015,73157.0,14867600
ethereum,2015-08-17,1.58,1.58,1.19,1.2,1942830.0,95819700.0
litecoin,2015-08-17,3.96,4.03,3.94,3.98,2289060.0,165435000
monero,2015-08-17,0.6199020000000001,0.626488,0.586213,0.610122,45312.0,5544840
nem,2015-08-17,0.000123,0.000127,0.00011899999999999999,0.00011899999999999999,1511.0,1102690
ripple,2015-08-17,0.008314,0.008361,0.008265999999999999,0.008301000000000001,337092.0,265281000
stellar,2015-08-17,0.002144,0.002195,0.002125,0.00217,4373.0,10370900
verge,2015-08-17,1.6e-05,1.8e-05,1.6e-05,1.7e-05,184.0,141766
bitcoin,2015-08-18,257.93,257.99,211.08,211.08,42147200.0,3742020000
bitshares,2015-08-18,0.004425,0.004457,0.00392,0.00392,54407.0,11114900
bytecoin-bcn,2015-08-18,7.6e-05,7.7e-05,6.2e-05,6.2e-05,17952.0,13337300
dash,2015-08-18,2.91,2.91,2.67,2.67,83076.0,16551500
dogecoin,2015-08-18,0.00015,0.00015,0.000134,0.000134,88439.0,15108800
ethereum,2015-08-18,1.22,1.33,1.09,1.09,1485680.0,88143200.0
litecoin,2015-08-18,3.98,4.0,3.44,3.47,3464380.0,166400000
monero,2015-08-18,0.6103029999999999,0.620896,0.493284,0.493284,32718.0,5466910
nem,2015-08-18,0.00011899999999999999,0.000121,9.2e-05,9.2e-05,2207.0,1068820
ripple,2015-08-18,0.008301000000000001,0.008334000000000001,0.007552,0.007552,291729.0,264859000
stellar,2015-08-18,0.00217,0.00217,0.0018780000000000001,0.0018780000000000001,28468.0,10496700
verge,2015-08-18,1.7e-05,1.8e-05,1.1e-05,1.1e-05,1565.0,157104
bitcoin,2015-08-19,225.67,237.41,222.77,226.68,60869200.0,3274860000
bitshares,2015-08-19,0.003878,0.004291,0.0038399999999999997,0.003915999999999999,116260.0,9740950
bytecoin-bcn,2015-08-19,6.2e-05,6.9e-05,6.2e-05,6.3e-05,20246.0,10843900
dash,2015-08-19,2.6,2.78,2.58,2.64,74748.0,14812700
dogecoin,2015-08-19,0.000133,0.000139,0.000129,0.000131,147002.0,13431900
ethereum,2015-08-19,1.17,1.32,1.17,1.26,1486240.0,84663900.0
litecoin,2015-08-19,3.48,3.62,3.36,3.48,5742670.0,145451000
monero,2015-08-19,0.48808900000000005,0.545772,0.48808900000000005,0.534101,35406.0,4378560
nem,2015-08-19,9.9e-05,0.00011,9.7e-05,0.0001,713.0,886954
ripple,2015-08-19,0.007526000000000001,0.007947,0.007526000000000001,0.007758,474702.0,240128000
stellar,2015-08-19,0.00187,0.002,0.0017100000000000001,0.0018100000000000002,36661.0,9047600
verge,2015-08-19,1.1e-05,1.6e-05,1.1e-05,1.4999999999999999e-05,183.0,96016
bitcoin,2015-08-20,226.9,237.37,226.9,235.35,32275000.0,3293570000
bitshares,2015-08-20,0.003915,0.004070000000000001,0.0038159999999999995,0.004,124885.0,9833390
bytecoin-bcn,2015-08-20,6.3e-05,6.9e-05,6.3e-05,6.6e-05,19501.0,11023800
dash,2015-08-20,2.64,2.8,2.63,2.78,49346.0,15018700
dogecoin,2015-08-20,0.000131,0.00014,0.000131,0.000139,69654.0,13172900
ethereum,2015-08-20,1.25,1.53,1.25,1.46,2843760.0,90809000.0
litecoin,2015-08-20,3.47,3.62,3.47,3.61,2882900.0,145186000
monero,2015-08-20,0.541129,0.617613,0.535015,0.597797,69637.0,4861220
nem,2015-08-20,0.0001,0.000109,0.0001,0.000106,148.0,903222
ripple,2015-08-20,0.0077599999999999995,0.007872,0.007719,0.007872,215415.0,247619000
stellar,2015-08-20,0.001797,0.00203,0.0017800000000000001,0.00203,13326.0,8694080
verge,2015-08-20,1.4999999999999999e-05,1.6e-05,1e-05,1.4000000000000001e-05,2321.0,137712
bitcoin,2015-08-21,235.35,236.43,231.72,232.57,23173800.0,3417200000
bitshares,2015-08-21,0.004001,0.004007999999999999,0.0038520000000000004,0.003886,46065.0,10051500
bytecoin-bcn,2015-08-21,6.6e-05,6.7e-05,6.2e-05,6.3e-05,19941.0,11573600
dash,2015-08-21,2.78,2.8,2.74,2.76,49749.0,15813000
dogecoin,2015-08-21,0.000139,0.000149,0.00013700000000000002,0.000145,123419.0,13970900
ethereum,2015-08-21,1.48,1.56,1.35,1.4,2020970.0,107266000.0
litecoin,2015-08-21,3.6,3.64,3.55,3.57,1720630.0,150702000
monero,2015-08-21,0.5986199999999999,0.613015,0.5669850000000001,0.568307,40345.0,5385120
nem,2015-08-21,0.000106,0.00010700000000000001,0.0001,0.000101,651.0,954297
ripple,2015-08-21,0.007871,0.007913,0.007847,0.007881,265646.0,251160000
stellar,2015-08-21,0.002027,0.002066,0.001967,0.001995,13673.0,9807060
verge,2015-08-21,1.4000000000000001e-05,1.4999999999999999e-05,1.2e-05,1.3000000000000001e-05,2158.0,122715
bitcoin,2015-08-22,232.66,234.96,222.7,230.39,23205900.0,3379050000
bitshares,2015-08-22,0.0038880000000000004,0.003901,0.0035409999999999994,0.0035759999999999998,76759.0,9767600
bytecoin-bcn,2015-08-22,6.3e-05,6.4e-05,5.9999999999999995e-05,6.3e-05,17114.0,11029900
dash,2015-08-22,2.76,2.78,2.62,2.68,52550.0,15728800
dogecoin,2015-08-22,0.000145,0.000146,0.000136,0.00013700000000000002,79829.0,14576700
ethereum,2015-08-22,1.4,1.48,1.35,1.38,948310.0,101404000.0
litecoin,2015-08-22,3.56,3.59,3.46,3.51,1913720.0,149233000
monero,2015-08-22,0.567801,0.57331,0.53686,0.553084,22258.0,5115700
nem,2015-08-22,0.000101,0.000102,9.4e-05,0.000101,481.0,911403
ripple,2015-08-22,0.007878,0.007888,0.007712,0.007722,182227.0,251384000
stellar,2015-08-22,0.001994,0.0020399999999999997,0.001946,0.002001,8307.0,9644820
verge,2015-08-22,1.3000000000000001e-05,1.4000000000000001e-05,1.2e-05,1.4000000000000001e-05,231.0,116537
bitcoin,2015-08-23,230.38,232.71,225.58,228.17,18406600.0,3346760000
bitshares,2015-08-23,0.00359,0.0036340000000000005,0.003522,0.003573,53201.0,9016680
bytecoin-bcn,2015-08-23,6.3e-05,6.4e-05,6.1e-05,6.2e-05,14392.0,10983800
dash,2015-08-23,2.68,2.72,2.62,2.64,30625.0,15274500
dogecoin,2015-08-23,0.00013700000000000002,0.000143,0.00013700000000000002,0.000138,39491.0,13764000
ethereum,2015-08-23,1.38,1.41,1.3,1.35,1589300.0,99894500.0
litecoin,2015-08-23,3.51,3.54,3.35,3.39,2066020.0,147266000
monero,2015-08-23,0.5528609999999999,0.556044,0.512382,0.544585,31062.0,4988090
nem,2015-08-23,0.000101,0.00010400000000000001,9.7e-05,9.8e-05,111.0,911169
ripple,2015-08-23,0.007722,0.007723000000000001,0.007543000000000001,0.007552,157580.0,246393000
stellar,2015-08-23,0.002001,0.002009,0.0019379999999999998,0.001959,2286.0,9679940
verge,2015-08-23,1.4000000000000001e-05,1.4000000000000001e-05,1.2e-05,1.4000000000000001e-05,206.0,123047
bitcoin,2015-08-24,228.11,228.14,210.44,210.5,59220700.0,3314640000
bitshares,2015-08-24,0.003572,0.003578,0.003182,0.0032700000000000003,128583.0,8972800
bytecoin-bcn,2015-08-24,6.4e-05,6.4e-05,5.6999999999999996e-05,5.7999999999999994e-05,13479.0,11196600
dash,2015-08-24,2.63,2.64,2.38,2.38,125485.0,15036300
dogecoin,2015-08-24,0.000138,0.000138,0.000125,0.000128,110942.0,13866600
ethereum,2015-08-24,1.35,1.36,1.23,1.23,924920.0,97791600.0
litecoin,2015-08-24,3.39,3.39,2.97,2.99,7278630.0,142301000
monero,2015-08-24,0.5424859999999999,0.553264,0.43305600000000005,0.434871,77454.0,4901250
nem,2015-08-24,9.8e-05,0.0001,9.1e-05,9.300000000000001e-05,1331.0,883014
ripple,2015-08-24,0.007553,0.0076489999999999995,0.007391,0.007397,546516.0,240993000
stellar,2015-08-24,0.001971,0.001975,0.001855,0.0018920000000000002,3367.0,9535200
verge,2015-08-24,1.4000000000000001e-05,1.4999999999999999e-05,1.1e-05,1.1e-05,616.0,124223
bitcoin,2015-08-25,210.07,226.32,199.57,221.61,61089200.0,3053250000
bitshares,2015-08-25,0.0032670000000000004,0.0034119999999999997,0.00305,0.003408,112783.0,8206850
bytecoin-bcn,2015-08-25,5.6999999999999996e-05,6.2e-05,5.4000000000000005e-05,5.9999999999999995e-05,12182.0,10030400
dash,2015-08-25,2.37,2.56,2.24,2.53,69322.0,13506000
dogecoin,2015-08-25,0.000125,0.000131,0.00011899999999999999,0.000129,122066.0,12598000
ethereum,2015-08-25,1.23,1.24,1.13,1.14,1307180.0,89321900.0
litecoin,2015-08-25,2.98,3.05,2.54,2.94,11404300.0,125279000
monero,2015-08-25,0.433043,0.495155,0.413889,0.49028599999999994,32249.0,3918090
nem,2015-08-25,9.300000000000001e-05,9.6e-05,8.6e-05,8.6e-05,1988.0,833526
ripple,2015-08-25,0.007398999999999999,0.007398999999999999,0.007093,0.007126,593316.0,240377000
stellar,2015-08-25,0.001882,0.001894,0.0017510000000000002,0.001855,6407.0,9103130
verge,2015-08-25,1.1e-05,1.3000000000000001e-05,1e-05,1.3000000000000001e-05,1487.0,98040
bitcoin,2015-08-26,222.08,231.18,220.2,225.83,31808000.0,3228540000
bitshares,2015-08-26,0.0034159999999999998,0.0035810000000000004,0.0032990000000000003,0.0034200000000000003,56181.0,8580030
bytecoin-bcn,2015-08-26,5.9999999999999995e-05,6.3e-05,5.9999999999999995e-05,6.1e-05,17344.0,10627600
dash,2015-08-26,2.53,2.66,2.49,2.61,37719.0,14471900
dogecoin,2015-08-26,0.000129,0.000136,0.000127,0.000133,107993.0,12959600
ethereum,2015-08-26,1.13,1.2,1.06,1.16,1056750.0,82384400.0
litecoin,2015-08-26,2.95,3.04,2.84,2.95,4551630.0,123884000
monero,2015-08-26,0.490084,0.519656,0.482042,0.496679,18296.0,4440300
nem,2015-08-26,8.6e-05,9.4e-05,8.6e-05,9e-05,1348.0,776234
ripple,2015-08-26,0.007133,0.007506999999999999,0.0070409999999999995,0.007492,196124.0,231739000
siacoin,2015-08-26,4.6e-05,5.3e-05,4.1e-05,4.1e-05,25580.0,
stellar,2015-08-26,0.0018559999999999998,0.002065,0.0018559999999999998,0.0020350000000000004,5899.0,8980460
verge,2015-08-26,1.3000000000000001e-05,1.6e-05,1.1e-05,1.4999999999999999e-05,532.0,120858
bitcoin,2015-08-27,226.05,228.64,223.68,224.77,21905400.0,3287220000
bitshares,2015-08-27,0.0034240000000000004,0.0034240000000000004,0.003297,0.0033079999999999997,45259.0,8601050
bytecoin-bcn,2015-08-27,6.1e-05,6.6e-05,5.9999999999999995e-05,6.3e-05,24361.0,10733300
dash,2015-08-27,2.61,2.63,2.54,2.56,37604.0,14942900
dogecoin,2015-08-27,0.000133,0.000133,0.000128,0.000129,49657.0,13406000
ethereum,2015-08-27,1.17,1.19,1.14,1.15,686662.0,85106100.0
litecoin,2015-08-27,2.95,2.99,2.84,2.87,1936130.0,123773000
monero,2015-08-27,0.49599399999999993,0.49953800000000004,0.45914099999999997,0.465475,22233.0,4500310
nem,2015-08-27,9e-05,9.8e-05,8.8e-05,9.7e-05,833.0,810572
ripple,2015-08-27,0.007474,0.00762,0.007474,0.007551,202412.0,242820000
siacoin,2015-08-27,4.1e-05,5.4000000000000005e-05,3.8e-05,4.3e-05,9605.0,
stellar,2015-08-27,0.002034,0.002084,0.001972,0.0020050000000000003,4432.0,9837490
verge,2015-08-27,1.4999999999999999e-05,1.6e-05,1.3000000000000001e-05,1.6e-05,1074.0,140022
bitcoin,2015-08-28,224.7,235.22,220.93,231.4,31336600.0,3268370000
bitshares,2015-08-28,0.0033079999999999997,0.0034289999999999998,0.003182,0.0033689999999999996,50116.0,8309490
bytecoin-bcn,2015-08-28,6.3e-05,6.500000000000001e-05,5.9e-05,6.2e-05,24081.0,11126100
dash,2015-08-28,2.56,2.64,2.51,2.6,57595.0,14664000
dogecoin,2015-08-28,0.000129,0.000134,0.000125,0.000132,64854.0,13032200
ethereum,2015-08-28,1.15,1.21,1.12,1.19,721872.0,83521700.0
litecoin,2015-08-28,2.84,2.96,2.71,2.91,4186540.0,119452000
monero,2015-08-28,0.465286,0.48953599999999997,0.450725,0.481627,24895.0,4227600
nem,2015-08-28,9.8e-05,9.8e-05,8.499999999999999e-05,9.300000000000001e-05,1852.0,882696
ripple,2015-08-28,0.007555,0.007555,0.007418999999999999,0.0074329999999999995,414310.0,245456000
siacoin,2015-08-28,4.3e-05,4.7e-05,3.5e-05,3.9e-05,6165.0,
stellar,2015-08-28,0.002006,0.002494,0.001805,0.0023539999999999998,71683.0,9705240
verge,2015-08-28,1.6e-05,1.6e-05,1.3000000000000001e-05,1.4000000000000001e-05,420.0,141679
bitcoin,2015-08-29,231.55,233.22,227.33,229.78,17142500.0,3368880000
bitshares,2015-08-29,0.0033619999999999995,0.003468,0.003315,0.0033590000000000004,27973.0,8445960
bytecoin-bcn,2015-08-29,6.2e-05,6.2e-05,5.9e-05,5.9e-05,21907.0,10886600
dash,2015-08-29,2.6,2.62,2.55,2.6,39992.0,14899700
dogecoin,2015-08-29,0.000132,0.000133,0.000128,0.000131,49505.0,13345100
ethereum,2015-08-29,1.19,1.21,1.15,1.18,375377.0,86887600.0
litecoin,2015-08-29,2.92,2.95,2.82,2.88,1706060.0,122591000
monero,2015-08-29,0.476754,0.487442,0.4629,0.47655,30004.0,4337790
nem,2015-08-29,9.300000000000001e-05,0.00010400000000000001,9.300000000000001e-05,9.6e-05,436.0,839895
ripple,2015-08-29,0.007427,0.007751000000000001,0.007361,0.007751000000000001,365144.0,241292000
siacoin,2015-08-29,3.9e-05,4.2e-05,3.4e-05,3.4e-05,2025.0,
stellar,2015-08-29,0.002356,0.002707,0.00225,0.002577,74173.0,11396900
verge,2015-08-29,1.4000000000000001e-05,1.6e-05,1.4000000000000001e-05,1.4000000000000001e-05,434.0,128617
bitcoin,2015-08-30,229.9,232.07,226.25,228.76,19412600.0,3345740000
bitshares,2015-08-30,0.00336,0.0034270000000000004,0.003258,0.003379,62448.0,8439430
bytecoin-bcn,2015-08-30,5.9e-05,6.6e-05,5.9e-05,6.1e-05,24810.0,10448400
dash,2015-08-30,2.6,2.63,2.53,2.56,27911.0,14869600
dogecoin,2015-08-30,0.000131,0.000133,0.000127,0.000129,45347.0,13190400
ethereum,2015-08-30,1.18,1.37,1.17,1.32,1337650.0,86145900.0
litecoin,2015-08-30,2.87,2.91,2.76,2.85,1497480.0,120755000
monero,2015-08-30,0.476522,0.481059,0.455379,0.459009,19851.0,4341760
nem,2015-08-30,9.6e-05,0.00010400000000000001,9.6e-05,0.00010400000000000001,1193.0,862945
ripple,2015-08-30,0.007751000000000001,0.008052,0.007751000000000001,0.00805,408809.0,251803000
siacoin,2015-08-30,3.7e-05,3.9e-05,2.7000000000000002e-05,3.2e-05,5895.0,
stellar,2015-08-30,0.002577,0.002607,0.002203,0.002363,45670.0,12466900
verge,2015-08-30,1.4000000000000001e-05,1.6e-05,1.4000000000000001e-05,1.6e-05,1213.0,125707
bitcoin,2015-08-31,229.11,231.96,225.91,230.06,20710700.0,3335220000
bitshares,2015-08-31,0.0033810000000000003,0.0034130000000000002,0.003244,0.0033729999999999997,60551.0,8491980
bytecoin-bcn,2015-08-31,6.1e-05,6.1e-05,5.6999999999999996e-05,5.7999999999999994e-05,19207.0,10679800
dash,2015-08-31,2.56,2.59,2.52,2.58,74703.0,14678500
dogecoin,2015-08-31,0.00013000000000000002,0.00013000000000000002,0.000126,0.000129,41405.0,13096200
ethereum,2015-08-31,1.32,1.4,1.2,1.36,1447180.0,96251000.0
litecoin,2015-08-31,2.85,2.86,2.79,2.84,1752920.0,120021000
monero,2015-08-31,0.465863,0.480005,0.45694300000000004,0.467238,20464.0,4250620
nem,2015-08-31,0.00010400000000000001,0.00010400000000000001,9.4e-05,9.4e-05,588.0,936945
ripple,2015-08-31,0.008061,0.008092,0.007878,0.007884,635572.0,261874000
siacoin,2015-08-31,3.2e-05,3.4e-05,2.7000000000000002e-05,2.9999999999999997e-05,2249.0,148857.0
stellar,2015-08-31,0.002364,0.002602,0.002341,0.002479,32459.0,11433800
verge,2015-08-31,1.6e-05,1.6e-05,1.4000000000000001e-05,1.4000000000000001e-05,2499.0,145902
bitcoin,2015-09-01,230.26,231.22,226.86,228.12,20575200.0,3352760000
bitshares,2015-09-01,0.0033729999999999997,0.003385,0.003268,0.003353,37946.0,8474000
bytecoin-bcn,2015-09-01,5.7999999999999994e-05,5.9e-05,5.6999999999999996e-05,5.6999999999999996e-05,16594.0,10136300
dash,2015-09-01,2.58,2.6,2.53,2.54,70243.0,14804700
dogecoin,2015-09-01,0.000128,0.000132,0.000127,0.000127,68704.0,12938900
ethereum,2015-09-01,1.35,1.39,1.34,1.35,778862.0,98617200.0
litecoin,2015-09-01,2.85,2.88,2.81,2.82,1376040.0,119819000
monero,2015-09-01,0.467261,0.470225,0.455776,0.458517,13804.0,4269290
nem,2015-09-01,9.4e-05,0.000105,9.300000000000001e-05,0.0001,527.0,848213
ripple,2015-09-01,0.007884,0.007888,0.007770999999999999,0.007815,401903.0,256140000
siacoin,2015-09-01,2.9999999999999997e-05,3.2e-05,2.8999999999999997e-05,2.9999999999999997e-05,1436.0,139925.0
stellar,2015-09-01,0.002478,0.002549,0.00242,0.002435,4818.0,11986800
verge,2015-09-01,1.4000000000000001e-05,1.6e-05,1.4000000000000001e-05,1.4000000000000001e-05,228.0,125776
bitcoin,2015-09-02,228.03,230.58,226.47,229.28,18760400.0,3321180000
bitshares,2015-09-02,0.003348,0.003472,0.003282,0.0034130000000000002,48771.0,8410090
bytecoin-bcn,2015-09-02,5.6999999999999996e-05,5.7999999999999994e-05,5.6999999999999996e-05,5.7999999999999994e-05,17959.0,10108400
dash,2015-09-02,2.54,2.55,2.5,2.51,60914.0,14589500
dogecoin,2015-09-02,0.000127,0.000129,0.000125,0.000126,41740.0,12816600
ethereum,2015-09-02,1.35,1.35,1.26,1.29,883769.0,98504600.0
litecoin,2015-09-02,2.82,2.83,2.76,2.8,2423010.0,118701000
monero,2015-09-02,0.457513,0.47272600000000004,0.45346000000000003,0.46808299999999997,17633.0,4185830
nem,2015-09-02,0.0001,0.0001,8.8e-05,8.8e-05,897.0,903015
ripple,2015-09-02,0.007821,0.007833,0.0076939999999999995,0.0077,398976.0,254075000
siacoin,2015-09-02,2.9999999999999997e-05,3.2e-05,2.7000000000000002e-05,2.8000000000000003e-05,2005.0,139185.0
stellar,2015-09-02,0.002436,0.0025510000000000003,0.002316,0.0024230000000000002,25216.0,11781800
verge,2015-09-02,1.4000000000000001e-05,1.6e-05,1.2e-05,1.4000000000000001e-05,460.0,126147
bitcoin,2015-09-03,229.32,229.6,226.67,227.18,17482000.0,3340990000
bitshares,2015-09-03,0.003415,0.003415,0.0032409999999999995,0.003249,42258.0,8577260
bytecoin-bcn,2015-09-03,5.6999999999999996e-05,5.7999999999999994e-05,5.5e-05,5.6999999999999996e-05,17178.0,10101900
dash,2015-09-03,2.51,2.52,2.46,2.47,23020.0,14412100
dogecoin,2015-09-03,0.000126,0.000128,0.000122,0.000122,59655.0,12661000
ethereum,2015-09-03,1.3,1.31,1.21,1.26,702991.0,94418700.0
litecoin,2015-09-03,2.8,2.8,2.58,2.63,2210590.0,117773000
monero,2015-09-03,0.46859799999999996,0.474624,0.45867600000000003,0.45929,26802.0,4293320
nem,2015-09-03,8.8e-05,8.9e-05,8.3e-05,8.9e-05,333.0,792863
ripple,2015-09-03,0.007692,0.007698999999999999,0.007431,0.007431,322054.0,249907000
siacoin,2015-09-03,2.8000000000000003e-05,2.8000000000000003e-05,2.3e-05,2.5e-05,2991.0,129600.0
stellar,2015-09-03,0.0024230000000000002,0.002493,0.0023769999999999998,0.0023769999999999998,8753.0,11722200
verge,2015-09-03,1.4000000000000001e-05,1.6e-05,1.2e-05,1.4000000000000001e-05,156.0,125294
bitcoin,2015-09-04,227.22,230.9,227.05,230.3,20962400.0,3311080000
bitshares,2015-09-04,0.003251,0.0033200000000000005,0.003204,0.0033200000000000005,65704.0,8166760
bytecoin-bcn,2015-09-04,5.6999999999999996e-05,5.7999999999999994e-05,5.6999999999999996e-05,5.6999999999999996e-05,12761.0,10013100
dash,2015-09-04,2.48,2.5,2.42,2.45,60516.0,14265700
dogecoin,2015-09-04,0.000123,0.000125,0.000123,0.000125,28795.0,12412700
ethereum,2015-09-04,1.26,1.3,1.24,1.27,474391.0,92234100.0
litecoin,2015-09-04,2.64,2.72,2.63,2.7,1441530.0,111133000
monero,2015-09-04,0.45960500000000004,0.47442,0.455117,0.46787399999999996,19213.0,4216670
nem,2015-09-04,8.9e-05,9.7e-05,8.8e-05,9.7e-05,233.0,800916
ripple,2015-09-04,0.00743,0.0074329999999999995,0.007286,0.0073549999999999996,472228.0,241378000
siacoin,2015-09-04,2.5e-05,2.5e-05,2.3e-05,2.5e-05,391.0,118326.0
stellar,2015-09-04,0.0023769999999999998,0.002437,0.002318,0.002321,7558.0,11498900
verge,2015-09-04,1.4000000000000001e-05,1.6e-05,1.4000000000000001e-05,1.6e-05,525.0,124843
bitcoin,2015-09-05,230.2,236.14,229.44,235.02,20671400.0,3355470000
bitshares,2015-09-05,0.0033369999999999997,0.0053,0.003321,0.005072,540324.0,8383440
bytecoin-bcn,2015-09-05,5.6999999999999996e-05,6.3e-05,5.6999999999999996e-05,6.1e-05,14615.0,10064400
dash,2015-09-05,2.44,2.53,2.36,2.51,38313.0,14037400
dogecoin,2015-09-05,0.000125,0.000131,0.000124,0.00013000000000000002,87671.0,12575300
ethereum,2015-09-05,1.28,1.34,1.27,1.34,448453.0,93402300.0
litecoin,2015-09-05,2.7,2.94,2.66,2.92,2666820.0,113865000
monero,2015-09-05,0.47090299999999996,0.48294799999999993,0.465358,0.48159399999999997,25003.0,4326210
nem,2015-09-05,9.7e-05,9.8e-05,8.499999999999999e-05,8.6e-05,1099.0,869038
ripple,2015-09-05,0.007352,0.007921,0.007351000000000001,0.007859999999999999,856833.0,238869000
siacoin,2015-09-05,2.5e-05,2.6000000000000002e-05,2.3e-05,2.4e-05,1154.0,119699.0
stellar,2015-09-05,0.002321,0.0024760000000000003,0.002309,0.0024760000000000003,9478.0,11226600
verge,2015-09-05,1.6e-05,1.6e-05,1.2e-05,1.4000000000000001e-05,383.0,144234
bitcoin,2015-09-06,234.87,242.91,234.68,239.84,25473700.0,3424420000
bitshares,2015-09-06,0.005044,0.005593,0.004592000000000001,0.004681,466444.0,12669200
bytecoin-bcn,2015-09-06,6.1e-05,6.500000000000001e-05,6.1e-05,6.4e-05,14551.0,10736100
dash,2015-09-06,2.51,2.56,2.47,2.49,28927.0,14404900
dogecoin,2015-09-06,0.00013000000000000002,0.000135,0.00013000000000000002,0.000132,86971.0,13108600
ethereum,2015-09-06,1.34,1.37,1.29,1.3,491968.0,97625500.0
litecoin,2015-09-06,2.92,3.12,2.9,3.05,4281360.0,123002000
monero,2015-09-06,0.481595,0.507062,0.47895,0.505111,20838.0,4430410
nem,2015-09-06,8.6e-05,9.6e-05,8.499999999999999e-05,9.6e-05,902.0,771348
ripple,2015-09-06,0.007861,0.007946,0.007779,0.007891,284050.0,255406000
siacoin,2015-09-06,2.3e-05,2.8999999999999997e-05,2.3e-05,2.8999999999999997e-05,1481.0,111178.0
stellar,2015-09-06,0.0024170000000000003,0.002561,0.002414,0.002527,9566.0,11691700
verge,2015-09-06,1.4000000000000001e-05,1.7e-05,1.2e-05,1.7e-05,425.0,126137
bitcoin,2015-09-07,239.93,242.11,238.72,239.85,21192200.0,3499120000
bitshares,2015-09-07,0.004682,0.005118,0.004536999999999999,0.0048270000000000006,270038.0,11761800
bytecoin-bcn,2015-09-07,6.4e-05,6.4e-05,6.1e-05,6.3e-05,18536.0,11252500
dash,2015-09-07,2.49,2.5,2.37,2.38,69592.0,14309400
dogecoin,2015-09-07,0.000132,0.000133,0.000129,0.00013000000000000002,56502.0,13321500
ethereum,2015-09-07,1.3,1.31,1.24,1.25,489014.0,94585300.0
litecoin,2015-09-07,3.04,3.1,2.99,3.05,2254530.0,128155000
monero,2015-09-07,0.505125,0.5087430000000001,0.49137200000000003,0.49945200000000006,14904.0,4653130
nem,2015-09-07,9.6e-05,9.8e-05,9.4e-05,9.6e-05,315.0,863410
ripple,2015-09-07,0.007889,0.007955,0.007889,0.007918000000000001,234100.0,256314000
siacoin,2015-09-07,2.8999999999999997e-05,5.1e-05,2.6000000000000002e-05,4.3e-05,12820.0,136381.0
stellar,2015-09-07,0.002527,0.002529,0.002451,0.0024519999999999998,3074.0,12225100
verge,2015-09-07,1.7e-05,1.7e-05,1.4000000000000001e-05,1.4000000000000001e-05,152.0,151907
bitcoin,2015-09-08,239.85,245.78,239.68,243.61,26879200.0,3498750000
bitshares,2015-09-08,0.004825,0.004933,0.00435,0.00435,185064.0,12119900
bytecoin-bcn,2015-09-08,6.3e-05,6.4e-05,6.1e-05,6.4e-05,20733.0,11011100
dash,2015-09-08,2.37,2.41,2.2,2.33,90735.0,13624600
dogecoin,2015-09-08,0.000129,0.000133,0.000128,0.000131,69138.0,13060500
ethereum,2015-09-08,1.25,1.28,1.23,1.24,427892.0,91020700.0
litecoin,2015-09-08,3.05,3.13,3.01,3.05,2566300.0,128555000
monero,2015-09-08,0.49869600000000003,0.519969,0.49626899999999996,0.517402,23332.0,4600200
nem,2015-09-08,9.6e-05,0.000101,9.4e-05,9.9e-05,419.0,863050
ripple,2015-09-08,0.007917,0.007978,0.00783,0.007831,193672.0,257202000
siacoin,2015-09-08,4.3e-05,9e-05,4.3e-05,7.8e-05,95139.0,204643.0
stellar,2015-09-08,0.002451,0.002464,0.002291,0.0023,11354.0,11857100
verge,2015-09-08,1.4000000000000001e-05,1.4999999999999999e-05,1.2e-05,1.2e-05,657.0,131333
bitcoin,2015-09-09,243.41,244.42,237.82,238.17,23635700.0,3551640000
bitshares,2015-09-09,0.004351,0.004626,0.004213000000000001,0.004479,165708.0,10930000
bytecoin-bcn,2015-09-09,6.4e-05,6.4e-05,5.9999999999999995e-05,6.1e-05,25437.0,11180300
dash,2015-09-09,2.32,2.57,2.32,2.44,64860.0,13390200
dogecoin,2015-09-09,0.000131,0.000134,0.000128,0.00013000000000000002,95987.0,13233000
ethereum,2015-09-09,1.24,1.26,1.2,1.21,366748.0,90518300.0
litecoin,2015-09-09,3.05,3.05,2.91,2.92,2298470.0,128641000
monero,2015-09-09,0.517122,0.53213,0.49595200000000006,0.506011,46479.0,4776830
nem,2015-09-09,9.9e-05,9.9e-05,8.7e-05,9e-05,1343.0,894429
ripple,2015-09-09,0.00783,0.00783,0.007664,0.007678,254159.0,254370000
siacoin,2015-09-09,7.8e-05,7.8e-05,4.5e-05,4.8e-05,18387.0,370239.0
stellar,2015-09-09,0.0023,0.002466,0.002179,0.002195,18552.0,11125300
verge,2015-09-09,1.2e-05,1.6e-05,1.2e-05,1.4000000000000001e-05,905.0,112081
bitcoin,2015-09-10,238.34,241.29,235.79,238.48,21215500.0,3478410000
bitshares,2015-09-10,0.0044729999999999995,0.004658,0.004268999999999999,0.004268999999999999,160067.0,11235500
bytecoin-bcn,2015-09-10,6.1e-05,6.2e-05,5.9999999999999995e-05,6.1e-05,18514.0,10771500
dash,2015-09-10,2.44,2.48,2.33,2.38,46341.0,14060100
dogecoin,2015-09-10,0.00013000000000000002,0.000132,0.000127,0.000129,60340.0,13093700
ethereum,2015-09-10,1.21,1.22,1.14,1.17,662782.0,88230500.0
litecoin,2015-09-10,2.92,2.97,2.89,2.95,1420320.0,123469000
monero,2015-09-10,0.506263,0.517275,0.49215699999999996,0.49724700000000005,19215.0,4682800
nem,2015-09-10,9e-05,0.0001,8.7e-05,9.1e-05,2545.0,813119
ripple,2015-09-10,0.007684999999999999,0.00772,0.007661,0.007663,234873.0,249676000
siacoin,2015-09-10,4.8e-05,5.5e-05,3.8e-05,4.8e-05,13512.0,131665.0
stellar,2015-09-10,0.002195,0.002322,0.002195,0.002208,8188.0,10618700
verge,2015-09-10,1.4000000000000001e-05,1.7e-05,1.2e-05,1.7e-05,1298.0,130503
bitcoin,2015-09-11,238.33,241.17,238.33,240.11,19224700.0,3479310000
bitshares,2015-09-11,0.0043100000000000005,0.0044280000000000005,0.004192,0.004211,112231.0,10826300
bytecoin-bcn,2015-09-11,6.1e-05,6.2e-05,5.9999999999999995e-05,6.1e-05,16551.0,10662800
dash,2015-09-11,2.38,2.43,2.35,2.38,57649.0,13730500
dogecoin,2015-09-11,0.000128,0.000133,0.000128,0.000131,52762.0,12951000
ethereum,2015-09-11,1.16,1.17,0.940675,0.982978,1942600.0,85144300.0
litecoin,2015-09-11,2.95,2.98,2.94,2.96,1251460.0,124532000
monero,2015-09-11,0.497159,0.506059,0.489671,0.495325,25292.0,4604850
nem,2015-09-11,9.1e-05,9.7e-05,9e-05,9.4e-05,590.0,819178
ripple,2015-09-11,0.007661,0.008444,0.007633,0.008444,77796.0,248878000
siacoin,2015-09-11,4.8e-05,4.8e-05,3.8e-05,4.3e-05,6597.0,131661.0
stellar,2015-09-11,0.002208,0.0022789999999999998,0.002194,0.002231,4021.0,10679200
verge,2015-09-11,1.7e-05,1.7e-05,1.4000000000000001e-05,1.6e-05,88.0,152368
bitcoin,2015-09-12,239.85,240.12,234.75,235.23,17962600.0,3502520000
bitshares,2015-09-12,0.004208,0.004453,0.004208,0.004319,96351.0,10570600
bytecoin-bcn,2015-09-12,6.1e-05,6.1e-05,5.7999999999999994e-05,5.7999999999999994e-05,19277.0,10732300
dash,2015-09-12,2.38,2.46,2.35,2.43,37555.0,13774200
dogecoin,2015-09-12,0.000131,0.000131,0.000126,0.000127,47538.0,13213100
ethereum,2015-09-12,0.9872280000000001,1.11,0.96978,1.04,772430.0,72179000.0
litecoin,2015-09-12,2.96,2.97,2.82,2.83,1517440.0,125157000
monero,2015-09-12,0.495145,0.495145,0.459555,0.46547299999999997,21998.0,4592370
nem,2015-09-12,9.4e-05,9.6e-05,8.7e-05,8.7e-05,233.0,848764
ripple,2015-09-12,0.008447,0.008447,0.008144,0.008197,24819.0,274432000
siacoin,2015-09-12,4.3e-05,4.6e-05,3.1e-05,3.3e-05,4877.0,119379.0
stellar,2015-09-12,0.002231,0.0022600000000000003,0.0021969999999999997,0.002239,1075.0,10790700
verge,2015-09-12,1.6e-05,1.6e-05,1.4000000000000001e-05,1.4999999999999999e-05,687.0,149274
bitcoin,2015-09-13,235.24,235.94,229.33,230.51,18478800.0,3435990000
bitshares,2015-09-13,0.004324000000000001,0.004332,0.004122,0.004275999999999999,110237.0,10862000
bytecoin-bcn,2015-09-13,5.7999999999999994e-05,5.9999999999999995e-05,5.2000000000000004e-05,5.4000000000000005e-05,19966.0,10273900
dash,2015-09-13,2.43,2.48,2.3,2.34,53764.0,14020100
dogecoin,2015-09-13,0.000127,0.000129,0.000123,0.000126,40889.0,12857400
ethereum,2015-09-13,1.04,1.04,0.902832,0.936003,644138.0,76193600.0
litecoin,2015-09-13,2.82,2.85,2.77,2.82,1328080.0,119373000
monero,2015-09-13,0.464892,0.47697700000000004,0.451275,0.46286499999999997,18133.0,4317610
nem,2015-09-13,8.7e-05,9.4e-05,8.499999999999999e-05,9e-05,659.0,783983
ripple,2015-09-13,0.008197,0.008537999999999999,0.00815,0.008532,62875.0,266304000
siacoin,2015-09-13,3.3e-05,4e-05,3.1e-05,3.5e-05,1774.0,90969.0
stellar,2015-09-13,0.002239,0.00224,0.002097,0.0021579999999999998,1583.0,10832600
verge,2015-09-13,1.4000000000000001e-05,1.6e-05,1.4000000000000001e-05,1.6e-05,99.0,128910
bitcoin,2015-09-14,230.61,232.44,227.96,230.64,20997800.0,3369190000
bitshares,2015-09-14,0.004264,0.004264,0.004021,0.004173,110931.0,10710800
bytecoin-bcn,2015-09-14,5.3e-05,5.4000000000000005e-05,4.9e-05,5.1e-05,17833.0,9337890
dash,2015-09-14,2.33,2.35,2.27,2.31,57107.0,13491500
dogecoin,2015-09-14,0.000125,0.000126,0.000122,0.000125,61189.0,12582500
ethereum,2015-09-14,0.940566,0.9493870000000001,0.8717600000000001,0.8756219999999999,741085.0,68814400.0
litecoin,2015-09-14,2.81,2.86,2.78,2.84,1135730.0,118997000
monero,2015-09-14,0.458575,0.5069239999999999,0.45198,0.482289,61609.0,4264430
nem,2015-09-14,9e-05,9.1e-05,8.9e-05,9e-05,95.0,809995
ripple,2015-09-14,0.008535,0.008645,0.007404000000000001,0.007404000000000001,274835.0,277294000
siacoin,2015-09-14,3.5e-05,3.9e-05,3.5e-05,3.5e-05,2568.0,95547.0
stellar,2015-09-14,0.002157,0.0030039999999999997,0.0021100000000000003,0.002139,4634.0,10435100
verge,2015-09-14,1.6e-05,1.6e-05,1.4000000000000001e-05,1.4999999999999999e-05,457.0,144432
bitcoin,2015-09-15,230.49,259.18,229.82,230.3,19177800.0,3368360000
bitshares,2015-09-15,0.004155,0.005056000000000001,0.00415,0.004625,305490.0,10437900
bytecoin-bcn,2015-09-15,5.1e-05,5.1e-05,4.5e-05,4.7e-05,15522.0,8898010
dash,2015-09-15,2.31,2.62,2.29,2.32,46640.0,13377900
dogecoin,2015-09-15,0.000125,0.000131,0.000123,0.000126,43332.0,12581100
ethereum,2015-09-15,0.875189,1.05,0.875189,0.9444100000000001,703390.0,64052400.0
litecoin,2015-09-15,2.84,2.93,2.82,2.82,918109.0,120280000
monero,2015-09-15,0.483566,0.569801,0.478813,0.502379,40322.0,4502900
nem,2015-09-15,9e-05,9.9e-05,7.900000000000001e-05,9.9e-05,2995.0,809295
ripple,2015-09-15,0.007398,0.007892,0.007344,0.00772,676501.0,240364000
siacoin,2015-09-15,3.5e-05,3.9e-05,2.9999999999999997e-05,3.5e-05,4489.0,167032.0
stellar,2015-09-15,0.002139,0.002634,0.002116,0.002183,3674.0,10345300
verge,2015-09-15,1.4999999999999999e-05,1.6e-05,1.2e-05,1.4000000000000001e-05,167.0,134535
bitcoin,2015-09-16,230.25,231.22,227.4,229.09,20144200.0,3365740000
bitshares,2015-09-16,0.004611,0.005045,0.00458,0.004974,549963.0,11582900
bytecoin-bcn,2015-09-16,4.6e-05,4.9e-05,4.6e-05,4.6e-05,12283.0,8152600
dash,2015-09-16,2.32,2.4,2.3,2.37,68240.0,13447900
dogecoin,2015-09-16,0.000126,0.000126,0.000122,0.000124,60323.0,12690500
ethereum,2015-09-16,0.9419770000000001,0.9526979999999999,0.901639,0.907175,615593.0,68963300.0
litecoin,2015-09-16,2.83,2.85,2.77,2.8,1192860.0,119718000
monero,2015-09-16,0.502213,0.510922,0.478238,0.5099739999999999,42561.0,4682750
nem,2015-09-16,9.9e-05,0.000131,8.8e-05,0.000106,10004.0,887120
ripple,2015-09-16,0.0077209999999999996,0.007751999999999999,0.007406,0.007426,316497.0,250847000
siacoin,2015-09-16,3.5e-05,3.5e-05,2.9999999999999997e-05,2.9999999999999997e-05,1854.0,169215.0
stellar,2015-09-16,0.002183,0.0022010000000000003,0.002124,0.002159,7901.0,10559700
verge,2015-09-16,1.4000000000000001e-05,1.6e-05,1.2e-05,1.4999999999999999e-05,1708.0,126828
bitcoin,2015-09-17,229.08,230.28,228.93,229.81,18935400.0,3349390000
bitshares,2015-09-17,0.004993,0.005228,0.004799,0.005228,337616.0,12543000
bytecoin-bcn,2015-09-17,4.6e-05,4.8e-05,4.6e-05,4.6e-05,21186.0,8162650
dash,2015-09-17,2.39,11.43,2.35,2.37,32167.0,13827600
dogecoin,2015-09-17,0.000124,0.000126,0.000122,0.000125,60512.0,12527400
ethereum,2015-09-17,0.9068649999999999,0.9092040000000001,0.831132,0.874231,897940.0,66415200.0
litecoin,2015-09-17,2.81,2.93,2.8,2.91,1626720.0,118757000
monero,2015-09-17,0.510042,0.521257,0.478933,0.49478199999999994,63098.0,4762110
nem,2015-09-17,0.000106,0.000128,0.000101,0.00010800000000000001,5428.0,954054
ripple,2015-09-17,0.007427,0.007437999999999999,0.007363,0.007372,544100.0,241298000
siacoin,2015-09-17,2.9999999999999997e-05,3.2e-05,2.8000000000000003e-05,2.9999999999999997e-05,4337.0,148864.0
stellar,2015-09-17,0.002152,0.002228,0.002141,0.002228,4024.0,10410200
verge,2015-09-17,1.4999999999999999e-05,1.6e-05,1.4000000000000001e-05,1.4000000000000001e-05,59.0,136253
bitcoin,2015-09-18,233.52,234.35,232.19,232.97,20242200.0,3415440000
bitshares,2015-09-18,0.00518,0.005907,0.00518,0.005748,434622.0,13011200
bytecoin-bcn,2015-09-18,4.6e-05,4.8e-05,4.5e-05,4.6e-05,19005.0,8058640
dash,2015-09-18,2.37,2.47,2.35,2.46,36051.0,13726400
dogecoin,2015-09-18,0.000125,0.000127,0.000125,0.000127,44008.0,12634800
ethereum,2015-09-18,0.874574,0.8881020000000001,0.833908,0.853685,484622.0,64071300.0
litecoin,2015-09-18,2.91,3.01,2.9,2.96,1572740.0,123220000
monero,2015-09-18,0.49487,0.50458,0.482009,0.50044,12727.0,4626560
nem,2015-09-18,0.00010800000000000001,0.00011200000000000001,9.8e-05,0.0001,1354.0,973827
ripple,2015-09-18,0.007383,0.0075379999999999996,0.007377,0.007529000000000001,501172.0,239854000
siacoin,2015-09-18,2.9999999999999997e-05,3.2e-05,2.8000000000000003e-05,2.9999999999999997e-05,1044.0,153317.0
stellar,2015-09-18,0.002228,0.002271,0.002017,0.0022429999999999998,22669.0,10778100
verge,2015-09-18,1.4000000000000001e-05,1.6e-05,1.4000000000000001e-05,1.4000000000000001e-05,416.0,126307
bitcoin,2015-09-19,232.86,233.21,231.09,231.49,12712600.0,3406390000
bitshares,2015-09-19,0.005763,0.006038,0.005555,0.005874,407485.0,14475300
bytecoin-bcn,2015-09-19,4.6e-05,4.6e-05,3.6e-05,3.8e-05,18292.0,8070130
dash,2015-09-19,2.46,2.48,2.36,2.36,18461.0,14244500
dogecoin,2015-09-19,0.000127,0.00013000000000000002,0.000124,0.000126,37172.0,12789800
ethereum,2015-09-19,0.8496030000000001,0.911883,0.833784,0.882391,386988.0,62262700.0
litecoin,2015-09-19,2.95,2.96,2.86,2.87,897801.0,125137000
monero,2015-09-19,0.49844399999999994,0.503089,0.49118100000000003,0.496418,13090.0,4666030
nem,2015-09-19,0.0001,0.000106,9.499999999999999e-05,0.000102,1440.0,902358
ripple,2015-09-19,0.007527,0.007527,0.007364,0.007481999999999999,441298.0,244534000
siacoin,2015-09-19,2.9999999999999997e-05,2.9999999999999997e-05,2.5e-05,2.8000000000000003e-05,2034.0,157566.0
stellar,2015-09-19,0.0022440000000000003,0.0023420000000000003,0.002216,0.0022949999999999997,5375.0,10853700
verge,2015-09-19,1.4000000000000001e-05,1.4000000000000001e-05,1.4000000000000001e-05,1.4000000000000001e-05,150.0,128188
bitcoin,2015-09-20,231.4,232.37,230.91,231.21,14444700.0,3385770000
bitshares,2015-09-20,0.005849,0.007142,0.005794,0.007109000000000001,729978.0,14693500
bytecoin-bcn,2015-09-20,3.7e-05,3.8e-05,3.5e-05,3.6e-05,10857.0,6596710
dash,2015-09-20,2.36,2.59,2.29,2.39,88240.0,13694700
dogecoin,2015-09-20,0.000126,0.000129,0.000124,0.000126,42810.0,12746000
ethereum,2015-09-20,0.881191,0.947741,0.8732049999999999,0.9384450000000001,508314.0,64600000.0
litecoin,2015-09-20,2.88,2.88,2.83,2.85,989389.0,121797000
monero,2015-09-20,0.49847299999999994,0.502246,0.47937700000000005,0.485971,23345.0,4672440
nem,2015-09-20,0.000102,0.000102,9.499999999999999e-05,0.0001,1250.0,916605
ripple,2015-09-20,0.007481999999999999,0.0076879999999999995,0.007479,0.0076370000000000006,445039.0,243084000
siacoin,2015-09-20,2.8000000000000003e-05,3.2e-05,2.8000000000000003e-05,2.8000000000000003e-05,2797.0,145774.0
stellar,2015-09-20,0.0022949999999999997,0.0022949999999999997,0.002196,0.002223,3069.0,11101100
verge,2015-09-20,1.4000000000000001e-05,1.6e-05,1.4000000000000001e-05,1.6e-05,115.0,129353
bitcoin,2015-09-21,231.22,231.22,226.52,227.09,19678800.0,3383840000
bitshares,2015-09-21,0.006996,0.007037999999999999,0.006335,0.006693000000000001,703750.0,17572800
bytecoin-bcn,2015-09-21,3.6e-05,3.7e-05,3.2e-05,3.7e-05,17544.0,6298510
dash,2015-09-21,2.39,2.43,2.32,2.35,84512.0,13892300
dogecoin,2015-09-21,0.000126,0.000132,0.000125,0.00013000000000000002,115029.0,12737400
ethereum,2015-09-21,0.9414959999999999,0.957326,0.878301,0.919047,424039.0,69045900.0
litecoin,2015-09-21,2.85,2.85,2.8,2.8,1027230.0,120933000
monero,2015-09-21,0.488108,0.493709,0.47856800000000005,0.48045200000000005,10323.0,4581520
nem,2015-09-21,0.0001,0.00011399999999999999,9.4e-05,0.000102,3745.0,897869
ripple,2015-09-21,0.007633,0.007634,0.007247,0.007247,245324.0,247986000
siacoin,2015-09-21,2.8000000000000003e-05,3.2e-05,2.7000000000000002e-05,2.9999999999999997e-05,2589.0,145956.0
stellar,2015-09-21,0.002223,0.002224,0.002128,0.0021420000000000002,1970.0,10755000
verge,2015-09-21,1.6e-05,1.6e-05,1.4000000000000001e-05,1.4000000000000001e-05,78.0,142458
bitcoin,2015-09-22,226.97,232.39,225.12,230.62,25009300.0,3322420000
bitshares,2015-09-22,0.006684000000000001,0.006684000000000001,0.006019,0.006093,563545.0,16789500
bytecoin-bcn,2015-09-22,3.7e-05,3.8e-05,3.3e-05,3.3e-05,14777.0,6477430
dash,2015-09-22,2.36,2.5,2.36,2.46,42311.0,13687600
dogecoin,2015-09-22,0.00013000000000000002,0.000131,0.000124,0.000126,114475.0,13118300
ethereum,2015-09-22,0.9193370000000001,0.9193370000000001,0.865225,0.9017959999999999,487914.0,67444200.0
litecoin,2015-09-22,2.8,2.88,2.8,2.84,1442340.0,118630000
monero,2015-09-22,0.48100600000000004,0.481633,0.45921000000000006,0.471829,20004.0,4520690
nem,2015-09-22,0.000102,0.000131,0.0001,0.00013000000000000002,7599.0,918909
ripple,2015-09-22,0.007245000000000001,0.00725,0.0071519999999999995,0.007168000000000001,252173.0,235384000
siacoin,2015-09-22,2.9999999999999997e-05,3.2e-05,2.8999999999999997e-05,3.2e-05,1087.0,155501.0
stellar,2015-09-22,0.0021420000000000002,0.002188,0.0020670000000000003,0.0021379999999999997,2836.0,10360400
verge,2015-09-22,1.4000000000000001e-05,1.6e-05,1.4000000000000001e-05,1.4999999999999999e-05,531.0,125094
bitcoin,2015-09-23,230.94,231.84,229.59,230.28,17254100.0,3381390000
bitshares,2015-09-23,0.0061259999999999995,0.0065569999999999995,0.005911,0.006384,378302.0,15388400
bytecoin-bcn,2015-09-23,3.4e-05,3.5e-05,3.2e-05,3.3e-05,12831.0,6081620
dash,2015-09-23,2.46,2.53,2.4,2.43,36011.0,14314800
dogecoin,2015-09-23,0.000126,0.000126,0.000122,0.000124,137675.0,12734800
ethereum,2015-09-23,0.90356,0.90891,0.885136,0.8934059999999999,200541.0,66309600.0
litecoin,2015-09-23,2.86,2.9,2.85,2.87,901921.0,121067000
monero,2015-09-23,0.46730600000000005,0.476228,0.45202200000000003,0.464606,26708.0,4397630
nem,2015-09-23,0.00013000000000000002,0.000134,0.000117,0.00011999999999999999,1843.0,1166180
ripple,2015-09-23,0.007168000000000001,0.007183,0.006668,0.006668,985902.0,232860000
siacoin,2015-09-23,3.2e-05,3.5e-05,2.9999999999999997e-05,3.2e-05,2988.0,170617.0
stellar,2015-09-23,0.0021379999999999997,0.0021620000000000003,0.002081,0.002082,2495.0,10341300
verge,2015-09-23,1.4999999999999999e-05,1.6e-05,1.4000000000000001e-05,1.4000000000000001e-05,882.0,135936
bitcoin,2015-09-24,230.36,235.65,230.29,234.53,25097800.0,3373850000
bitshares,2015-09-24,0.006371,0.006408,0.005661,0.005881,372618.0,16002900
bytecoin-bcn,2015-09-24,3.3e-05,3.4e-05,3.3e-05,3.3e-05,13493.0,5873180
dash,2015-09-24,2.43,2.48,2.38,2.44,36581.0,14100900
dogecoin,2015-09-24,0.000123,0.000125,0.000122,0.000124,41198.0,12400100
ethereum,2015-09-24,0.8967959999999999,0.9085709999999999,0.79346,0.81361,842505.0,65836400.0
litecoin,2015-09-24,2.87,2.95,2.87,2.93,1328450.0,121809000
monero,2015-09-24,0.464555,0.47038500000000005,0.456599,0.468678,16085.0,4377470
nem,2015-09-24,0.00011999999999999999,0.000125,0.00011200000000000001,0.00011599999999999999,987.0,1081340
ripple,2015-09-24,0.006668,0.00671,0.0066040000000000005,0.00671,400287.0,216622000
siacoin,2015-09-24,3.2e-05,3.5e-05,2.9999999999999997e-05,3.3e-05,1400.0,170345.0
stellar,2015-09-24,0.002073,0.0021030000000000003,0.0020510000000000003,0.002058,3528.0,10026000
verge,2015-09-24,1.4000000000000001e-05,1.6e-05,1.4000000000000001e-05,1.4000000000000001e-05,1214.0,126382
bitcoin,2015-09-25,234.36,237.43,233.68,235.14,22363600.0,3433300000
bitshares,2015-09-25,0.005862,0.006082,0.005676,0.005934,137136.0,14725400
bytecoin-bcn,2015-09-25,3.3e-05,3.5e-05,2.2e-05,2.8000000000000003e-05,15054.0,5808860
dash,2015-09-25,2.44,2.49,2.41,2.45,31730.0,14189600
dogecoin,2015-09-25,0.000124,0.000125,0.000121,0.000122,58024.0,12522000
ethereum,2015-09-25,0.820031,0.825665,0.712745,0.736223,903457.0,60221400.0
litecoin,2015-09-25,2.93,2.95,2.89,2.89,959962.0,124470000
monero,2015-09-25,0.470271,0.476337,0.44282299999999997,0.45151499999999994,72674.0,4436980
nem,2015-09-25,0.00011599999999999999,0.000136,0.00011599999999999999,0.000134,1853.0,1046760
ripple,2015-09-25,0.006706999999999999,0.006736,0.006625,0.00665,403453.0,217886000
siacoin,2015-09-25,3.3e-05,3.3e-05,3.1e-05,3.1e-05,619.0,173518.0
stellar,2015-09-25,0.002058,0.002121,0.0020559999999999997,0.0020559999999999997,1193.0,9954750
verge,2015-09-25,1.4000000000000001e-05,1.7e-05,1.4000000000000001e-05,1.6e-05,1507.0,128749
bitcoin,2015-09-26,235.08,235.4,233.36,234.34,13724100.0,3444730000
bitshares,2015-09-26,0.005937,0.006451,0.005937,0.00633,207714.0,14912800
bytecoin-bcn,2015-09-26,2.8000000000000003e-05,2.9999999999999997e-05,2.7000000000000002e-05,2.8999999999999997e-05,16628.0,4893500
dash,2015-09-26,2.46,2.46,2.33,2.33,45583.0,14288400
dogecoin,2015-09-26,0.000122,0.000124,0.000121,0.000123,27115.0,12333200
ethereum,2015-09-26,0.73763,0.7875439999999999,0.709328,0.785964,369620.0,54188900.0
litecoin,2015-09-26,2.89,2.9,2.87,2.89,531617.0,122875000
monero,2015-09-26,0.453607,0.46806099999999995,0.44174300000000005,0.44510500000000003,39062.0,4285200
nem,2015-09-26,0.000134,0.000136,0.00011999999999999999,0.000131,2186.0,1208870
ripple,2015-09-26,0.006651000000000001,0.006651000000000001,0.006501000000000001,0.006501000000000001,439274.0,216086000
siacoin,2015-09-26,3.1e-05,3.3e-05,2.8000000000000003e-05,3.3e-05,417.0,161873.0
stellar,2015-09-26,0.0020559999999999997,0.002105,0.0020399999999999997,0.002071,6180.0,9944640
verge,2015-09-26,1.6e-05,1.9e-05,1.4000000000000001e-05,1.6e-05,1553.0,150589
bitcoin,2015-09-27,234.14,234.53,232.48,232.76,14179900.0,3431860000
bitshares,2015-09-27,0.006352,0.006509999999999999,0.006219,0.006347,145042.0,15955400
bytecoin-bcn,2015-09-27,2.8999999999999997e-05,2.9999999999999997e-05,2.8000000000000003e-05,2.8999999999999997e-05,13081.0,5041150
dash,2015-09-27,2.33,2.39,2.33,2.36,26485.0,13593500
dogecoin,2015-09-27,0.000123,0.000123,0.00011999999999999999,0.000122,29422.0,12452700
ethereum,2015-09-27,0.791277,0.791277,0.719169,0.720839,413801.0,58149600.0
litecoin,2015-09-27,2.89,2.9,2.87,2.87,748001.0,122673000
monero,2015-09-27,0.44504,0.45179899999999995,0.436453,0.43771000000000004,15986.0,4209850
nem,2015-09-27,0.000131,0.00013700000000000002,0.000127,0.00013000000000000002,1636.0,1180660
ripple,2015-09-27,0.0065,0.006562,0.006431,0.006536,269143.0,211182000
siacoin,2015-09-27,3.3e-05,3.3e-05,2.8000000000000003e-05,2.9999999999999997e-05,454.0,174232.0
stellar,2015-09-27,0.00207,0.002081,0.0020329999999999997,0.0020670000000000003,3105.0,10014700
verge,2015-09-27,1.6e-05,1.6e-05,1.4000000000000001e-05,1.4000000000000001e-05,208.0,144746
bitcoin,2015-09-28,232.84,239.34,232.47,239.14,24713000.0,3413630000
bitshares,2015-09-28,0.0063479999999999995,0.006369,0.005887,0.006273,230724.0,15944700
bytecoin-bcn,2015-09-28,2.8999999999999997e-05,3.1e-05,2.8000000000000003e-05,2.9999999999999997e-05,7626.0,5172500
dash,2015-09-28,2.37,2.42,2.35,2.38,45147.0,13788900
dogecoin,2015-09-28,0.000122,0.000125,0.000121,0.000124,63563.0,12291500
ethereum,2015-09-28,0.723715,0.725677,0.557062,0.582886,1320890.0,53201800.0
litecoin,2015-09-28,2.88,3.08,2.88,3.07,2604270.0,122388000
monero,2015-09-28,0.440906,0.454246,0.43644700000000003,0.44899799999999995,22851.0,4176170
nem,2015-09-28,0.000132,0.000144,0.000129,0.000139,1641.0,1188700
ripple,2015-09-28,0.006534999999999999,0.006573000000000001,0.00629,0.006293,602856.0,212299000
siacoin,2015-09-28,2.9999999999999997e-05,3.3e-05,2.8000000000000003e-05,2.8999999999999997e-05,1051.0,160996.0
stellar,2015-09-28,0.0020670000000000003,0.002151,0.0020629999999999997,0.002091,4256.0,10001200
verge,2015-09-28,1.4000000000000001e-05,1.7e-05,1.4000000000000001e-05,1.7e-05,52.0,131230
bitcoin,2015-09-29,239.02,239.8,235.93,236.69,22691300.0,3505090000
bitshares,2015-09-29,0.006324000000000001,0.006585,0.006031,0.006417,139131.0,15886000
bytecoin-bcn,2015-09-29,2.9999999999999997e-05,2.9999999999999997e-05,2.4e-05,2.5e-05,16539.0,5358240
dash,2015-09-29,2.38,2.4,2.34,2.34,33688.0,13889400
dogecoin,2015-09-29,0.000124,0.000128,0.000121,0.000121,100480.0,12576500
ethereum,2015-09-29,0.579414,0.67583,0.558346,0.661146,913992.0,42607700.0
litecoin,2015-09-29,3.1,3.17,2.97,2.97,2896120.0,131839000
monero,2015-09-29,0.449097,0.45018400000000003,0.430411,0.435817,18912.0,4259180
nem,2015-09-29,0.000139,0.000167,0.000121,0.000149,9728.0,1248540
ripple,2015-09-29,0.006291,0.006291,0.005579,0.005579,964995.0,204385000
siacoin,2015-09-29,2.8999999999999997e-05,3.1e-05,2.8000000000000003e-05,2.8000000000000003e-05,1290.0,152952.0
stellar,2015-09-29,0.002091,0.002133,0.002015,0.002055,6058.0,10116100
verge,2015-09-29,1.7e-05,1.7e-05,1.4000000000000001e-05,1.6e-05,67.0,152647
bitcoin,2015-09-30,236.64,237.73,235.63,236.06,19743500.0,3471280000
bitshares,2015-09-30,0.0063869999999999994,0.006409000000000001,0.006141,0.006251,129852.0,16044500
bytecoin-bcn,2015-09-30,2.5e-05,2.8999999999999997e-05,2.5e-05,2.8000000000000003e-05,11834.0,4479070
dash,2015-09-30,2.34,2.37,2.34,2.34,36433.0,13670400
dogecoin,2015-09-30,0.000121,0.000124,0.000121,0.000123,39326.0,12245300
ethereum,2015-09-30,0.661192,0.746722,0.635861,0.738644,619926.0,48636600.0
litecoin,2015-09-30,2.97,3.05,2.97,3.01,1371090.0,126079000
monero,2015-09-30,0.43749499999999997,0.43778500000000004,0.350445,0.399882,91652.0,4154530
nem,2015-09-30,0.000149,0.000171,0.000144,0.000151,5864.0,1338340
ripple,2015-09-30,0.005582,0.005582,0.0054210000000000005,0.005520000000000001,719793.0,181358000
siacoin,2015-09-30,2.8000000000000003e-05,3.1e-05,2.4e-05,2.8000000000000003e-05,2762.0,151576.0
stellar,2015-09-30,0.002075,0.002075,0.0018260000000000001,0.0019850000000000002,15365.0,10037800
verge,2015-09-30,1.6e-05,1.7e-05,1.4000000000000001e-05,1.4000000000000001e-05,49.0,142246
bitcoin,2015-10-01,236.0,238.44,235.62,237.55,20488800.0,3462800000
bitshares,2015-10-01,0.0062759999999999995,0.006448000000000001,0.005974,0.006045,121292.0,15765000
bytecoin-bcn,2015-10-01,2.8000000000000003e-05,2.8000000000000003e-05,2.5e-05,2.5e-05,11373.0,4891040
dash,2015-10-01,2.34,2.36,2.29,2.29,48612.0,13670100
dogecoin,2015-10-01,0.000123,0.000124,0.000122,0.000122,28260.0,12413500
ethereum,2015-10-01,0.7343069999999999,0.7343069999999999,0.655906,0.6902149999999999,596084.0,54032300.0
litecoin,2015-10-01,3.01,3.05,2.96,3.0,1644010.0,128156000
monero,2015-10-01,0.401044,0.42937299999999995,0.394394,0.404696,27172.0,3813330
nem,2015-10-01,0.000151,0.00018899999999999999,0.000151,0.000175,11660.0,1358740
ripple,2015-10-01,0.005518,0.00554,0.0054280000000000005,0.005448,557597.0,179271000
siacoin,2015-10-01,2.8000000000000003e-05,3.1e-05,2.6000000000000002e-05,2.8999999999999997e-05,615.0,151392.0
stellar,2015-10-01,0.001984,0.0022530000000000002,0.0019199999999999998,0.002224,12894.0,9596740
verge,2015-10-01,1.4000000000000001e-05,1.7e-05,1.4000000000000001e-05,1.7e-05,1391.0,129708
bitcoin,2015-10-02,237.26,238.54,236.6,237.29,19677900.0,3482190000
bitshares,2015-10-02,0.0060090000000000005,0.006055,0.004956,0.005324000000000001,467917.0,15095500
bytecoin-bcn,2015-10-02,2.5e-05,2.6000000000000002e-05,2.4e-05,2.6000000000000002e-05,12261.0,4491480
dash,2015-10-02,2.29,2.32,2.21,2.22,49335.0,13376200
dogecoin,2015-10-02,0.000123,0.000124,0.000121,0.000123,27636.0,12429800
ethereum,2015-10-02,0.683732,0.69112,0.654605,0.678574,219318.0,50328700.0
litecoin,2015-10-02,3.0,3.02,2.98,2.99,1132180.0,127470000
monero,2015-10-02,0.405273,0.41498,0.39469499999999996,0.409897,24588.0,3858300
nem,2015-10-02,0.000175,0.000183,0.000133,0.000149,6645.0,1574540
ripple,2015-10-02,0.005445,0.005869,0.005443,0.005868,587722.0,176914000
siacoin,2015-10-02,2.8000000000000003e-05,3.1e-05,2.6000000000000002e-05,2.8000000000000003e-05,639.0,152392.0
stellar,2015-10-02,0.002182,0.002223,0.0020210000000000002,0.002076,2850.0,10555900
verge,2015-10-02,1.7e-05,1.7e-05,1.4000000000000001e-05,1.4999999999999999e-05,156.0,152253
bitcoin,2015-10-03,237.2,239.31,236.94,238.73,16482700.0,3482100000
bitshares,2015-10-03,0.005321,0.005524,0.005281,0.005346,109104.0,13365300
bytecoin-bcn,2015-10-03,2.6000000000000002e-05,2.8999999999999997e-05,2.6000000000000002e-05,2.8000000000000003e-05,5595.0,4598880
dash,2015-10-03,2.22,2.23,2.14,2.17,50128.0,12958700
dogecoin,2015-10-03,0.000122,0.000123,0.00011999999999999999,0.000121,20425.0,12376800
ethereum,2015-10-03,0.678783,0.709204,0.6754819999999999,0.687171,163326.0,49981900.0
litecoin,2015-10-03,3.0,3.04,2.99,3.03,1051760.0,127593000
monero,2015-10-03,0.409377,0.41607299999999997,0.404727,0.40992799999999996,15752.0,3902290
nem,2015-10-03,0.000149,0.00015,0.000117,0.000127,5007.0,1338390
ripple,2015-10-03,0.005855,0.005902,0.005514,0.005517,395715.0,190222000
siacoin,2015-10-03,2.8000000000000003e-05,3.1e-05,2.6000000000000002e-05,2.6000000000000002e-05,231.0,152497.0
stellar,2015-10-03,0.002076,0.002124,0.002001,0.002013,1917.0,10042700
verge,2015-10-03,1.4999999999999999e-05,1.6e-05,1.4000000000000001e-05,1.6e-05,227.0,137394
bitcoin,2015-10-04,238.53,238.97,237.94,238.26,12999000.0,3502460000
bitshares,2015-10-04,0.005345,0.0053939999999999995,0.005175,0.005202,69580.0,13425600
bytecoin-bcn,2015-10-04,2.8000000000000003e-05,2.9999999999999997e-05,2.8000000000000003e-05,2.8000000000000003e-05,10310.0,4951690
dash,2015-10-04,2.17,2.18,2.13,2.17,41353.0,12688900
dogecoin,2015-10-04,0.000121,0.000122,0.000118,0.000118,35274.0,12282800
ethereum,2015-10-04,0.686343,0.693126,0.660716,0.668379,103497.0,50556000.0
litecoin,2015-10-04,3.03,3.06,3.0,3.01,982441.0,129094000
monero,2015-10-04,0.40975,0.41079499999999997,0.39925900000000003,0.400312,7905.0,3910740
nem,2015-10-04,0.000127,0.00013000000000000002,0.000113,0.000122,1783.0,1140040
ripple,2015-10-04,0.005515,0.005515,0.005236,0.005236,355762.0,179170000
siacoin,2015-10-04,2.6000000000000002e-05,3.1e-05,2.6000000000000002e-05,2.8999999999999997e-05,291.0,140690.0
stellar,2015-10-04,0.0020559999999999997,0.002074,0.002002,0.0020510000000000003,945.0,9943910
verge,2015-10-04,1.7e-05,1.7e-05,1.4000000000000001e-05,1.7e-05,195.0,151549
bitcoin,2015-10-05,238.15,240.38,237.03,240.38,23335900.0,3497740000
bitshares,2015-10-05,0.005224,0.005275,0.004876,0.005039,191967.0,13122400
bytecoin-bcn,2015-10-05,2.8000000000000003e-05,2.9999999999999997e-05,2.5e-05,2.6000000000000002e-05,12019.0,4920890
dash,2015-10-05,2.17,2.43,2.16,2.34,74426.0,12716700
dogecoin,2015-10-05,0.000118,0.00011899999999999999,0.000117,0.000117,38899.0,11994300
ethereum,2015-10-05,0.666784,0.674438,0.62445,0.6286430000000001,234263.0,49131600.0
litecoin,2015-10-05,3.02,3.03,2.99,3.02,1277060.0,128635000
monero,2015-10-05,0.40023200000000003,0.428543,0.382255,0.41615100000000005,17443.0,3824600
nem,2015-10-05,0.000122,0.000124,0.00011499999999999999,0.00011899999999999999,1640.0,1098070
ripple,2015-10-05,0.0052369999999999995,0.0052369999999999995,0.005007999999999999,0.005007999999999999,623667.0,170152000
siacoin,2015-10-05,2.8999999999999997e-05,3.1e-05,2.6000000000000002e-05,2.8999999999999997e-05,1177.0,153354.0
stellar,2015-10-05,0.0020510000000000003,0.0020510000000000003,0.0019879999999999997,0.001989,862.0,9923840
verge,2015-10-05,1.7e-05,1.7e-05,1.4000000000000001e-05,1.4999999999999999e-05,126.0,152795
bitcoin,2015-10-06,240.36,246.94,240.14,246.06,27535100.0,3531230000
bitshares,2015-10-06,0.005019,0.005321,0.004815,0.005019,161532.0,12608600
bytecoin-bcn,2015-10-06,2.6000000000000002e-05,2.8000000000000003e-05,2.5e-05,2.6000000000000002e-05,9217.0,4506830
dash,2015-10-06,2.34,2.39,2.32,2.39,23826.0,13696700
dogecoin,2015-10-06,0.000118,0.000123,0.000117,0.000121,41814.0,11969500
ethereum,2015-10-06,0.622218,0.653944,0.60623,0.650645,262674.0,45863300.0
litecoin,2015-10-06,3.02,3.16,3.01,3.15,1972700.0,128642000
monero,2015-10-06,0.415127,0.42689799999999994,0.40763,0.41137799999999997,13031.0,3971950
nem,2015-10-06,0.00011899999999999999,0.000125,0.000109,0.000123,1030.0,1070640
ripple,2015-10-06,0.005009,0.005336,0.004991,0.005328,349154.0,162721000
siacoin,2015-10-06,2.8999999999999997e-05,2.9999999999999997e-05,2.5e-05,2.7000000000000002e-05,1968.0,154968.0
stellar,2015-10-06,0.002023,0.002124,0.001999,0.002077,2190.0,9785390
verge,2015-10-06,1.4999999999999999e-05,1.6e-05,1.2e-05,1.2e-05,4027.0,133192
bitcoin,2015-10-07,246.17,246.68,242.59,242.97,22999200.0,3617400000
bitshares,2015-10-07,0.004991,0.005247,0.004991,0.005056000000000001,95864.0,12536400
bytecoin-bcn,2015-10-07,2.6000000000000002e-05,2.7000000000000002e-05,2.5e-05,2.6000000000000002e-05,9391.0,4607520
dash,2015-10-07,2.39,2.45,2.39,2.4,40949.0,14025500
dogecoin,2015-10-07,0.000122,0.000123,0.00011899999999999999,0.000121,43911.0,12320700
ethereum,2015-10-07,0.650515,0.656301,0.6024229999999999,0.609388,218327.0,47964700.0
litecoin,2015-10-07,3.15,3.16,3.06,3.06,1695270.0,134176000
monero,2015-10-07,0.410812,0.417501,0.39251199999999997,0.39318600000000004,19953.0,3935680
nem,2015-10-07,0.000123,0.00013700000000000002,0.000118,0.000136,1230.0,1111120
ripple,2015-10-07,0.005328,0.005477,0.005327,0.005375,373080.0,173088000
siacoin,2015-10-07,2.7000000000000002e-05,3.2e-05,2.4e-05,2.7000000000000002e-05,5158.0,146725.0
stellar,2015-10-07,0.002077,0.002133,0.002069,0.002075,1570.0,10048600
verge,2015-10-07,1.2e-05,1.4999999999999999e-05,1.2e-05,1.2e-05,914.0,112988
bitcoin,2015-10-08,243.07,244.25,242.18,242.3,18515300.0,3572730000
bitshares,2015-10-08,0.005083,0.005282,0.005065,0.005162,81439.0,12767300
bytecoin-bcn,2015-10-08,2.6000000000000002e-05,2.6000000000000002e-05,2.5e-05,2.5e-05,10192.0,4511170
dash,2015-10-08,2.4,2.43,2.35,2.38,39245.0,14109600
dogecoin,2015-10-08,0.000121,0.000121,0.000118,0.00011899999999999999,30848.0,12241600
ethereum,2015-10-08,0.6095010000000001,0.633138,0.591971,0.6217159999999999,310266.0,44955900.0
litecoin,2015-10-08,3.06,3.08,3.05,3.06,1137940.0,130487000
monero,2015-10-08,0.39337,0.41067700000000007,0.387575,0.387872,28191.0,3773330
nem,2015-10-08,0.000136,0.000136,0.00010700000000000001,0.000118,3949.0,1223560
ripple,2015-10-08,0.005375,0.005375,0.005031,0.005031,665310.0,174634000
siacoin,2015-10-08,2.7000000000000002e-05,4.4e-05,2.4e-05,3.1e-05,16285.0,146962.0
stellar,2015-10-08,0.002076,0.002101,0.001984,0.001996,3520.0,10041900
verge,2015-10-08,1.2e-05,1.4999999999999999e-05,1.2e-05,1.2e-05,134.0,111384
bitcoin,2015-10-09,242.5,244.23,242.12,243.93,17353100.0,3565090000
bitshares,2015-10-09,0.005144,0.0058189999999999995,0.005111,0.00581,207826.0,12921600
bytecoin-bcn,2015-10-09,2.5e-05,2.6000000000000002e-05,2.5e-05,2.6000000000000002e-05,8160.0,4447440
dash,2015-10-09,2.37,2.41,2.32,2.36,28997.0,13918300
dogecoin,2015-10-09,0.00011899999999999999,0.00011999999999999999,0.000118,0.00011899999999999999,33259.0,12062700
ethereum,2015-10-09,0.655084,0.692296,0.632116,0.650628,386420.0,48334900.0
litecoin,2015-10-09,3.07,3.11,3.06,3.11,978079.0,130862000
monero,2015-10-09,0.389521,0.40060999999999997,0.379771,0.397329,20221.0,3741360
nem,2015-10-09,0.000118,0.00011899999999999999,0.00010800000000000001,0.000117,1174.0,1063210
ripple,2015-10-09,0.005032,0.005035,0.004857,0.004983,851326.0,163468000
siacoin,2015-10-09,3.2e-05,3.4e-05,2.7000000000000002e-05,3.2e-05,2332.0,178833.0
stellar,2015-10-09,0.001996,0.002154,0.001959,0.002121,2854.0,9654350
verge,2015-10-09,1.2e-05,1.4999999999999999e-05,1.2e-05,1.2e-05,89.0,111349
bitcoin,2015-10-10,243.74,245.32,243.07,244.94,15912700.0,3584120000
bitshares,2015-10-10,0.005803,0.005894,0.005549,0.005732,253490.0,14576700
bytecoin-bcn,2015-10-10,2.6000000000000002e-05,2.7000000000000002e-05,2.6000000000000002e-05,2.7000000000000002e-05,6967.0,4607600
dash,2015-10-10,2.36,2.43,2.33,2.43,18355.0,13871000
dogecoin,2015-10-10,0.00011899999999999999,0.000121,0.000117,0.00011899999999999999,26432.0,12046800
ethereum,2015-10-10,0.641187,0.649022,0.624374,0.627857,141555.0,47325200.0
litecoin,2015-10-10,3.11,3.14,3.09,3.11,1000850.0,132747000
monero,2015-10-10,0.394552,0.394552,0.384232,0.387789,12722.0,3794300
nem,2015-10-10,0.000117,0.000118,0.00011100000000000001,0.00011200000000000001,352.0,1052710
ripple,2015-10-10,0.004983,0.005116,0.0049700000000000005,0.005037,163088.0,161887000
siacoin,2015-10-10,3.2e-05,3.4e-05,2.7000000000000002e-05,2.8999999999999997e-05,2193.0,182422.0
stellar,2015-10-10,0.002098,0.002157,0.002043,0.002084,2475.0,10146500
verge,2015-10-10,1.2e-05,1.4999999999999999e-05,1.2e-05,1.4000000000000001e-05,72.0,111894
bitcoin,2015-10-11,244.74,247.24,244.15,247.05,16827300.0,3599840000
bitshares,2015-10-11,0.005711,0.006092,0.005675,0.005925,227001.0,14345300
bytecoin-bcn,2015-10-11,2.7000000000000002e-05,2.8999999999999997e-05,2.6000000000000002e-05,2.8000000000000003e-05,9177.0,4761160
dash,2015-10-11,2.43,2.43,2.32,2.39,20054.0,14270800
dogecoin,2015-10-11,0.00011899999999999999,0.000121,0.000118,0.00011999999999999999,16695.0,12008700
ethereum,2015-10-11,0.6274609999999999,0.639506,0.6183350000000001,0.634963,102128.0,46327500.0
litecoin,2015-10-11,3.11,3.15,3.08,3.15,1222700.0,132636000
monero,2015-10-11,0.387736,0.39602,0.37698000000000004,0.38072399999999995,33411.0,3733480
nem,2015-10-11,0.00011200000000000001,0.000117,0.00010400000000000001,0.000109,1191.0,1009060
ripple,2015-10-11,0.005038,0.005183,0.005011,0.005182,134555.0,163660000
siacoin,2015-10-11,2.8999999999999997e-05,3.5e-05,2.8999999999999997e-05,3.5e-05,5577.0,170595.0
stellar,2015-10-11,0.002084,0.002124,0.002064,0.0021100000000000003,1112.0,10078900
verge,2015-10-11,1.4000000000000001e-05,1.4999999999999999e-05,1.2e-05,1.4000000000000001e-05,22.0,124992
bitcoin,2015-10-12,246.88,247.45,245.18,245.31,17388300.0,3632110000
bitshares,2015-10-12,0.005935,0.00624,0.005761,0.006097999999999999,324669.0,14909400
bytecoin-bcn,2015-10-12,2.8000000000000003e-05,2.8999999999999997e-05,2.8000000000000003e-05,2.8000000000000003e-05,8788.0,5013860
dash,2015-10-12,2.37,2.39,2.29,2.34,22087.0,13966900
dogecoin,2015-10-12,0.00011999999999999999,0.000121,0.000118,0.00011899999999999999,27647.0,12203500
ethereum,2015-10-12,0.6345149999999999,0.6577890000000001,0.62603,0.62603,109567.0,46864200.0
litecoin,2015-10-12,3.15,3.17,3.13,3.14,1252010.0,134401000
monero,2015-10-12,0.38035,0.402801,0.379191,0.39531700000000003,17245.0,3666600
nem,2015-10-12,0.000109,0.000123,0.00010800000000000001,0.000117,331.0,977202
ripple,2015-10-12,0.005181,0.005265,0.005174,0.00526,123326.0,168331000
siacoin,2015-10-12,3.5e-05,3.9e-05,3.2e-05,3.7e-05,2045.0,201014.0
stellar,2015-10-12,0.002109,0.002112,0.002031,0.002031,3608.0,10204100
verge,2015-10-12,1.4000000000000001e-05,1.4999999999999999e-05,1.2e-05,1.4000000000000001e-05,32.0,130892
bitcoin,2015-10-13,245.2,250.24,243.76,249.51,28198500.0,3608340000
bitshares,2015-10-13,0.006144,0.006144,0.005129,0.005783,568450.0,15434400
bytecoin-bcn,2015-10-13,2.8000000000000003e-05,2.8999999999999997e-05,2.7000000000000002e-05,2.8000000000000003e-05,2820.0,5023050
dash,2015-10-13,2.34,2.38,2.28,2.35,33118.0,13762200
dogecoin,2015-10-13,0.00011899999999999999,0.000122,0.000117,0.000121,32336.0,12058400
ethereum,2015-10-13,0.627943,0.6302399999999999,0.599214,0.6076550000000001,303044.0,46395200.0
litecoin,2015-10-13,3.14,3.19,3.11,3.18,1605970.0,134022000
monero,2015-10-13,0.39651,0.39651,0.382108,0.388015,20881.0,3827290
nem,2015-10-13,0.000117,0.000124,0.00011100000000000001,0.00011899999999999999,1360.0,1054990
ripple,2015-10-13,0.005261999999999999,0.005386,0.005246,0.005377000000000001,355659.0,174462000
siacoin,2015-10-13,3.7e-05,4.2e-05,3.2e-05,4e-05,5072.0,214138.0
stellar,2015-10-13,0.002031,0.002104,0.00203,0.002101,980.0,9826610
verge,2015-10-13,1.2e-05,1.4999999999999999e-05,1.2e-05,1.2e-05,53.0,112600
bitcoin,2015-10-14,249.49,254.28,248.9,251.99,27462600.0,3672370000
bitshares,2015-10-14,0.005785,0.005822,0.0044329999999999994,0.004715,422453.0,14531500
bytecoin-bcn,2015-10-14,2.8000000000000003e-05,2.9999999999999997e-05,2.8000000000000003e-05,2.8999999999999997e-05,3160.0,4936350
dash,2015-10-14,2.36,2.4,2.32,2.32,53349.0,13900100
dogecoin,2015-10-14,0.000121,0.000122,0.00011899999999999999,0.00011999999999999999,41263.0,12280700
ethereum,2015-10-14,0.61224,0.61224,0.48397399999999996,0.522968,971664.0,45250600.0
litecoin,2015-10-14,3.18,3.2,3.1,3.14,1781770.0,135880000
monero,2015-10-14,0.38855100000000004,0.396034,0.382399,0.384266,20717.0,3755190
nem,2015-10-14,0.00011899999999999999,0.00013000000000000002,0.00011399999999999999,0.00011599999999999999,1192.0,1068520
ripple,2015-10-14,0.005379,0.005464,0.005376,0.005418,338407.0,178339000
siacoin,2015-10-14,4e-05,4.1e-05,3.5e-05,3.5e-05,2738.0,232692.0
stellar,2015-10-14,0.002101,0.002212,0.0018739999999999998,0.0019149999999999998,4159.0,10164000
verge,2015-10-14,1.3000000000000001e-05,1.4999999999999999e-05,1.2e-05,1.3000000000000001e-05,575.0,116434
bitcoin,2015-10-15,252.11,255.96,252.05,254.32,25223500.0,3711800000
bitshares,2015-10-15,0.00483,0.004911,0.004158,0.004659,363283.0,12133800
bytecoin-bcn,2015-10-15,2.8999999999999997e-05,2.9999999999999997e-05,2.8000000000000003e-05,2.9999999999999997e-05,11805.0,5166010
dash,2015-10-15,2.31,2.36,2.21,2.25,80585.0,13640200
dogecoin,2015-10-15,0.00011999999999999999,0.000121,0.00011899999999999999,0.00011999999999999999,28640.0,12215200
ethereum,2015-10-15,0.523278,0.5727140000000001,0.51473,0.561878,371022.0,38688300.0
litecoin,2015-10-15,3.15,3.16,3.1,3.1,1428290.0,134577000
monero,2015-10-15,0.383465,0.40324899999999997,0.382849,0.390841,26749.0,3710570
nem,2015-10-15,0.00011499999999999999,0.000128,0.00011,0.000113,2831.0,1039470
ripple,2015-10-15,0.005424,0.005468,0.00539,0.005399,440929.0,179833000
siacoin,2015-10-15,3.5e-05,4.1e-05,3.3e-05,3.8e-05,4216.0,206154.0
stellar,2015-10-15,0.001911,0.002084,0.001744,0.001934,14152.0,9243900
verge,2015-10-15,1.3000000000000001e-05,1.4999999999999999e-05,1.3000000000000001e-05,1.3000000000000001e-05,152.0,115756
bitcoin,2015-10-16,254.3,266.13,253.93,262.87,35901500.0,3745090000
bitshares,2015-10-16,0.004675,0.004777,0.004303,0.004340999999999999,188575.0,11744600
bytecoin-bcn,2015-10-16,2.8999999999999997e-05,2.9999999999999997e-05,2.8000000000000003e-05,2.8999999999999997e-05,14353.0,5176780
dash,2015-10-16,2.25,2.39,2.24,2.34,40319.0,13268900
dogecoin,2015-10-16,0.00011999999999999999,0.000122,0.000117,0.000121,54066.0,12139100
ethereum,2015-10-16,0.562593,0.568861,0.522533,0.5364949999999999,249891.0,41608900.0
litecoin,2015-10-16,3.11,3.14,3.09,3.11,1472800.0,132855000
monero,2015-10-16,0.393517,0.41184,0.37964200000000003,0.41151099999999996,35622.0,3812460
nem,2015-10-16,0.000113,0.000122,0.00011100000000000001,0.000117,1009.0,1014130
ripple,2015-10-16,0.005392,0.005441,0.005376,0.005398,342598.0,178793000
siacoin,2015-10-16,3.8e-05,5e-05,3.6e-05,4.5e-05,6601.0,223085.0
stellar,2015-10-16,0.0019370000000000001,0.002052,0.0018960000000000001,0.001936,1630.0,9372090
verge,2015-10-16,1.3000000000000001e-05,1.6e-05,1.3000000000000001e-05,1.3000000000000001e-05,61.0,118130
bitcoin,2015-10-17,262.75,273.58,262.37,270.64,43199600.0,3870490000
bitshares,2015-10-17,0.004389,0.004389,0.003783,0.004044,364592.0,11024500
bytecoin-bcn,2015-10-17,2.8000000000000003e-05,3.1e-05,2.8000000000000003e-05,3.1e-05,11627.0,5025020
dash,2015-10-17,2.34,2.47,2.33,2.43,36100.0,13814100
dogecoin,2015-10-17,0.000121,0.000125,0.00011899999999999999,0.000121,72474.0,12268900
ethereum,2015-10-17,0.534117,0.5634600000000001,0.526961,0.5471779999999999,313860.0,39515900.0
litecoin,2015-10-17,3.11,3.16,3.04,3.07,2454780.0,133010000
monero,2015-10-17,0.4123,0.43635799999999997,0.410916,0.426942,25424.0,3999330
nem,2015-10-17,0.000117,0.000125,0.000106,0.000124,3306.0,1051960
ripple,2015-10-17,0.0054,0.005429,0.005174,0.005203,394980.0,179047000
siacoin,2015-10-17,4.5e-05,4.7e-05,4e-05,4.3e-05,2195.0,261719.0
stellar,2015-10-17,0.001935,0.0020050000000000003,0.001871,0.001986,3972.0,9362220
verge,2015-10-17,1.3000000000000001e-05,1.6e-05,1.1e-05,1.4000000000000001e-05,968.0,120680
bitcoin,2015-10-18,270.91,271.67,260.78,261.64,22434300.0,3991620000
bitshares,2015-10-18,0.004055,0.004379999999999999,0.004011,0.004249,185361.0,10186000
bytecoin-bcn,2015-10-18,3.1e-05,3.1e-05,2.8000000000000003e-05,2.9999999999999997e-05,13473.0,5454530
dash,2015-10-18,2.44,2.45,2.33,2.37,21270.0,14424600
dogecoin,2015-10-18,0.000121,0.000124,0.000118,0.00011899999999999999,52392.0,12281900
ethereum,2015-10-18,0.547913,0.552234,0.512861,0.517734,133690.0,40550400.0
litecoin,2015-10-18,3.07,3.08,3.0,3.02,1217780.0,131467000
monero,2015-10-18,0.426104,0.427756,0.406558,0.409797,10726.0,4138260
nem,2015-10-18,0.000124,0.000129,0.00011999999999999999,0.000124,319.0,1112660
ripple,2015-10-18,0.0051990000000000005,0.0052,0.004967,0.004979,242340.0,172364000
siacoin,2015-10-18,4.3e-05,5.6999999999999996e-05,4.3e-05,5e-05,10571.0,254617.0
stellar,2015-10-18,0.0019850000000000002,0.00199,0.001894,0.001972,1999.0,9600850
verge,2015-10-18,1.4000000000000001e-05,1.6e-05,1.2e-05,1.3000000000000001e-05,435.0,124356
bitcoin,2015-10-19,261.86,264.82,260.95,263.44,25258800.0,3859270000
bitshares,2015-10-19,0.004248,0.004445,0.004125,0.004249,146562.0,10671900
bytecoin-bcn,2015-10-19,2.9999999999999997e-05,2.9999999999999997e-05,2.8000000000000003e-05,2.9999999999999997e-05,8382.0,5307390
dash,2015-10-19,2.37,2.39,2.33,2.34,39396.0,14014900
dogecoin,2015-10-19,0.00011899999999999999,0.000121,0.000118,0.00011899999999999999,37584.0,12062600
ethereum,2015-10-19,0.517621,0.521546,0.480994,0.48901400000000006,243742.0,38321300.0
litecoin,2015-10-19,3.03,3.05,3.01,3.05,1239570.0,129649000
monero,2015-10-19,0.409815,0.414749,0.38350100000000004,0.403212,30649.0,3985030
nem,2015-10-19,0.000124,0.000126,0.00010800000000000001,0.00010800000000000001,946.0,1115230
ripple,2015-10-19,0.0049759999999999995,0.005083,0.0049759999999999995,0.005043,300024.0,164976000
siacoin,2015-10-19,5e-05,5.5e-05,4.2e-05,5e-05,6603.0,292957.0
stellar,2015-10-19,0.001972,0.002006,0.0019210000000000002,0.0019329999999999998,1912.0,9537770
verge,2015-10-19,1.3000000000000001e-05,1.6e-05,1.3000000000000001e-05,1.4000000000000001e-05,317.0,119880
bitcoin,2015-10-20,263.57,270.83,263.23,269.46,30889800.0,3885570000
bitshares,2015-10-20,0.004248,0.004439,0.004169,0.004324000000000001,113923.0,10671000
bytecoin-bcn,2015-10-20,2.9999999999999997e-05,3.1e-05,2.8999999999999997e-05,2.9999999999999997e-05,13624.0,5305640
dash,2015-10-20,2.34,2.44,2.34,2.41,46076.0,13844300
dogecoin,2015-10-20,0.00011899999999999999,0.00011999999999999999,0.000118,0.000118,24463.0,12048200
ethereum,2015-10-20,0.489629,0.501898,0.431648,0.434829,383921.0,36261200.0
litecoin,2015-10-20,3.05,3.09,3.05,3.09,1163340.0,130633000
monero,2015-10-20,0.397011,0.400255,0.376777,0.399646,36344.0,3865110
nem,2015-10-20,0.00010800000000000001,0.000124,0.00010800000000000001,0.000117,717.0,974502
ripple,2015-10-20,0.0050420000000000005,0.0050479999999999995,0.00473,0.004731,420949.0,167182000
siacoin,2015-10-20,5e-05,5.3e-05,3.8e-05,4e-05,5017.0,295474.0
stellar,2015-10-20,0.001941,0.001977,0.0018210000000000001,0.00187,3159.0,9389160
verge,2015-10-20,1.4000000000000001e-05,1.6e-05,1.1e-05,1.1e-05,97.0,126128
bitcoin,2015-10-21,269.31,270.77,263.84,266.27,25637300.0,3970980000
bitshares,2015-10-21,0.004324000000000001,0.00435,0.0038909999999999995,0.0038950000000000005,125491.0,10860700
bytecoin-bcn,2015-10-21,2.9999999999999997e-05,2.9999999999999997e-05,2.7000000000000002e-05,2.9999999999999997e-05,11107.0,5290900
dash,2015-10-21,2.4,2.44,2.27,2.28,54704.0,14185500
dogecoin,2015-10-21,0.00011899999999999999,0.00011999999999999999,0.00011599999999999999,0.000117,36885.0,12072600
ethereum,2015-10-21,0.43158900000000006,0.48298800000000003,0.420897,0.447329,609085.0,31973600.0
litecoin,2015-10-21,3.09,3.12,3.06,3.08,988482.0,132427000
monero,2015-10-21,0.40086900000000003,0.40086900000000003,0.38195999999999997,0.394597,21249.0,3907320
nem,2015-10-21,0.000117,0.000118,0.00011100000000000001,0.000117,95.0,1052530
ripple,2015-10-21,0.004739,0.004745,0.004636,0.004697,243503.0,157120000
siacoin,2015-10-21,4e-05,5.1e-05,4e-05,4.5e-05,3715.0,239495.0
stellar,2015-10-21,0.00187,0.00198,0.0018510000000000002,0.001975,3541.0,9047940
verge,2015-10-21,1.1e-05,1.4999999999999999e-05,1.1e-05,1.3000000000000001e-05,1404.0,102347
bitcoin,2015-10-22,266.5,276.51,266.13,274.02,37808600.0,3930500000
bitshares,2015-10-22,0.003932,0.004141,0.003556,0.0038090000000000003,183665.0,9876400
bytecoin-bcn,2015-10-22,2.9999999999999997e-05,3.1e-05,2.8999999999999997e-05,3.1e-05,10756.0,5321480
dash,2015-10-22,2.28,2.43,2.25,2.41,77999.0,13485100
dogecoin,2015-10-22,0.000117,0.00011999999999999999,0.00011599999999999999,0.000118,45874.0,11836700
ethereum,2015-10-22,0.444988,0.619466,0.420991,0.567702,924822.0,32977300.0
litecoin,2015-10-22,3.08,3.14,3.07,3.11,1215290.0,131935000
monero,2015-10-22,0.394789,0.403582,0.384388,0.40323600000000004,14927.0,3852920
nem,2015-10-22,0.000117,0.000123,0.000117,0.000118,280.0,1055670
ripple,2015-10-22,0.004696,0.004726,0.004671,0.004723,305170.0,155708000
siacoin,2015-10-22,4.5e-05,5e-05,4.1e-05,4.1e-05,4443.0,270394.0
stellar,2015-10-22,0.0019760000000000003,0.002036,0.0019140000000000001,0.001957,2145.0,9556880
verge,2015-10-22,1.3000000000000001e-05,1.4999999999999999e-05,1.2e-05,1.4999999999999999e-05,630.0,116156
bitcoin,2015-10-23,273.65,278.68,273.54,276.5,29442500.0,4037010000
bitshares,2015-10-23,0.003803,0.004081,0.003639,0.003693,97874.0,9552000
bytecoin-bcn,2015-10-23,3.1e-05,3.2e-05,2.9999999999999997e-05,3.1e-05,8719.0,5475910
dash,2015-10-23,2.41,2.44,2.28,2.33,74068.0,14270300
dogecoin,2015-10-23,0.000117,0.000118,0.000113,0.00011499999999999999,56807.0,11900200
ethereum,2015-10-23,0.5663699999999999,0.611743,0.5042840000000001,0.5396569999999999,878822.0,41986400.0
litecoin,2015-10-23,3.12,3.13,3.09,3.11,1196600.0,133677000
monero,2015-10-23,0.403452,0.405415,0.390979,0.393922,23478.0,3942040
nem,2015-10-23,0.000118,0.000125,0.00011399999999999999,0.00011899999999999999,785.0,1062290
ripple,2015-10-23,0.004726,0.0047729999999999995,0.004671,0.004677000000000001,296217.0,156682000
siacoin,2015-10-23,4.1e-05,4.4e-05,3.6e-05,4.1e-05,3184.0,247520.0
stellar,2015-10-23,0.0019579999999999997,0.002017,0.001927,0.001956,3234.0,9473480
verge,2015-10-23,1.4999999999999999e-05,2.5e-05,1.1e-05,1.4000000000000001e-05,2139.0,140805
bitcoin,2015-10-24,276.5,281.71,276.5,281.65,25942400.0,4080140000
bitshares,2015-10-24,0.003655,0.003968,0.003639,0.003941,49431.0,9181670
bytecoin-bcn,2015-10-24,3.1e-05,3.3e-05,3.1e-05,3.3e-05,16037.0,5569690
dash,2015-10-24,2.32,2.34,2.16,2.24,69810.0,13762700
dogecoin,2015-10-24,0.00011399999999999999,0.00011599999999999999,0.000113,0.00011399999999999999,32143.0,11618200
ethereum,2015-10-24,0.5396810000000001,0.577396,0.518688,0.5635899999999999,258356.0,40022100.0
litecoin,2015-10-24,3.11,3.12,3.08,3.1,955111.0,133389000
monero,2015-10-24,0.391922,0.398093,0.380405,0.395808,21783.0,3834210
nem,2015-10-24,0.00011899999999999999,0.000123,0.00011499999999999999,0.000123,639.0,1070000
ripple,2015-10-24,0.004676,0.004686999999999999,0.004631000000000001,0.0046619999999999995,189900.0,155028000
siacoin,2015-10-24,4.1e-05,4.2e-05,3.6e-05,3.9e-05,2256.0,252232.0
stellar,2015-10-24,0.001956,0.001997,0.0019210000000000002,0.001923,943.0,9460610
verge,2015-10-24,1.4000000000000001e-05,1.4999999999999999e-05,1.1e-05,1.4000000000000001e-05,331.0,126714
bitcoin,2015-10-25,281.44,294.06,281.44,283.68,45717100.0,4154100000
bitshares,2015-10-25,0.003928,0.004047,0.00371,0.003713,88915.0,9867030
bytecoin-bcn,2015-10-25,3.3e-05,3.4e-05,3.2e-05,3.3e-05,13839.0,5778360
dash,2015-10-25,2.26,2.36,2.17,2.17,53908.0,13388800
dogecoin,2015-10-25,0.00011399999999999999,0.00011899999999999999,0.00011399999999999999,0.00011599999999999999,43290.0,11594100
ethereum,2015-10-25,0.563207,0.688192,0.561383,0.616039,635384.0,41781300.0
litecoin,2015-10-25,3.11,3.14,3.07,3.07,1656730.0,133308000
monero,2015-10-25,0.39566,0.424338,0.385677,0.407067,28219.0,3875360
nem,2015-10-25,0.000123,0.000132,0.000118,0.00011899999999999999,1356.0,1105300
ripple,2015-10-25,0.0046619999999999995,0.004737,0.004555,0.004556,287103.0,154561000
siacoin,2015-10-25,3.9e-05,4.4e-05,3.4e-05,3.4e-05,4755.0,243963.0
stellar,2015-10-25,0.001925,0.00207,0.0018780000000000001,0.0018859999999999999,7266.0,9311910
verge,2015-10-25,1.4000000000000001e-05,1.4999999999999999e-05,1.3000000000000001e-05,1.4000000000000001e-05,271.0,129306
bitcoin,2015-10-26,283.63,285.3,280.51,285.3,32108800.0,4187410000
bitshares,2015-10-26,0.00372,0.003848,0.003564,0.003628,93932.0,9343390
bytecoin-bcn,2015-10-26,3.3e-05,3.8e-05,3.3e-05,3.5e-05,11946.0,5878810
dash,2015-10-26,2.18,2.24,2.12,2.24,40748.0,12895600
dogecoin,2015-10-26,0.00011599999999999999,0.000117,0.00011399999999999999,0.00011599999999999999,24937.0,11729200
ethereum,2015-10-26,0.619743,0.757517,0.5970979999999999,0.731317,1089120.0,45991300.0
litecoin,2015-10-26,3.07,3.11,3.07,3.1,1119820.0,131697000
monero,2015-10-26,0.407862,0.409649,0.377313,0.38795999999999997,20914.0,3999670
nem,2015-10-26,0.00011899999999999999,0.00011999999999999999,0.00011200000000000001,0.00011399999999999999,550.0,1071830
ripple,2015-10-26,0.00456,0.004675,0.004554,0.004675,427011.0,151203000
siacoin,2015-10-26,3.4e-05,4e-05,3.4e-05,3.4e-05,2389.0,213245.0
stellar,2015-10-26,0.001889,0.001947,0.001782,0.00186,11446.0,9136700
verge,2015-10-26,1.4000000000000001e-05,1.4000000000000001e-05,1.1e-05,1.1e-05,169.0,128455
bitcoin,2015-10-27,285.18,296.21,285.01,293.79,46331800.0,4211500000
bitshares,2015-10-27,0.003664,0.004062,0.003588,0.003988,98551.0,9204950
bytecoin-bcn,2015-10-27,3.4e-05,3.7e-05,3.4e-05,3.6e-05,11184.0,6074910
dash,2015-10-27,2.24,2.29,2.04,2.1,112810.0,13267200
dogecoin,2015-10-27,0.00011599999999999999,0.000121,0.00011499999999999999,0.000118,51753.0,11778300
ethereum,2015-10-27,0.7088899999999999,0.898172,0.7088899999999999,0.869641,1846370.0,52624300.0
litecoin,2015-10-27,3.11,3.11,3.08,3.09,1102490.0,133280000
monero,2015-10-27,0.390942,0.412288,0.38361300000000004,0.409574,23061.0,3838270
nem,2015-10-27,0.00011399999999999999,0.000122,0.000113,0.000117,483.0,1021850
ripple,2015-10-27,0.004674,0.004716,0.004628,0.004649,357602.0,154966000
siacoin,2015-10-27,3.4e-05,3.8e-05,3.2e-05,3.5e-05,2826.0,216440.0
stellar,2015-10-27,0.0018399999999999998,0.002088,0.001838,0.001997,3777.0,8898460
verge,2015-10-27,1.1e-05,1.4999999999999999e-05,1.1e-05,1.4000000000000001e-05,454.0,104962
bitcoin,2015-10-28,293.7,306.33,293.7,304.62,50808100.0,4338430000
bitshares,2015-10-28,0.0040409999999999995,0.004371,0.003989,0.0041659999999999996,148250.0,10149700
bytecoin-bcn,2015-10-28,3.5e-05,3.7e-05,3.5e-05,3.6e-05,7932.0,6266610
dash,2015-10-28,2.12,2.22,2.1,2.14,62319.0,12593200
dogecoin,2015-10-28,0.000118,0.000128,0.000117,0.000126,113919.0,11984500
ethereum,2015-10-28,0.8709379999999999,1.06,0.8078569999999999,1.0,2373050.0,64676600.0
litecoin,2015-10-28,3.1,3.11,3.09,3.1,1433200.0,132998000
monero,2015-10-28,0.41076999999999997,0.44925699999999996,0.401033,0.448829,41102.0,4037860
nem,2015-10-28,0.000117,0.000122,0.00011100000000000001,0.00011999999999999999,833.0,1054810
ripple,2015-10-28,0.004647999999999999,0.004688,0.004621,0.004675,350369.0,154122000
siacoin,2015-10-28,3.5e-05,4.2e-05,3.3e-05,3.7e-05,3036.0,224698.0
stellar,2015-10-28,0.001997,0.002102,0.001973,0.00202,6781.0,9659330
verge,2015-10-28,1.4000000000000001e-05,1.7e-05,1.3000000000000001e-05,1.6e-05,49.0,127990
bitcoin,2015-10-29,304.32,318.17,301.82,313.86,64495900.0,4496390000
bitshares,2015-10-29,0.004193,0.004234,0.00399,0.0041979999999999995,145733.0,10532400
bytecoin-bcn,2015-10-29,3.5e-05,3.7e-05,3.5e-05,3.6e-05,8419.0,6240940
dash,2015-10-29,2.11,2.42,2.09,2.39,109579.0,12549700
dogecoin,2015-10-29,0.000126,0.00014099999999999998,0.000124,0.00014099999999999998,194644.0,12782900
ethereum,2015-10-29,1.01,1.21,0.9473739999999999,1.21,2279240.0,74675600.0
litecoin,2015-10-29,3.1,3.93,3.06,3.78,11455900.0,133179000
monero,2015-10-29,0.44741099999999995,0.461054,0.42197299999999993,0.447103,45553.0,4403050
nem,2015-10-29,0.00011999999999999999,0.00014199999999999998,0.000117,0.00014,1930.0,1080480
ripple,2015-10-29,0.0046700000000000005,0.004727,0.004634,0.004634,550253.0,154854000
siacoin,2015-10-29,3.7e-05,4.1e-05,3.6e-05,3.8e-05,974.0,233720.0
stellar,2015-10-29,0.0020469999999999998,0.0021030000000000003,0.001998,0.002069,8212.0,9904200
verge,2015-10-29,1.6e-05,1.7e-05,1.2e-05,1.2e-05,50.0,150350
bitcoin,2015-10-30,313.94,334.17,313.94,328.01,78305000.0,4639690000
bitshares,2015-10-30,0.004209,0.0046630000000000005,0.0041990000000000005,0.004577,237601.0,10572900
bytecoin-bcn,2015-10-30,3.6e-05,3.8e-05,3.4e-05,3.5e-05,5584.0,6316330
dash,2015-10-30,2.41,2.73,2.37,2.54,118931.0,14289400
dogecoin,2015-10-30,0.00014099999999999998,0.000166,0.000139,0.000151,482992.0,14351100
ethereum,2015-10-30,1.21,1.35,0.96816,1.04,2429200.0,89857400.0
litecoin,2015-10-30,3.77,4.2,3.74,4.06,12206200.0,161824000
monero,2015-10-30,0.447587,0.47609399999999996,0.389679,0.456442,66360.0,4410090
nem,2015-10-30,0.000138,0.00015800000000000002,0.000133,0.00015800000000000002,3174.0,1241460
ripple,2015-10-30,0.004635,0.004882,0.004622,0.004839,997172.0,153682000
siacoin,2015-10-30,3.8e-05,4.1e-05,3.5e-05,3.9e-05,3619.0,241757.0
stellar,2015-10-30,0.00207,0.002288,0.0020570000000000002,0.002184,19613.0,10012600
verge,2015-10-30,1.2e-05,1.6e-05,1.2e-05,1.6e-05,229.0,113785
bitcoin,2015-10-31,328.51,332.78,309.25,314.17,48598100.0,4856410000
bitshares,2015-10-31,0.004621,0.004647,0.004159,0.004222,122552.0,11608600
bytecoin-bcn,2015-10-31,3.5e-05,3.7e-05,3.4e-05,3.4e-05,10817.0,6281160
dash,2015-10-31,2.54,2.63,2.27,2.31,33529.0,15097200
dogecoin,2015-10-31,0.000151,0.000153,0.00013700000000000002,0.00013700000000000002,156306.0,15318300
ethereum,2015-10-31,1.05,1.06,0.9001709999999999,0.9166270000000001,673892.0,77800300.0
litecoin,2015-10-31,4.08,4.12,3.77,3.8,5425140.0,175409000
monero,2015-10-31,0.452474,0.459883,0.397492,0.404538,19924.0,4463440
nem,2015-10-31,0.00015800000000000002,0.00016,0.000134,0.000145,530.0,1419010
ripple,2015-10-31,0.00484,0.004887,0.004633,0.004686999999999999,319312.0,160485000
siacoin,2015-10-31,3.9e-05,4e-05,3.4e-05,3.5e-05,1191.0,253610.0
stellar,2015-10-31,0.002167,0.002315,0.002111,0.00216,17814.0,10481500
verge,2015-10-31,1.6e-05,1.6e-05,1.2e-05,1.3000000000000001e-05,560.0,149651
bitcoin,2015-11-01,315.0,327.47,311.88,325.43,37001100.0,4657890000
bitshares,2015-11-01,0.004222999999999999,0.00436,0.004076,0.0043479999999999994,86421.0,10609100
bytecoin-bcn,2015-11-01,3.4e-05,3.6e-05,3.4e-05,3.6e-05,561.0,6066680
dash,2015-11-01,2.31,2.78,2.26,2.66,79513.0,13720200
dogecoin,2015-11-01,0.00013700000000000002,0.00014199999999999998,0.000136,0.00014099999999999998,65837.0,13933700
ethereum,2015-11-01,0.920847,1.08,0.8990819999999999,1.06,588913.0,68477200.0
litecoin,2015-11-01,3.82,3.99,3.77,3.96,3801480.0,163929000
monero,2015-11-01,0.402422,0.43497399999999997,0.402422,0.423505,27614.0,3974440
nem,2015-11-01,0.000136,0.00016999999999999999,0.000136,0.00015,950.0,1226560
ripple,2015-11-01,0.004685,0.004918,0.0046630000000000005,0.004901,490105.0,155335000
siacoin,2015-11-01,3.5e-05,3.8e-05,3.2e-05,3.6e-05,1080.0,223428.0
stellar,2015-11-01,0.00216,0.0022370000000000003,0.002045,0.002128,10484.0,10450300
verge,2015-11-01,1.3000000000000001e-05,1.6e-05,1.3000000000000001e-05,1.6e-05,29.0,115924
bitcoin,2015-11-02,325.94,365.36,323.21,361.19,101918000.0,4820850000
bitshares,2015-11-02,0.004345,0.0044340000000000004,0.003621,0.003981,295086.0,10914000
bytecoin-bcn,2015-11-02,3.6e-05,4.1e-05,3.5e-05,4e-05,8488.0,6317420
dash,2015-11-02,2.66,2.7,2.43,2.61,88803.0,15832500
dogecoin,2015-11-02,0.00014099999999999998,0.000149,0.000138,0.000147,242538.0,14359800
ethereum,2015-11-02,1.06,1.1,0.9536469999999999,0.9897889999999999,1145200.0,78701400.0
litecoin,2015-11-02,3.98,4.2,3.94,4.16,6302390.0,171197000
monero,2015-11-02,0.4232,0.445866,0.408869,0.44288599999999995,45683.0,4184520
nem,2015-11-02,0.00015,0.000164,0.00014099999999999998,0.000162,419.0,1348540
ripple,2015-11-02,0.004896,0.005182,0.0048920000000000005,0.005156,572974.0,162329000
siacoin,2015-11-02,3.6e-05,3.7e-05,3.3e-05,3.6e-05,1765.0,231952.0
stellar,2015-11-02,0.002127,0.002223,0.002084,0.0021899999999999997,3748.0,10288300
verge,2015-11-02,1.6e-05,1.7e-05,1.3000000000000001e-05,1.4000000000000001e-05,902.0,145350
bitcoin,2015-11-03,361.87,417.9,357.65,403.42,206162000.0,5353680000
bitshares,2015-11-03,0.003953,0.004028,0.002999,0.00379,494207.0,9928900
bytecoin-bcn,2015-11-03,4e-05,4.6e-05,4e-05,4.4e-05,14046.0,7158710
dash,2015-11-03,2.61,2.91,2.54,2.69,138710.0,15537000
dogecoin,2015-11-03,0.000147,0.00016,0.000144,0.000156,479260.0,14975800
ethereum,2015-11-03,0.994568,1.07,0.936615,1.01,1907690.0,74010000.0
litecoin,2015-11-03,4.17,4.8,4.1,4.59,18600100.0,179517000
monero,2015-11-03,0.443038,0.473188,0.418063,0.44270699999999996,71241.0,4385640
nem,2015-11-03,0.00016299999999999998,0.000182,0.000128,0.000172,3720.0,1463990
ripple,2015-11-03,0.0051600000000000005,0.005546,0.005128,0.005383,1030430.0,171089000
siacoin,2015-11-03,3.6e-05,4.3e-05,3.3e-05,3.6e-05,3222.0,234440.0
stellar,2015-11-03,0.002198,0.002402,0.002141,0.002189,21834.0,10633600
verge,2015-11-03,1.4000000000000001e-05,2e-05,1.4000000000000001e-05,1.6e-05,770.0,133084
bitcoin,2015-11-04,403.66,495.56,380.55,411.56,263900000.0,5973510000
bitshares,2015-11-04,0.003805,0.0041270000000000005,0.0034579999999999997,0.0035329999999999997,533856.0,9557430
bytecoin-bcn,2015-11-04,4.4e-05,4.5e-05,3.1e-05,3.4e-05,20372.0,7823440
dash,2015-11-04,2.7,2.85,2.37,2.61,251429.0,16069100
dogecoin,2015-11-04,0.000156,0.000167,0.000145,0.000149,768680.0,15865000
ethereum,2015-11-04,1.01,1.04,0.725665,0.89905,3060340.0,75232400.0
litecoin,2015-11-04,4.58,5.32,4.05,4.23,22553800.0,196995000
monero,2015-11-04,0.446854,0.577542,0.442558,0.505869,81510.0,4428490
nem,2015-11-04,0.000173,0.00018700000000000002,0.00014,0.000151,1613.0,1555110
ripple,2015-11-04,0.0054020000000000006,0.00586,0.004837,0.004947,1354340.0,179109000
siacoin,2015-11-04,3.6e-05,4.4e-05,2.7000000000000002e-05,3.7e-05,6003.0,236847.0
stellar,2015-11-04,0.0021969999999999997,0.0025039999999999997,0.002144,0.00218,52465.0,10627400
verge,2015-11-04,1.6e-05,2.1e-05,1.3000000000000001e-05,1.4000000000000001e-05,1350.0,148666
bitcoin,2015-11-05,408.08,447.56,374.58,386.35,151825000.0,6040410000
bitshares,2015-11-05,0.003557,0.003768,0.002993,0.0031850000000000003,224241.0,8935600
bytecoin-bcn,2015-11-05,3.3e-05,3.7e-05,2.9999999999999997e-05,3.1e-05,9513.0,5901970
dash,2015-11-05,2.61,2.82,2.25,2.53,131813.0,15540600
dogecoin,2015-11-05,0.000149,0.000152,0.000139,0.000146,229438.0,15169500
ethereum,2015-11-05,0.900699,0.991259,0.860382,0.8956370000000001,1179840.0,67070700.0
litecoin,2015-11-05,4.2,4.41,3.77,3.96,13017300.0,180695000
monero,2015-11-05,0.502058,0.512523,0.42448,0.43253,18894.0,4981470
nem,2015-11-05,0.00015,0.000174,0.000132,0.000151,1455.0,1353420
ripple,2015-11-05,0.004954999999999999,0.0050409999999999995,0.00447,0.0045060000000000005,1181010.0,164276000
siacoin,2015-11-05,3.3e-05,3.7e-05,2.7000000000000002e-05,3.5e-05,2027.0,213919.0
stellar,2015-11-05,0.002183,0.002203,0.0019510000000000003,0.002012,10392.0,10558100
verge,2015-11-05,1.4000000000000001e-05,1.7e-05,1.2e-05,1.4999999999999999e-05,154.0,129297
bitcoin,2015-11-06,388.05,395.84,354.02,374.47,122687000.0,5745320000
bitshares,2015-11-06,0.003177,0.0035240000000000002,0.003011,0.003428,108221.0,7981580
bytecoin-bcn,2015-11-06,2.9999999999999997e-05,3.1e-05,2.8000000000000003e-05,2.9999999999999997e-05,9169.0,5403850
dash,2015-11-06,2.55,2.73,2.39,2.7,89250.0,15186900
dogecoin,2015-11-06,0.000146,0.000148,0.00013700000000000002,0.00014099999999999998,183562.0,14847500
ethereum,2015-11-06,0.9047719999999999,0.989848,0.852929,0.926032,913666.0,67397100.0
litecoin,2015-11-06,3.95,3.97,3.45,3.55,8761900.0,169811000
monero,2015-11-06,0.43411099999999997,0.460322,0.400474,0.439195,17578.0,4312520
nem,2015-11-06,0.000151,0.000156,0.000127,0.00014199999999999998,217.0,1357870
ripple,2015-11-06,0.0045,0.004646,0.004375,0.004562,786513.0,149217000
siacoin,2015-11-06,3.5e-05,3.6e-05,2.8999999999999997e-05,2.9999999999999997e-05,277.0,229804.0
stellar,2015-11-06,0.002008,0.002017,0.001853,0.001917,6285.0,9712060
verge,2015-11-06,1.4999999999999999e-05,1.6e-05,1.1e-05,1.4999999999999999e-05,211.0,142376
bitcoin,2015-11-07,374.27,390.59,372.43,386.48,56625100.0,5542680000
bitshares,2015-11-07,0.0034579999999999997,0.003728,0.0033520000000000004,0.0035090000000000004,62849.0,8686010
bytecoin-bcn,2015-11-07,2.9999999999999997e-05,3.3e-05,2.9999999999999997e-05,3.1e-05,1671.0,5310320
dash,2015-11-07,2.73,2.84,2.62,2.71,65014.0,16269600
dogecoin,2015-11-07,0.00014199999999999998,0.000147,0.000139,0.000145,76812.0,14411800
ethereum,2015-11-07,0.923732,0.943787,0.863539,0.927974,890187.0,68833200.0
litecoin,2015-11-07,3.55,3.68,3.55,3.6,2638500.0,152905000
monero,2015-11-07,0.439904,0.462344,0.43536,0.452638,15748.0,4375090
nem,2015-11-07,0.00014199999999999998,0.000164,0.00014,0.000164,218.0,1276320
ripple,2015-11-07,0.004566,0.0047009999999999994,0.0045579999999999996,0.004693999999999999,367144.0,151395000
siacoin,2015-11-07,2.9999999999999997e-05,3.5e-05,2.7000000000000002e-05,3.1e-05,1499.0,197798.0
stellar,2015-11-07,0.0019190000000000001,0.002019,0.001913,0.002015,2878.0,9283660
verge,2015-11-07,1.2e-05,1.6e-05,1.2e-05,1.2e-05,159.0,108566
bitcoin,2015-11-08,384.28,389.89,368.7,373.37,51817600.0,5692390000
bitshares,2015-11-08,0.0034920000000000003,0.0037049999999999995,0.003442,0.0034840000000000006,62744.0,8772850
bytecoin-bcn,2015-11-08,3.1e-05,3.5e-05,2.9999999999999997e-05,2.9999999999999997e-05,6405.0,5481240
dash,2015-11-08,2.71,2.84,2.53,2.53,55256.0,16160500
dogecoin,2015-11-08,0.000144,0.000145,0.000134,0.000136,98767.0,14688900
ethereum,2015-11-08,0.9156610000000001,1.03,0.9156610000000001,1.03,1021460.0,68254300.0
litecoin,2015-11-08,3.62,3.66,3.41,3.42,2399540.0,155912000
monero,2015-11-08,0.452099,0.5590470000000001,0.44068500000000005,0.497654,50506.0,4501570
nem,2015-11-08,0.000164,0.000169,0.000123,0.00014099999999999998,484.0,1475970
ripple,2015-11-08,0.004684000000000001,0.004698,0.004596,0.004647,312859.0,155297000
siacoin,2015-11-08,3.1e-05,3.9e-05,2.8999999999999997e-05,2.9999999999999997e-05,3334.0,203862.0
stellar,2015-11-08,0.002014,0.002032,0.0019190000000000001,0.001943,1700.0,9742530
verge,2015-11-08,1.2e-05,1.6e-05,1.2e-05,1.4999999999999999e-05,124.0,109563
bitcoin,2015-11-09,374.32,385.28,362.89,380.26,68224400.0,5546240000
bitshares,2015-11-09,0.0034409999999999996,0.0035340000000000002,0.003048,0.003137,86282.0,8642400
bytecoin-bcn,2015-11-09,2.9999999999999997e-05,3.2e-05,2.8999999999999997e-05,3.1e-05,13484.0,5360420
dash,2015-11-09,2.54,2.6,2.43,2.53,76637.0,15153000
dogecoin,2015-11-09,0.000136,0.000139,0.000131,0.000135,98722.0,13854300
ethereum,2015-11-09,1.03,1.11,0.945263,0.9992780000000001,2045290.0,76991800.0
litecoin,2015-11-09,3.43,3.45,3.26,3.4,4195940.0,147907000
monero,2015-11-09,0.49906000000000006,0.503041,0.463946,0.47277600000000003,33642.0,4974750
nem,2015-11-09,0.00014199999999999998,0.000157,0.00013700000000000002,0.000152,352.0,1278300
ripple,2015-11-09,0.00465,0.004723,0.0045899999999999995,0.004609,305337.0,154166000
siacoin,2015-11-09,2.9999999999999997e-05,3.4e-05,2.8999999999999997e-05,2.9999999999999997e-05,1684.0,200075.0
stellar,2015-11-09,0.001946,0.002043,0.001913,0.0020329999999999997,2082.0,9411710
verge,2015-11-09,1.4999999999999999e-05,1.4999999999999999e-05,1.1e-05,1.2e-05,159.0,135836
bitcoin,2015-11-10,379.98,381.39,329.11,336.82,95797900.0,5631520000
bitshares,2015-11-10,0.003128,0.003404,0.003053,0.003207,128461.0,7857970
bytecoin-bcn,2015-11-10,3.1e-05,3.3e-05,2.8000000000000003e-05,2.8000000000000003e-05,12268.0,5502750
dash,2015-11-10,2.53,2.63,2.37,2.42,49166.0,15127000
dogecoin,2015-11-10,0.000135,0.000136,0.000121,0.000123,125931.0,13718500
ethereum,2015-11-10,1.0,1.05,0.920968,0.934348,854581.0,74685300.0
litecoin,2015-11-10,3.4,3.46,3.04,3.12,5565520.0,146558000
monero,2015-11-10,0.47143599999999997,0.503834,0.448403,0.460954,30024.0,4704550
nem,2015-11-10,0.000149,0.000153,0.000129,0.000132,398.0,1337270
ripple,2015-11-10,0.004606,0.004612,0.004364,0.004406,414631.0,152721000
siacoin,2015-11-10,2.9999999999999997e-05,3.4e-05,2.6000000000000002e-05,2.7000000000000002e-05,1687.0,204841.0
stellar,2015-11-10,0.002031,0.0021850000000000003,0.001939,0.002039,10658.0,9822400
verge,2015-11-10,1.2e-05,1.4999999999999999e-05,1.2e-05,1.3000000000000001e-05,99.0,113037
bitcoin,2015-11-11,339.82,340.58,301.0,311.08,107070000.0,5037510000
bitshares,2015-11-11,0.0032119999999999996,0.0033490000000000004,0.0030800000000000003,0.003175,131870.0,8068220
bytecoin-bcn,2015-11-11,2.8000000000000003e-05,2.8000000000000003e-05,2.5e-05,2.6000000000000002e-05,10696.0,4954690
dash,2015-11-11,2.42,2.48,2.14,2.29,96053.0,14461800
dogecoin,2015-11-11,0.000124,0.000129,0.00011899999999999999,0.000125,132197.0,12570200
ethereum,2015-11-11,0.9412959999999999,0.9452780000000001,0.729775,0.791829,1278580.0,70236200.0
litecoin,2015-11-11,3.12,3.12,2.94,2.97,3648510.0,134388000
monero,2015-11-11,0.457574,0.464213,0.41136000000000006,0.450299,39549.0,4571590
nem,2015-11-11,0.000132,0.000139,0.00011499999999999999,0.000127,686.0,1188270
ripple,2015-11-11,0.004408,0.0044399999999999995,0.004173,0.004264,446177.0,146142000
siacoin,2015-11-11,2.7000000000000002e-05,2.8000000000000003e-05,2.1e-05,2.5e-05,2352.0,184821.0
stellar,2015-11-11,0.002042,0.002127,0.0019489999999999998,0.001964,3594.0,9878220
verge,2015-11-11,1.3000000000000001e-05,1.4999999999999999e-05,1e-05,1.2e-05,285.0,124243
bitcoin,2015-11-12,314.08,345.08,313.36,338.15,78477800.0,4657240000
bitshares,2015-11-12,0.003157,0.0034850000000000003,0.003157,0.0032869999999999996,61232.0,7930610
bytecoin-bcn,2015-11-12,2.6000000000000002e-05,2.9999999999999997e-05,2.6000000000000002e-05,2.8000000000000003e-05,12945.0,4632960
dash,2015-11-12,2.28,2.58,2.28,2.54,86587.0,13661200
dogecoin,2015-11-12,0.000126,0.000134,0.000125,0.00013000000000000002,119258.0,12815000
ethereum,2015-11-12,0.796455,0.913919,0.76351,0.895711,806156.0,59448700.0
litecoin,2015-11-12,2.97,3.29,2.97,3.28,4133180.0,128180000
monero,2015-11-12,0.450587,0.464221,0.412313,0.443275,46397.0,4506870
nem,2015-11-12,0.000127,0.000138,0.000117,0.000132,708.0,1139010
ripple,2015-11-12,0.004266,0.00458,0.004266,0.004541,503812.0,141432000
siacoin,2015-11-12,2.5e-05,2.8000000000000003e-05,1.9e-05,2.4e-05,3234.0,172334.0
stellar,2015-11-12,0.001963,0.002124,0.001924,0.002124,3518.0,9495050
verge,2015-11-12,1.2e-05,1.4999999999999999e-05,1.2e-05,1.2e-05,174.0,113431
bitcoin,2015-11-13,338.5,340.91,326.07,336.75,52003000.0,5020700000
bitshares,2015-11-13,0.003254,0.0034340000000000004,0.003254,0.0034159999999999998,49662.0,8174550
bytecoin-bcn,2015-11-13,2.8000000000000003e-05,2.8000000000000003e-05,2.6000000000000002e-05,2.7000000000000002e-05,10709.0,4911430
dash,2015-11-13,2.52,2.6,2.39,2.53,60866.0,15103600
dogecoin,2015-11-13,0.00013000000000000002,0.000133,0.000127,0.00013000000000000002,60005.0,13262500
ethereum,2015-11-13,0.9077219999999999,0.917309,0.846023,0.9040959999999999,543671.0,67777000.0
litecoin,2015-11-13,3.27,3.29,3.15,3.23,2247490.0,141013000
monero,2015-11-13,0.442413,0.46620500000000004,0.42007799999999995,0.45261899999999994,25508.0,4430220
nem,2015-11-13,0.000131,0.000133,0.00011899999999999999,0.000128,77.0,1183480
ripple,2015-11-13,0.004536,0.004549,0.004436,0.004477,329838.0,150385000
siacoin,2015-11-13,2.4e-05,2.7000000000000002e-05,2e-05,2.4e-05,1639.0,163910.0
stellar,2015-11-13,0.00207,0.002136,0.001959,0.001974,1100.0,10015500
verge,2015-11-13,1.2e-05,1.4000000000000001e-05,1.1e-05,1.2e-05,79.0,111803
bitcoin,2015-11-14,336.62,338.18,329.97,332.91,38612000.0,4994250000
bitshares,2015-11-14,0.0034189999999999997,0.0036450000000000002,0.003331,0.00358,55954.0,8587820
bytecoin-bcn,2015-11-14,2.7000000000000002e-05,2.8000000000000003e-05,2.6000000000000002e-05,2.7000000000000002e-05,4208.0,4719750
dash,2015-11-14,2.54,2.59,2.36,2.36,66693.0,15189300
dogecoin,2015-11-14,0.00013000000000000002,0.000132,0.000128,0.00013000000000000002,45993.0,13191200
ethereum,2015-11-14,0.9054690000000001,0.906113,0.876908,0.888812,372514.0,67631900.0
litecoin,2015-11-14,3.22,3.25,3.18,3.19,1293740.0,139106000
monero,2015-11-14,0.44976400000000005,0.45795399999999997,0.41886,0.424853,22033.0,4508820
nem,2015-11-14,0.000128,0.000128,0.000118,0.000121,112.0,1150090
ripple,2015-11-14,0.004482,0.004493,0.0043159999999999995,0.004328,144356.0,148614000
siacoin,2015-11-14,2.4e-05,2.7000000000000002e-05,2e-05,2.3e-05,1288.0,163802.0
stellar,2015-11-14,0.001979,0.002002,0.001936,0.0019809999999999997,527.0,9575260
verge,2015-11-14,1.2e-05,1.4000000000000001e-05,1.1e-05,1.2e-05,124.0,109965
bitcoin,2015-11-15,333.05,334.66,317.49,320.17,44213100.0,4942420000
bitshares,2015-11-15,0.0035810000000000004,0.003846,0.003409,0.003475,108732.0,8994800
bytecoin-bcn,2015-11-15,2.7000000000000002e-05,2.7000000000000002e-05,2.5e-05,2.6000000000000002e-05,5967.0,4856250
dash,2015-11-15,2.38,2.44,2.29,2.31,39255.0,14240200
dogecoin,2015-11-15,0.00013000000000000002,0.000132,0.000125,0.000125,49123.0,13245500
ethereum,2015-11-15,0.891217,0.921516,0.874957,0.9063680000000001,411848.0,66590200.0
litecoin,2015-11-15,3.2,3.22,3.06,3.07,1750230.0,138082000
monero,2015-11-15,0.425155,0.438183,0.406889,0.43081,23747.0,4266860
nem,2015-11-15,0.000127,0.000138,0.000103,0.00011200000000000001,2260.0,1144000
ripple,2015-11-15,0.004327,0.004327,0.004144,0.004164999999999999,273892.0,143472000
siacoin,2015-11-15,2.3e-05,2.7000000000000002e-05,1.9e-05,2.2e-05,1356.0,162726.0
stellar,2015-11-15,0.0019809999999999997,0.001998,0.0018989999999999999,0.0019879999999999997,491.0,9584640
verge,2015-11-15,1.2e-05,1.3000000000000001e-05,1.1e-05,1.2e-05,28.0,108759
bitcoin,2015-11-16,319.74,331.63,315.9,330.75,47980100.0,4746070000
bitshares,2015-11-16,0.0034729999999999995,0.0036049999999999997,0.003468,0.0034990000000000004,57182.0,8724640
bytecoin-bcn,2015-11-16,2.6000000000000002e-05,2.7000000000000002e-05,2.5e-05,2.7000000000000002e-05,12146.0,4656620
dash,2015-11-16,2.29,2.38,2.23,2.31,41181.0,13731000
dogecoin,2015-11-16,0.000126,0.000132,0.000124,0.000131,89068.0,12793800
ethereum,2015-11-16,0.906166,0.944732,0.891971,0.9289620000000001,620945.0,67730700.0
litecoin,2015-11-16,3.07,3.19,3.05,3.19,1578010.0,132419000
monero,2015-11-16,0.43065699999999996,0.44098000000000004,0.41487299999999994,0.435954,15841.0,4327140
nem,2015-11-16,0.00011200000000000001,0.000129,9.499999999999999e-05,0.000129,1355.0,1007210
ripple,2015-11-16,0.004163,0.0042369999999999994,0.00413,0.004234,351725.0,138017000
siacoin,2015-11-16,2.2e-05,2.2e-05,1.9e-05,2e-05,426.0,156966.0
stellar,2015-11-16,0.001987,0.0020800000000000003,0.0018859999999999999,0.0019219999999999999,493.0,9610860
verge,2015-11-16,1.2e-05,1.4000000000000001e-05,1e-05,1.4000000000000001e-05,210.0,106227
bitcoin,2015-11-17,330.36,338.35,329.61,335.09,51001600.0,4905260000
bitshares,2015-11-17,0.0034990000000000004,0.0035600000000000002,0.003382,0.003418,50574.0,8863640
bytecoin-bcn,2015-11-17,2.7000000000000002e-05,2.8000000000000003e-05,2.6000000000000002e-05,2.7000000000000002e-05,6268.0,4812020
dash,2015-11-17,2.32,2.38,2.22,2.26,59102.0,13923500
dogecoin,2015-11-17,0.000131,0.000133,0.000129,0.000133,71674.0,13323000
ethereum,2015-11-17,0.924948,1.03,0.9057940000000001,1.01,1145440.0,69157900.0
litecoin,2015-11-17,3.19,3.23,3.16,3.2,1607020.0,137815000
monero,2015-11-17,0.436079,0.448905,0.42157100000000003,0.42899899999999996,11601.0,4386510
nem,2015-11-17,0.000129,0.000135,8.4e-05,9.7e-05,6187.0,1161680
ripple,2015-11-17,0.004234,0.004293,0.004228,0.00425,243681.0,140393000
siacoin,2015-11-17,2e-05,2.4e-05,2e-05,2.3e-05,480.0,139747.0
stellar,2015-11-17,0.0019219999999999999,0.002025,0.001895,0.002015,778.0,9298900
verge,2015-11-17,1.4000000000000001e-05,1.4000000000000001e-05,1e-05,1e-05,1051.0,128381
bitcoin,2015-11-18,334.59,336.53,330.64,334.59,43783800.0,4969330000
bitshares,2015-11-18,0.003415,0.0034950000000000003,0.003389,0.003408,26711.0,8651680
bytecoin-bcn,2015-11-18,2.7000000000000002e-05,2.8000000000000003e-05,2.6000000000000002e-05,2.7000000000000002e-05,10209.0,4866860
dash,2015-11-18,2.26,2.38,2.25,2.36,31679.0,13554600
dogecoin,2015-11-18,0.000133,0.000135,0.00013000000000000002,0.000135,72827.0,13495900
ethereum,2015-11-18,0.9932139999999999,1.01,0.940516,0.9933190000000001,681104.0,74287700.0
litecoin,2015-11-18,3.2,3.21,3.17,3.19,1425920.0,138228000
monero,2015-11-18,0.43235,0.433141,0.408752,0.415567,19508.0,4354230
nem,2015-11-18,0.0001,0.00011899999999999999,9.300000000000001e-05,0.000109,3405.0,902826
ripple,2015-11-18,0.004251,0.004288,0.004243,0.004258,246794.0,140933000
siacoin,2015-11-18,2.3e-05,2.4e-05,2e-05,2.3e-05,1198.0,165590.0
stellar,2015-11-18,0.002015,0.002015,0.0018789999999999998,0.0019089999999999999,1737.0,9745440
verge,2015-11-18,1e-05,1.4999999999999999e-05,1e-05,1e-05,328.0,92919
bitcoin,2015-11-19,334.68,335.33,325.27,326.15,45011100.0,4971880000
bitshares,2015-11-19,0.0034340000000000004,0.0034630000000000004,0.003341,0.003355,40033.0,8700590
bytecoin-bcn,2015-11-19,2.7000000000000002e-05,2.7000000000000002e-05,2.6000000000000002e-05,2.6000000000000002e-05,4684.0,4751060
dash,2015-11-19,2.36,2.36,2.21,2.21,48039.0,14143100
dogecoin,2015-11-19,0.000135,0.000135,0.000129,0.00013000000000000002,79682.0,13704200
ethereum,2015-11-19,0.988713,1.01,0.9374979999999999,0.9555319999999999,443528.0,73976100.0
litecoin,2015-11-19,3.19,3.21,3.13,3.13,1448970.0,137943000
monero,2015-11-19,0.41576199999999996,0.42025100000000004,0.395156,0.407052,23986.0,4191680
nem,2015-11-19,0.000109,0.00011999999999999999,0.000102,0.00011100000000000001,616.0,979074
ripple,2015-11-19,0.004259000000000001,0.004263,0.0042049999999999995,0.004222,173712.0,141209000
siacoin,2015-11-19,2.3e-05,2.3e-05,2e-05,2e-05,213.0,166258.0
stellar,2015-11-19,0.0019100000000000002,0.001956,0.001859,0.00193,1207.0,9240660
verge,2015-11-19,1e-05,1.4999999999999999e-05,1e-05,1.4999999999999999e-05,158.0,93510
bitcoin,2015-11-20,326.41,326.47,312.22,322.02,53152900.0,4850170000
bitshares,2015-11-20,0.003355,0.003462,0.0032770000000000004,0.003321,53636.0,8501240
bytecoin-bcn,2015-11-20,2.6000000000000002e-05,2.6000000000000002e-05,2.5e-05,2.5e-05,10413.0,4631620
dash,2015-11-20,2.21,2.25,2.13,2.23,28463.0,13270800
dogecoin,2015-11-20,0.00013000000000000002,0.000131,0.000127,0.000131,53565.0,13267200
ethereum,2015-11-20,0.955735,0.955735,0.898576,0.9249200000000001,614335.0,71532500.0
litecoin,2015-11-20,3.14,3.14,3.07,3.12,1698240.0,135601000
monero,2015-11-20,0.40369499999999997,0.406138,0.379315,0.389316,9764.0,4074550
nem,2015-11-20,0.00011100000000000001,0.000117,0.00010400000000000001,0.000113,69.0,999873
ripple,2015-11-20,0.004222,0.0042369999999999994,0.0041670000000000006,0.004227000000000001,312768.0,139989000
siacoin,2015-11-20,2e-05,2.6000000000000002e-05,1.9e-05,2.6000000000000002e-05,1139.0,139430.0
stellar,2015-11-20,0.0019309999999999998,0.0019370000000000001,0.0018850000000000002,0.001895,2032.0,9339150
verge,2015-11-20,1.4999999999999999e-05,1.4999999999999999e-05,1.2e-05,1.3000000000000001e-05,95.0,136777
bitcoin,2015-11-21,322.09,328.16,319.6,326.93,28200500.0,4787340000
bitshares,2015-11-21,0.003307,0.003365,0.003274,0.0033350000000000003,30333.0,8378400
bytecoin-bcn,2015-11-21,2.5e-05,2.6000000000000002e-05,2.4e-05,2.6000000000000002e-05,10096.0,4516830
dash,2015-11-21,2.23,2.25,2.16,2.2,26400.0,13370600
dogecoin,2015-11-21,0.000129,0.000132,0.000128,0.000131,49715.0,13161100
ethereum,2015-11-21,0.928758,0.978743,0.92094,0.97614,455976.0,69535300.0
litecoin,2015-11-21,3.12,3.16,3.11,3.15,1057060.0,134839000
monero,2015-11-21,0.390449,0.408989,0.375678,0.391906,29577.0,3945290
nem,2015-11-21,0.000113,0.000113,9.8e-05,0.000103,778.0,1020430
ripple,2015-11-21,0.004227000000000001,0.004268,0.004214,0.0042450000000000005,182628.0,140147000
siacoin,2015-11-21,2.6000000000000002e-05,2.6000000000000002e-05,2e-05,2.3e-05,802.0,184261.0
stellar,2015-11-21,0.001894,0.001929,0.00185,0.0019100000000000002,2219.0,9162150
verge,2015-11-21,1.3000000000000001e-05,1.3000000000000001e-05,1e-05,1e-05,69.0,119005
bitcoin,2015-11-22,326.98,327.01,321.26,324.54,23439400.0,4861340000
bitshares,2015-11-22,0.0033369999999999997,0.0033469999999999997,0.003285,0.003307,31051.0,8455880
bytecoin-bcn,2015-11-22,2.6000000000000002e-05,2.6000000000000002e-05,2.4e-05,2.4e-05,8466.0,4539020
dash,2015-11-22,2.2,2.22,2.05,2.06,28487.0,13216000
dogecoin,2015-11-22,0.000131,0.000134,0.000127,0.000128,40285.0,13384200
ethereum,2015-11-22,0.979765,0.984132,0.958982,0.968018,372173.0,73378800.0
litecoin,2015-11-22,3.16,3.16,3.11,3.14,1070770.0,136863000
monero,2015-11-22,0.39116100000000004,0.396945,0.378655,0.39582399999999995,8345.0,3956810
nem,2015-11-22,0.000103,0.000117,9.9e-05,0.0001,686.0,929880
ripple,2015-11-22,0.004249,0.004274,0.0042380000000000004,0.004267,174556.0,140870000
siacoin,2015-11-22,2.3e-05,2.6000000000000002e-05,2.2e-05,2.6000000000000002e-05,1115.0,164214.0
stellar,2015-11-22,0.0019100000000000002,0.001986,0.0018920000000000002,0.001972,552.0,9237560
verge,2015-11-22,1e-05,1.3000000000000001e-05,1e-05,1e-05,31.0,90783
bitcoin,2015-11-23,324.35,325.12,321.29,323.05,27478900.0,4823700000
bitshares,2015-11-23,0.003295,0.00336,0.0032689999999999998,0.003351,66465.0,8349460
bytecoin-bcn,2015-11-23,2.4e-05,2.5e-05,2.3e-05,2.4e-05,9358.0,4320210
dash,2015-11-23,2.08,2.16,2.05,2.14,31968.0,12524900
dogecoin,2015-11-23,0.000128,0.000131,0.000127,0.00013000000000000002,69600.0,13048200
ethereum,2015-11-23,0.967493,0.969057,0.9338700000000001,0.9469690000000001,441875.0,72484200.0
litecoin,2015-11-23,3.14,3.15,3.11,3.12,1389260.0,136062000
monero,2015-11-23,0.39620700000000003,0.39620700000000003,0.377029,0.391113,7900.0,4012210
nem,2015-11-23,0.0001,0.00010700000000000001,0.0001,0.000106,92.0,898880
ripple,2015-11-23,0.004268999999999999,0.004351,0.0042369999999999994,0.004288,314451.0,141539000
siacoin,2015-11-23,2.6000000000000002e-05,2.6000000000000002e-05,1.9e-05,1.9e-05,1338.0,186758.0
stellar,2015-11-23,0.001972,0.001996,0.0018969999999999998,0.0019,698.0,9541640
verge,2015-11-23,1e-05,1.3000000000000001e-05,1e-05,1e-05,262.0,90287
bitcoin,2015-11-24,323.01,323.06,318.12,320.05,29362600.0,4805160000
bitshares,2015-11-24,0.003351,0.0034219999999999997,0.0032450000000000005,0.003258,66032.0,8491300
bytecoin-bcn,2015-11-24,2.4e-05,2.6000000000000002e-05,2.3e-05,2.4e-05,8588.0,4183720
dash,2015-11-24,2.14,2.14,2.07,2.08,24757.0,12843100
dogecoin,2015-11-24,0.000129,0.000131,0.000127,0.000128,54656.0,13159200
ethereum,2015-11-24,0.946442,0.948055,0.8959309999999999,0.900191,524195.0,70931100.0
litecoin,2015-11-24,3.13,3.13,3.09,3.11,1510060.0,135523000
monero,2015-11-24,0.390972,0.398646,0.37485100000000005,0.390148,13449.0,3963690
nem,2015-11-24,0.000106,0.000106,9.9e-05,0.0001,179.0,955314
ripple,2015-11-24,0.004288,0.004288,0.004201,0.004242,197940.0,142189000
siacoin,2015-11-24,1.9e-05,2.3e-05,1.9e-05,2.2e-05,1126.0,139492.0
stellar,2015-11-24,0.0019,0.001924,0.001808,0.0018670000000000002,928.0,9190400
verge,2015-11-24,1e-05,1.4000000000000001e-05,1e-05,1.1e-05,621.0,96693
bitcoin,2015-11-25,320.05,329.13,316.77,328.21,41666900.0,4762230000
bitshares,2015-11-25,0.003257,0.0033469999999999997,0.0032479999999999996,0.003325,65086.0,8253750
bytecoin-bcn,2015-11-25,2.4e-05,2.5e-05,2.3e-05,2.4e-05,10395.0,4244980
dash,2015-11-25,2.08,2.16,2.05,2.15,23152.0,12497100
dogecoin,2015-11-25,0.000128,0.000132,0.000127,0.00013000000000000002,65766.0,13061700
ethereum,2015-11-25,0.893827,0.899493,0.8511059999999999,0.8635370000000001,622991.0,67010200.0
litecoin,2015-11-25,3.11,3.34,3.09,3.34,2877300.0,134853000
monero,2015-11-25,0.391612,0.394932,0.371908,0.38768400000000003,18839.0,3974460
nem,2015-11-25,0.0001,0.000113,0.0001,0.00010800000000000001,772.0,897112
ripple,2015-11-25,0.004242,0.004325,0.004228,0.004318,197356.0,140650000
siacoin,2015-11-25,2.2e-05,2.3e-05,1.9e-05,2e-05,530.0,161245.0
stellar,2015-11-25,0.0018679999999999999,0.001911,0.001852,0.0019079999999999998,1503.0,9033860
verge,2015-11-25,1.1e-05,1.6e-05,1e-05,1.6e-05,148.0,105472
bitcoin,2015-11-26,328.3,366.76,328.23,352.68,106105000.0,4886330000
bitshares,2015-11-26,0.003325,0.003343,0.003175,0.0032240000000000003,114813.0,8424610
bytecoin-bcn,2015-11-26,2.4e-05,2.7000000000000002e-05,2.4e-05,2.6000000000000002e-05,13528.0,4310920
dash,2015-11-26,2.15,2.34,2.12,2.19,58542.0,12943400
dogecoin,2015-11-26,0.00013000000000000002,0.000138,0.000129,0.000132,120109.0,13305500
ethereum,2015-11-26,0.863273,0.903643,0.8043600000000001,0.8841829999999999,947473.0,64740900.0
litecoin,2015-11-26,3.35,3.72,3.35,3.61,8700000.0,145182000
monero,2015-11-26,0.38713600000000004,0.42103599999999997,0.375184,0.404663,29751.0,3933670
nem,2015-11-26,0.00010800000000000001,0.00011499999999999999,0.000101,0.00011100000000000001,696.0,973836
ripple,2015-11-26,0.0043170000000000005,0.004435000000000001,0.004227000000000001,0.004291,400520.0,143140000
siacoin,2015-11-26,2e-05,2.5e-05,1.8e-05,2.1e-05,1710.0,141776.0
stellar,2015-11-26,0.0019079999999999998,0.0019879999999999997,0.0018280000000000002,0.0019199999999999998,3910.0,9227980
verge,2015-11-26,1.6e-05,1.8e-05,1e-05,1.4000000000000001e-05,278.0,150793
bitcoin,2015-11-27,351.86,363.59,347.87,358.04,55179100.0,5238500000
bitshares,2015-11-27,0.003214,0.0032630000000000003,0.003157,0.003204,63590.0,8143970
bytecoin-bcn,2015-11-27,2.5e-05,2.7000000000000002e-05,2.5e-05,2.5e-05,9517.0,4443320
dash,2015-11-27,2.18,2.23,2.13,2.16,32579.0,13139500
dogecoin,2015-11-27,0.000132,0.000136,0.00013000000000000002,0.000133,48351.0,13505800
ethereum,2015-11-27,0.8821,0.900051,0.8606950000000001,0.867951,403813.0,66174600.0
litecoin,2015-11-27,3.6,3.63,3.52,3.58,2780650.0,156052000
monero,2015-11-27,0.401079,0.41084499999999996,0.37090300000000004,0.386268,30668.0,4079510
nem,2015-11-27,0.00011100000000000001,0.000122,8.7e-05,9.300000000000001e-05,1016.0,1003330
ripple,2015-11-27,0.004275999999999999,0.004304,0.004229,0.004275999999999999,199790.0,141773000
siacoin,2015-11-27,2.1e-05,2.2e-05,1.4000000000000001e-05,1.4000000000000001e-05,1372.0,151950.0
stellar,2015-11-27,0.0019140000000000001,0.0019219999999999999,0.0017649999999999999,0.001766,2338.0,9260340
verge,2015-11-27,1.4000000000000001e-05,1.4999999999999999e-05,1.2e-05,1.4000000000000001e-05,404.0,130686
bitcoin,2015-11-28,357.14,359.54,352.17,357.38,36816600.0,5318300000
bitshares,2015-11-28,0.0032049999999999995,0.0033009999999999997,0.0031609999999999997,0.0032409999999999995,63219.0,8120800
bytecoin-bcn,2015-11-28,2.5e-05,2.6000000000000002e-05,2.5e-05,2.6000000000000002e-05,12507.0,4514010
dash,2015-11-28,2.16,2.16,2.07,2.08,25565.0,12978500
dogecoin,2015-11-28,0.000133,0.000134,0.000128,0.00013000000000000002,88253.0,13548600
ethereum,2015-11-28,0.868102,0.929293,0.8621219999999999,0.915703,462464.0,65147000.0
litecoin,2015-11-28,3.58,3.58,3.46,3.52,1691790.0,154978000
monero,2015-11-28,0.38595300000000005,0.396764,0.379471,0.39204,14046.0,3930100
nem,2015-11-28,9.300000000000001e-05,0.00011399999999999999,9.1e-05,0.00010700000000000001,946.0,833174
ripple,2015-11-28,0.004275,0.004275,0.004208,0.0042380000000000004,195480.0,141727000
siacoin,2015-11-28,1.4000000000000001e-05,1.8e-05,1.4000000000000001e-05,1.8e-05,322.0,102819.0
stellar,2015-11-28,0.0017649999999999999,0.001854,0.001704,0.001741,4101.0,8536970
verge,2015-11-28,1.4000000000000001e-05,2e-05,1.4000000000000001e-05,1.7e-05,3294.0,132192
bitcoin,2015-11-29,357.47,371.94,355.67,371.29,40409300.0,5324610000
bitshares,2015-11-29,0.003243,0.0033060000000000003,0.0032049999999999995,0.003211,74116.0,8217590
bytecoin-bcn,2015-11-29,2.6000000000000002e-05,2.6000000000000002e-05,2.5e-05,2.6000000000000002e-05,11009.0,4568230
dash,2015-11-29,2.08,2.17,2.07,2.15,26013.0,12539800
dogecoin,2015-11-29,0.00013000000000000002,0.000132,0.000128,0.00013000000000000002,93788.0,13215800
ethereum,2015-11-29,0.9141440000000001,0.9141530000000001,0.860533,0.8786139999999999,448358.0,68625100.0
litecoin,2015-11-29,3.53,3.68,3.5,3.67,2720390.0,153251000
monero,2015-11-29,0.39253699999999997,0.407767,0.38338099999999997,0.401147,14276.0,4001630
nem,2015-11-29,0.00010700000000000001,0.00010700000000000001,9.1e-05,0.00010400000000000001,247.0,960336
ripple,2015-11-29,0.004243,0.004299,0.004234,0.004299,197822.0,142311000
siacoin,2015-11-29,1.8e-05,2.1e-05,1.4999999999999999e-05,1.9e-05,1108.0,128644.0
stellar,2015-11-29,0.001743,0.00183,0.001652,0.0017399999999999998,4142.0,8429140
verge,2015-11-29,1.7e-05,1.8e-05,1.4000000000000001e-05,1.4999999999999999e-05,90.0,159910
bitcoin,2015-11-30,371.44,382.36,370.38,377.32,71701600.0,5534000000
bitshares,2015-11-30,0.003213,0.0032600000000000003,0.003169,0.00321,89464.0,8141310
bytecoin-bcn,2015-11-30,2.6000000000000002e-05,2.7000000000000002e-05,2.4e-05,2.5e-05,9803.0,4618500
dash,2015-11-30,2.15,2.24,2.11,2.17,49178.0,12962300
dogecoin,2015-11-30,0.00013000000000000002,0.000133,0.000127,0.000128,149901.0,13249900
ethereum,2015-11-30,0.879951,0.8950540000000001,0.8476959999999999,0.8731190000000001,784439.0,66080400.0
litecoin,2015-11-30,3.66,3.74,3.58,3.62,3339320.0,158950000
monero,2015-11-30,0.401331,0.42803800000000003,0.374931,0.395225,30652.0,4095740
nem,2015-11-30,0.00010400000000000001,0.000109,0.000102,0.000106,224.0,933912
ripple,2015-11-30,0.004298,0.0043219999999999995,0.004185,0.004201,272695.0,144155000
siacoin,2015-11-30,1.9e-05,1.9e-05,1.1e-05,1.9e-05,3158.0,133670.0
stellar,2015-11-30,0.0017399999999999998,0.001778,0.00168,0.001732,3270.0,8414780
verge,2015-11-30,1.4999999999999999e-05,2.5e-05,1.4999999999999999e-05,2.2e-05,5892.0,136768
bitcoin,2015-12-01,377.41,378.93,356.56,362.49,60452200.0,5624580000
bitshares,2015-12-01,0.0032170000000000002,0.003244,0.003153,0.003195,92897.0,8151600
bytecoin-bcn,2015-12-01,2.5e-05,2.5e-05,2.3e-05,2.4e-05,8849.0,4414840
dash,2015-12-01,2.17,2.18,2.05,2.08,37007.0,13063600
dogecoin,2015-12-01,0.000129,0.000131,0.000125,0.000127,132870.0,13143100
ethereum,2015-12-01,0.878316,0.8867360000000001,0.8539370000000001,0.8748,652857.0,65980000.0
litecoin,2015-12-01,3.63,3.64,3.4,3.43,2841630.0,157352000
monero,2015-12-01,0.39314099999999996,0.414991,0.363408,0.37602800000000003,20746.0,4016600
nem,2015-12-01,0.000106,0.000136,0.000102,0.00011599999999999999,1860.0,950715
ripple,2015-12-01,0.004202,0.004208,0.004054,0.00409,312401.0,140912000
siacoin,2015-12-01,1.9e-05,1.9e-05,1.1e-05,1.8e-05,1521.0,135787.0
stellar,2015-12-01,0.001721,0.001739,0.0016059999999999998,0.001739,4810.0,8324030
verge,2015-12-01,2.2e-05,2.4e-05,1.7e-05,1.8e-05,653.0,204141
bitcoin,2015-12-02,361.85,362.23,349.46,359.19,54160500.0,5394070000
bitshares,2015-12-02,0.003195,0.003247,0.0031379999999999997,0.003148,57721.0,8098060
bytecoin-bcn,2015-12-02,2.4e-05,2.4e-05,2.2e-05,2.4e-05,7533.0,4224520
dash,2015-12-02,2.09,2.19,2.03,2.18,45288.0,12574200
dogecoin,2015-12-02,0.000128,0.000132,0.000124,0.00013000000000000002,99648.0,13041400
ethereum,2015-12-02,0.8731709999999999,0.878017,0.818924,0.82121,506307.0,65615700.0
litecoin,2015-12-02,3.43,3.44,3.3,3.34,2452500.0,148937000
monero,2015-12-02,0.376133,0.387212,0.360591,0.368688,15544.0,3846870
nem,2015-12-02,0.00011599999999999999,0.000127,9.2e-05,0.000102,3449.0,1044380
ripple,2015-12-02,0.004091,0.004189,0.0040409999999999995,0.004173,328403.0,137194000
siacoin,2015-12-02,1.8e-05,2.2e-05,1.4000000000000001e-05,1.8e-05,2385.0,137402.0
stellar,2015-12-02,0.001738,0.001775,0.0016530000000000002,0.0017670000000000001,2569.0,8409700
verge,2015-12-02,1.7e-05,2e-05,1.6e-05,1.7e-05,330.0,159729
bitcoin,2015-12-03,359.33,370.27,357.41,361.05,50714900.0,5358040000
bitshares,2015-12-03,0.003148,0.0032409999999999995,0.003144,0.003206,49786.0,7978750
bytecoin-bcn,2015-12-03,2.4e-05,3.1e-05,2.4e-05,2.9999999999999997e-05,9411.0,4275030
dash,2015-12-03,2.19,2.4,2.19,2.34,77349.0,13181700
dogecoin,2015-12-03,0.00013000000000000002,0.000134,0.000128,0.000129,131679.0,13275400
ethereum,2015-12-03,0.818546,0.837664,0.785086,0.8121430000000001,539969.0,61530500.0
litecoin,2015-12-03,3.35,3.44,3.34,3.38,1943430.0,145343000
monero,2015-12-03,0.368825,0.389666,0.362636,0.36689099999999997,19257.0,3776240
nem,2015-12-03,0.000103,0.000117,9.7e-05,0.00010800000000000001,1771.0,922833
ripple,2015-12-03,0.004176,0.004304,0.004173,0.004262,139104.0,140043000
siacoin,2015-12-03,1.8e-05,2.2e-05,1.4000000000000001e-05,2.2e-05,1268.0,136992.0
stellar,2015-12-03,0.001768,0.001807,0.00168,0.0017120000000000002,1760.0,8551670
verge,2015-12-03,2e-05,2e-05,1.4999999999999999e-05,1.4999999999999999e-05,688.0,183668
bitcoin,2015-12-04,361.26,363.52,355.76,363.18,35784100.0,5388110000
bitshares,2015-12-04,0.003207,0.0036450000000000002,0.003188,0.003428,193061.0,8127010
bytecoin-bcn,2015-12-04,2.8999999999999997e-05,2.8999999999999997e-05,2.4e-05,2.5e-05,8808.0,5183180
dash,2015-12-04,2.33,2.36,2.3,2.34,36114.0,14082300
dogecoin,2015-12-04,0.000128,0.000133,0.000128,0.000129,120155.0,13084700
ethereum,2015-12-04,0.812082,0.859575,0.802373,0.840041,241278.0,61065700.0
litecoin,2015-12-04,3.38,3.39,3.34,3.36,1333170.0,146942000
monero,2015-12-04,0.37054499999999996,0.385908,0.361464,0.370805,22222.0,3797980
nem,2015-12-04,0.00010800000000000001,0.000122,0.00010700000000000001,0.000118,1096.0,974880
ripple,2015-12-04,0.004262,0.004782,0.004239,0.0047539999999999995,930102.0,142951000
siacoin,2015-12-04,2.2e-05,2.2e-05,1.8e-05,1.8e-05,865.0,165962.0
stellar,2015-12-04,0.001713,0.00201,0.001685,0.00201,7757.0,8284070
verge,2015-12-04,1.4999999999999999e-05,2.1e-05,1.4999999999999999e-05,2.1e-05,1441.0,142427
bitcoin,2015-12-05,363.72,389.79,363.23,388.95,66282200.0,5426180000
bitshares,2015-12-05,0.003438,0.003561,0.0034100000000000003,0.003467,97790.0,8714260
bytecoin-bcn,2015-12-05,2.5e-05,2.8000000000000003e-05,2.4e-05,2.7000000000000002e-05,10310.0,4456880
dash,2015-12-05,2.35,2.44,2.29,2.32,61252.0,14172200
dogecoin,2015-12-05,0.000129,0.000133,0.000127,0.00013000000000000002,131709.0,13176600
ethereum,2015-12-05,0.841195,0.872821,0.8244440000000001,0.8624379999999999,232743.0,63276000.0
litecoin,2015-12-05,3.37,3.54,3.37,3.52,2664550.0,146450000
monero,2015-12-05,0.371867,0.46108299999999997,0.367797,0.451304,61840.0,3815610
nem,2015-12-05,0.000118,0.000126,0.00011399999999999999,0.000118,165.0,1058130
ripple,2015-12-05,0.004756,0.005301,0.004756,0.005301,716241.0,159499000
siacoin,2015-12-05,1.8e-05,2.3e-05,1.4999999999999999e-05,1.9e-05,1668.0,139849.0
stellar,2015-12-05,0.0020109999999999998,0.002052,0.0018510000000000002,0.001864,8006.0,9725550
verge,2015-12-05,2.1e-05,2.2e-05,1.6e-05,1.9e-05,1041.0,197625
bitcoin,2015-12-06,389.56,402.81,387.09,388.78,77762000.0,5813290000
bitshares,2015-12-06,0.003467,0.0035159999999999996,0.003325,0.003414,81030.0,8787570
bytecoin-bcn,2015-12-06,2.7000000000000002e-05,2.8000000000000003e-05,2.6000000000000002e-05,2.7000000000000002e-05,9079.0,4836000
dash,2015-12-06,2.32,2.47,2.31,2.34,55270.0,14020800
dogecoin,2015-12-06,0.00013000000000000002,0.000134,0.000126,0.000128,145274.0,13300700
ethereum,2015-12-06,0.866417,0.8824360000000001,0.8331149999999999,0.8355,443608.0,65194900.0
litecoin,2015-12-06,3.53,3.58,3.45,3.47,4063170.0,153258000
monero,2015-12-06,0.44137600000000005,0.472206,0.423569,0.43994700000000003,43779.0,4533980
nem,2015-12-06,0.00011999999999999999,0.000125,9.9e-05,0.00010400000000000001,2133.0,1077410
ripple,2015-12-06,0.005302,0.005368,0.0051530000000000005,0.005344,1002000.0,177809000
siacoin,2015-12-06,1.9e-05,2e-05,1.6e-05,1.9e-05,116.0,150452.0
stellar,2015-12-06,0.001864,0.0019760000000000003,0.00183,0.0019199999999999998,11491.0,9017940
verge,2015-12-06,1.6e-05,2e-05,1.6e-05,1.6e-05,383.0,144307
bitcoin,2015-12-07,389.98,399.97,385.41,395.54,63455800.0,5821140000
bitshares,2015-12-07,0.0034340000000000004,0.003469,0.003353,0.003421,101480.0,8704750
bytecoin-bcn,2015-12-07,2.6000000000000002e-05,2.8000000000000003e-05,2.6000000000000002e-05,2.8000000000000003e-05,8712.0,4693670
dash,2015-12-07,2.33,2.38,2.29,2.33,40495.0,14054100
dogecoin,2015-12-07,0.000127,0.00013700000000000002,0.000126,0.000133,120973.0,12973500
ethereum,2015-12-07,0.8363219999999999,0.850791,0.78765,0.811264,520409.0,62950900.0
litecoin,2015-12-07,3.45,3.69,3.45,3.65,4210900.0,150138000
monero,2015-12-07,0.428331,0.448007,0.41397799999999996,0.421295,29885.0,4404700
nem,2015-12-07,0.000103,0.000126,9.6e-05,0.000126,792.0,930447
ripple,2015-12-07,0.005312,0.00556,0.005297,0.00556,866871.0,178156000
siacoin,2015-12-07,1.9e-05,2e-05,1.6e-05,2e-05,475.0,151361.0
stellar,2015-12-07,0.001917,0.0019649999999999997,0.001861,0.0019649999999999997,4636.0,9273600
verge,2015-12-07,1.6e-05,2e-05,1.4000000000000001e-05,1.4000000000000001e-05,301.0,144492
bitcoin,2015-12-08,395.75,415.56,389.95,415.56,57801400.0,5908810000
bitshares,2015-12-08,0.003421,0.003857,0.003389,0.003686,283706.0,8671160
bytecoin-bcn,2015-12-08,2.8000000000000003e-05,2.8999999999999997e-05,2.6000000000000002e-05,2.8000000000000003e-05,7725.0,5058420
dash,2015-12-08,2.33,2.4,2.28,2.4,44093.0,14092000
dogecoin,2015-12-08,0.000133,0.00013700000000000002,0.000129,0.000136,228473.0,13606800
ethereum,2015-12-08,0.806024,0.8236450000000001,0.782328,0.822118,445903.0,60690400.0
litecoin,2015-12-08,3.65,3.69,3.55,3.69,2744880.0,158672000
monero,2015-12-08,0.421141,0.43381899999999995,0.395307,0.42936,40491.0,4335150
nem,2015-12-08,0.000126,0.00013700000000000002,0.000118,0.000133,1172.0,1137930
ripple,2015-12-08,0.005561,0.006775,0.00556,0.006775,2423870.0,186501000
siacoin,2015-12-08,2e-05,2e-05,1.6e-05,1.7e-05,2712.0,154612.0
stellar,2015-12-08,0.001966,0.0023420000000000003,0.0019149999999999998,0.002292,35702.0,9508700
verge,2015-12-08,1.4000000000000001e-05,1.9e-05,1.3000000000000001e-05,1.7e-05,480.0,127100
bitcoin,2015-12-09,414.44,423.12,406.29,417.56,90917200.0,6189620000
bitshares,2015-12-09,0.0036869999999999997,0.004006,0.0036729999999999996,0.0038659999999999996,241671.0,9346240
bytecoin-bcn,2015-12-09,2.8999999999999997e-05,2.8999999999999997e-05,2.7000000000000002e-05,2.8000000000000003e-05,9052.0,5093540
dash,2015-12-09,2.41,2.7,2.37,2.51,121460.0,14595600
dogecoin,2015-12-09,0.00013700000000000002,0.000152,0.000134,0.00014199999999999998,645837.0,13981700
ethereum,2015-12-09,0.8244540000000001,0.8244540000000001,0.7704880000000001,0.792167,624221.0,62098400.0
litecoin,2015-12-09,3.68,3.74,3.61,3.67,4506800.0,160252000
monero,2015-12-09,0.43195,0.46533800000000003,0.42580500000000004,0.45207299999999995,35438.0,4451310
nem,2015-12-09,0.000134,0.00014199999999999998,0.000126,0.00013700000000000002,676.0,1205030
ripple,2015-12-09,0.006795999999999999,0.008905,0.006745999999999999,0.008523000000000001,5702470.0,227913000
siacoin,2015-12-09,1.7e-05,1.7e-05,1.2e-05,1.7e-05,943.0,130696.0
stellar,2015-12-09,0.0022960000000000003,0.002442,0.0020629999999999997,0.0020629999999999997,180884.0,11106400
verge,2015-12-09,1.8e-05,2e-05,1.4000000000000001e-05,1.9e-05,1548.0,162561
bitcoin,2015-12-10,417.99,419.51,411.55,415.48,52138900.0,6244360000
bitshares,2015-12-10,0.0038659999999999996,0.0039299999999999995,0.003655,0.0037119999999999996,108555.0,9799630
bytecoin-bcn,2015-12-10,2.8000000000000003e-05,2.8000000000000003e-05,2.6000000000000002e-05,2.7000000000000002e-05,9050.0,4964020
dash,2015-12-10,2.5,2.52,2.44,2.44,31690.0,15122800
dogecoin,2015-12-10,0.00014199999999999998,0.000147,0.000138,0.000139,280949.0,14555100
ethereum,2015-12-10,0.7955899999999999,0.86159,0.787291,0.8403959999999999,369589.0,59945000.0
litecoin,2015-12-10,3.67,3.68,3.59,3.66,2538190.0,159735000
monero,2015-12-10,0.450669,0.456122,0.416312,0.43143400000000004,22548.0,4649320
nem,2015-12-10,0.00013700000000000002,0.00021099999999999998,0.000124,0.000146,561.0,1233710
ripple,2015-12-10,0.008527,0.009071,0.008444,0.008444,3223520.0,285962000
siacoin,2015-12-10,1.7e-05,1.7e-05,1.2e-05,1.7e-05,744.0,132247.0
stellar,2015-12-10,0.0020629999999999997,0.002366,0.001971,0.002026,77097.0,9980630
verge,2015-12-10,1.9e-05,2.3e-05,1.7e-05,2e-05,748.0,172215
bitcoin,2015-12-11,415.28,451.94,415.28,451.94,110944000.0,6206150000
bitshares,2015-12-11,0.003714,0.004053,0.0036450000000000002,0.004018,172899.0,9414050
bytecoin-bcn,2015-12-11,2.7000000000000002e-05,2.9999999999999997e-05,2.7000000000000002e-05,2.9999999999999997e-05,8090.0,4861500
dash,2015-12-11,2.44,2.71,2.44,2.69,46393.0,14761700
dogecoin,2015-12-11,0.000139,0.000153,0.000138,0.00015,344576.0,14213500
ethereum,2015-12-11,0.839995,0.9297620000000001,0.819789,0.9297620000000001,801072.0,63312400.0
litecoin,2015-12-11,3.67,3.85,3.67,3.84,5086460.0,159938000
monero,2015-12-11,0.430741,0.465265,0.430741,0.458294,19202.0,4448200
nem,2015-12-11,0.000146,0.00015,0.00014,0.000146,258.0,1311020
ripple,2015-12-11,0.008445000000000001,0.008453,0.0077930000000000004,0.008440999999999999,3465490.0,283239000
siacoin,2015-12-11,1.7e-05,2.2e-05,1.3000000000000001e-05,1.4000000000000001e-05,931.0,132150.0
stellar,2015-12-11,0.002026,0.002141,0.001947,0.002135,56225.0,9798790
verge,2015-12-11,2e-05,2.5e-05,1.7e-05,1.8e-05,1451.0,183360
bitcoin,2015-12-12,452.33,469.1,410.74,435.0,131969000.0,6761730000
bitshares,2015-12-12,0.004018,0.004018,0.0036200000000000004,0.003761,139249.0,10186500
bytecoin-bcn,2015-12-12,2.9999999999999997e-05,3.1e-05,2.7000000000000002e-05,2.8999999999999997e-05,6803.0,5301690
dash,2015-12-12,2.7,2.79,2.43,2.58,47864.0,16341800
dogecoin,2015-12-12,0.000149,0.000155,0.00013700000000000002,0.00014199999999999998,254496.0,15270200
ethereum,2015-12-12,0.9311959999999999,1.05,0.9285459999999999,0.976973,1376280.0,70210000.0
litecoin,2015-12-12,3.84,3.97,3.5,3.61,6201500.0,167378000
monero,2015-12-12,0.459582,0.481152,0.424192,0.455326,17071.0,4751070
nem,2015-12-12,0.000147,0.000153,0.000118,0.000127,718.0,1320440
ripple,2015-12-12,0.008454000000000001,0.008642,0.008123,0.008536,1317990.0,283513000
siacoin,2015-12-12,1.4000000000000001e-05,1.9e-05,1.2e-05,1.7e-05,733.0,108625.0
stellar,2015-12-12,0.002135,0.0021850000000000003,0.001977,0.001986,20232.0,10326800
verge,2015-12-12,1.8e-05,2.6000000000000002e-05,1.7e-05,2.4e-05,429.0,167438
bitcoin,2015-12-13,431.66,441.68,426.27,433.75,55050600.0,6454430000
bitshares,2015-12-13,0.0037560000000000002,0.0037939999999999996,0.003647,0.0036899999999999997,77314.0,9521980
bytecoin-bcn,2015-12-13,2.8999999999999997e-05,2.9999999999999997e-05,2.8000000000000003e-05,2.9999999999999997e-05,8564.0,5248120
dash,2015-12-13,2.59,2.75,2.54,2.73,67091.0,15679300
dogecoin,2015-12-13,0.00014099999999999998,0.000148,0.00014099999999999998,0.000143,252912.0,14443400
ethereum,2015-12-13,0.9715379999999999,0.989394,0.9374379999999999,0.9528840000000001,273614.0,73276400.0
litecoin,2015-12-13,3.6,3.66,3.57,3.63,3218570.0,156708000
monero,2015-12-13,0.455545,0.46972200000000003,0.445625,0.465171,28983.0,4714140
nem,2015-12-13,0.000155,0.000161,0.000131,0.000143,2345.0,1399390
ripple,2015-12-13,0.008532,0.008867,0.008472,0.008779,1394050.0,286139000
siacoin,2015-12-13,1.7e-05,2.2e-05,1.7e-05,2.2e-05,2281.0,139968.0
stellar,2015-12-13,0.001986,0.002085,0.0019030000000000002,0.002066,13149.0,9605100
verge,2015-12-13,2.4e-05,2.4e-05,1.7e-05,1.7e-05,2038.0,223341
bitcoin,2015-12-14,433.27,447.14,430.46,444.18,130496000.0,6480070000
bitshares,2015-12-14,0.0036880000000000003,0.003759,0.0036880000000000003,0.0037380000000000004,37037.0,9348540
bytecoin-bcn,2015-12-14,2.9999999999999997e-05,3.1e-05,2.8999999999999997e-05,2.9999999999999997e-05,5237.0,5259370
dash,2015-12-14,2.76,2.89,2.68,2.69,102466.0,16723300
dogecoin,2015-12-14,0.000143,0.00015,0.00014199999999999998,0.000145,147375.0,14648500
ethereum,2015-12-14,0.95662,1.01,0.9501780000000001,0.993022,563436.0,72176400.0
litecoin,2015-12-14,3.64,3.67,3.6,3.61,3011480.0,158529000
monero,2015-12-14,0.47401400000000005,0.564516,0.463613,0.5347609999999999,98330.0,4910560
nem,2015-12-14,0.000143,0.000143,0.000132,0.000138,187.0,1288610
ripple,2015-12-14,0.008773999999999999,0.00878,0.007614,0.007614,2433140.0,294258000
siacoin,2015-12-14,2.2e-05,2.2e-05,1.7e-05,1.8e-05,968.0,175008.0
stellar,2015-12-14,0.002065,0.0020859999999999997,0.001998,0.002002,8617.0,9989040
verge,2015-12-14,1.7e-05,2.2e-05,1.6e-05,1.8e-05,1708.0,157689
bitcoin,2015-12-15,443.88,465.32,443.88,465.32,83121100.0,6640850000
bitshares,2015-12-15,0.003711,0.003743,0.003618,0.003718,74487.0,9408360
bytecoin-bcn,2015-12-15,2.9999999999999997e-05,3.1e-05,2.9999999999999997e-05,3.1e-05,7820.0,5343220
dash,2015-12-15,2.69,2.76,2.64,2.68,58882.0,16273500
dogecoin,2015-12-15,0.000145,0.000153,0.000145,0.00015,235791.0,14835800
ethereum,2015-12-15,0.9905889999999999,1.03,0.98224,1.01,578618.0,74764100.0
litecoin,2015-12-15,3.62,3.84,3.61,3.83,5124770.0,157776000
monero,2015-12-15,0.536327,0.561471,0.52132,0.556358,38572.0,5561680
nem,2015-12-15,0.000138,0.000138,0.00011599999999999999,0.000126,1109.0,1239320
ripple,2015-12-15,0.0076,0.0076,0.006622,0.006684000000000001,4908540.0,254899000
siacoin,2015-12-15,1.8e-05,1.9e-05,1.4000000000000001e-05,1.4000000000000001e-05,935.0,144036.0
stellar,2015-12-15,0.001983,0.002064,0.001757,0.00187,25706.0,9594070
verge,2015-12-15,1.8e-05,2.3e-05,1.4999999999999999e-05,1.7e-05,431.0,164222
bitcoin,2015-12-16,465.21,465.21,443.85,454.93,107944000.0,6962090000
bitshares,2015-12-16,0.003713,0.0037670000000000004,0.0036729999999999996,0.0037,56070.0,9412380
bytecoin-bcn,2015-12-16,3.1e-05,3.1e-05,2.8999999999999997e-05,3.1e-05,6323.0,5460060
dash,2015-12-16,2.69,2.73,2.55,2.69,46530.0,16315300
dogecoin,2015-12-16,0.00015,0.000156,0.000146,0.00015,219391.0,15350200
ethereum,2015-12-16,1.02,1.02,0.9749270000000001,0.991182,320767.0,76791600.0
litecoin,2015-12-16,3.84,3.84,3.68,3.7,3628690.0,167443000
monero,2015-12-16,0.555805,0.5569069999999999,0.515,0.518993,27338.0,5769580
nem,2015-12-16,0.000126,0.000194,0.00011599999999999999,0.000183,7084.0,1131790
ripple,2015-12-16,0.006689,0.006816,0.0064540000000000005,0.006755,1249850.0,224334000
siacoin,2015-12-16,1.4000000000000001e-05,2.3e-05,1.3000000000000001e-05,2.3e-05,2351.0,113677.0
stellar,2015-12-16,0.00187,0.001912,0.0018100000000000002,0.001846,18099.0,9048130
verge,2015-12-16,1.8e-05,2.2e-05,1.4000000000000001e-05,1.4000000000000001e-05,367.0,163097
bitcoin,2015-12-17,454.78,457.86,448.86,456.08,47978400.0,6807850000
bitshares,2015-12-17,0.0036969999999999998,0.0037159999999999997,0.003636,0.003694,35260.0,9372260
bytecoin-bcn,2015-12-17,3.1e-05,3.2e-05,2.9999999999999997e-05,3.1e-05,5297.0,5430700
dash,2015-12-17,2.69,2.69,2.57,2.61,40819.0,16298400
dogecoin,2015-12-17,0.00015,0.000157,0.000147,0.000155,161051.0,15344700
ethereum,2015-12-17,0.993043,0.997611,0.9118069999999999,0.940701,640765.0,74999300.0
litecoin,2015-12-17,3.7,3.79,3.68,3.74,2244680.0,161615000
monero,2015-12-17,0.51908,0.5327930000000001,0.495784,0.5012310000000001,19565.0,5394470
nem,2015-12-17,0.000199,0.000302,0.000183,0.00024300000000000002,33215.0,1790580
ripple,2015-12-17,0.0067540000000000005,0.006808,0.006670000000000001,0.006693999999999999,556682.0,226524000
siacoin,2015-12-17,2.3e-05,2.3e-05,1.3000000000000001e-05,1.8e-05,264.0,185973.0
stellar,2015-12-17,0.001846,0.0019100000000000002,0.0018329999999999998,0.001857,9562.0,8927870
verge,2015-12-17,1.4000000000000001e-05,1.8e-05,1.4000000000000001e-05,1.8e-05,3956.0,127338
bitcoin,2015-12-18,455.85,465.18,454.94,463.62,60220100.0,6825640000
bitshares,2015-12-18,0.003694,0.0037450000000000005,0.0035859999999999998,0.0036950000000000004,67072.0,9365590
bytecoin-bcn,2015-12-18,3.1e-05,3.1e-05,2.9999999999999997e-05,3.1e-05,5520.0,5436630
dash,2015-12-18,2.61,2.65,2.58,2.65,39821.0,15820500
dogecoin,2015-12-18,0.000155,0.00016,0.00015,0.000155,137046.0,15847400
ethereum,2015-12-18,0.938327,0.939493,0.9080809999999999,0.920127,300787.0,70890600.0
litecoin,2015-12-18,3.75,3.81,3.73,3.76,2642590.0,163728000
monero,2015-12-18,0.500976,0.510883,0.49179700000000004,0.499438,18904.0,5211360
nem,2015-12-18,0.00024300000000000002,0.00024900000000000004,0.000169,0.000182,12619.0,2188060
ripple,2015-12-18,0.006686,0.006686,0.006367,0.0063869999999999994,833330.0,224227000
siacoin,2015-12-18,1.8e-05,2.3e-05,1.4000000000000001e-05,1.9e-05,1158.0,149712.0
stellar,2015-12-18,0.001857,0.0018670000000000002,0.001812,0.001849,11457.0,8981180
verge,2015-12-18,1.8e-05,2.3e-05,1.7e-05,1.8e-05,1339.0,169252
bitcoin,2015-12-19,463.55,465.58,456.76,462.32,47892700.0,6942950000
bitshares,2015-12-19,0.003684,0.0037409999999999995,0.003616,0.003617,38934.0,9341830
bytecoin-bcn,2015-12-19,3.1e-05,3.1e-05,2.9999999999999997e-05,3.1e-05,5704.0,5503120
dash,2015-12-19,2.65,2.69,2.58,2.61,27223.0,16074600
dogecoin,2015-12-19,0.000157,0.00015800000000000002,0.00015,0.000153,122033.0,16080100
ethereum,2015-12-19,0.921524,0.925874,0.888916,0.9080719999999999,343535.0,69644200.0
litecoin,2015-12-19,3.77,3.78,3.71,3.72,1480630.0,164389000
monero,2015-12-19,0.49937700000000007,0.500674,0.46980500000000003,0.471013,23387.0,5200550
nem,2015-12-19,0.000182,0.000193,0.000134,0.000162,4681.0,1639130
ripple,2015-12-19,0.006383,0.0064010000000000004,0.006254,0.006291,452403.0,214054000
siacoin,2015-12-19,1.9e-05,2.3e-05,1.8e-05,1.8e-05,351.0,152675.0
stellar,2015-12-19,0.001849,0.001893,0.001797,0.001842,13348.0,8943110
verge,2015-12-19,1.8e-05,2.8000000000000003e-05,1.4000000000000001e-05,2.3e-05,4750.0,166877
bitcoin,2015-12-20,462.23,462.64,434.34,442.69,75409400.0,6925030000
bitshares,2015-12-20,0.003619,0.0036560000000000004,0.003512,0.003513,31851.0,9177190
bytecoin-bcn,2015-12-20,3.1e-05,3.2e-05,2.8999999999999997e-05,2.8999999999999997e-05,4703.0,5579610
dash,2015-12-20,2.61,2.64,2.46,2.49,39518.0,15865200
dogecoin,2015-12-20,0.000152,0.000152,0.00014099999999999998,0.000143,171565.0,15572500
ethereum,2015-12-20,0.9082399999999999,0.943185,0.8994409999999999,0.903885,472164.0,68663100.0
litecoin,2015-12-20,3.74,3.75,3.48,3.54,2853130.0,163373000
monero,2015-12-20,0.47298599999999996,0.5145,0.453287,0.507456,43384.0,4930890
nem,2015-12-20,0.000162,0.000164,0.00014,0.000155,3616.0,1461530
ripple,2015-12-20,0.006292,0.006340999999999999,0.006205,0.006235,577803.0,211015000
siacoin,2015-12-20,1.8e-05,1.9e-05,1.3000000000000001e-05,1.8e-05,777.0,152748.0
stellar,2015-12-20,0.001842,0.001842,0.0017399999999999998,0.0017460000000000002,8714.0,8911430
verge,2015-12-20,2.3e-05,2.7000000000000002e-05,1.6e-05,2.4e-05,460.0,213711
bitcoin,2015-12-21,442.84,444.73,427.31,438.64,77639700.0,6636280000
bitshares,2015-12-21,0.0034950000000000003,0.003585,0.0033469999999999997,0.003563,51867.0,8862730
bytecoin-bcn,2015-12-21,2.9999999999999997e-05,3.2e-05,2.8000000000000003e-05,2.9999999999999997e-05,6294.0,5267730
dash,2015-12-21,2.5,2.51,2.41,2.47,43767.0,15164400
dogecoin,2015-12-21,0.000145,0.000147,0.000139,0.000143,221747.0,14866400
ethereum,2015-12-21,0.906065,0.9173899999999999,0.8911819999999999,0.9007709999999999,549113.0,68521200.0
litecoin,2015-12-21,3.55,3.55,3.43,3.46,2244460.0,154934000
monero,2015-12-21,0.505214,0.5150239999999999,0.45085200000000003,0.488745,56810.0,5272120
nem,2015-12-21,0.000155,0.00021899999999999998,0.000143,0.000192,6140.0,1398200
ripple,2015-12-21,0.006234,0.0063560000000000005,0.006157999999999999,0.006268999999999999,512514.0,209072000
siacoin,2015-12-21,1.8e-05,2.2e-05,1.3000000000000001e-05,1.8e-05,956.0,146894.0
stellar,2015-12-21,0.0017469999999999999,0.001813,0.001691,0.0017800000000000001,8595.0,8450230
verge,2015-12-21,1.7e-05,2e-05,1.4000000000000001e-05,1.7e-05,156.0,155606
bitcoin,2015-12-22,437.44,443.69,435.52,436.57,50840400.0,6556960000
bitshares,2015-12-22,0.003565,0.003621,0.0034840000000000006,0.0034840000000000006,38614.0,9039380
bytecoin-bcn,2015-12-22,3.1e-05,3.2e-05,2.8000000000000003e-05,2.8999999999999997e-05,6242.0,5605370
dash,2015-12-22,2.47,2.6,2.46,2.55,47646.0,15026900
dogecoin,2015-12-22,0.00014199999999999998,0.000148,0.00014,0.00014199999999999998,156877.0,14547300
ethereum,2015-12-22,0.8949729999999999,0.9095260000000001,0.862059,0.864202,454249.0,67704600.0
litecoin,2015-12-22,3.46,3.48,3.4,3.42,1366080.0,151163000
monero,2015-12-22,0.488346,0.507606,0.457085,0.480099,25924.0,5101530
nem,2015-12-22,0.000192,0.00021,0.000176,0.000194,3694.0,1729500
ripple,2015-12-22,0.006271,0.006278,0.006184,0.006193,460222.0,210319000
siacoin,2015-12-22,1.7e-05,2.2e-05,1.3000000000000001e-05,1.7e-05,623.0,145790.0
stellar,2015-12-22,0.0017809999999999998,0.0017929999999999999,0.0017230000000000001,0.0017280000000000002,23377.0,8614320
verge,2015-12-22,1.7e-05,2.1e-05,1.4000000000000001e-05,2.1e-05,4829.0,157571
bitcoin,2015-12-23,436.72,444.53,436.62,442.4,47161400.0,6547850000
bitshares,2015-12-23,0.003478,0.003515,0.003353,0.0034700000000000004,58395.0,8821180
bytecoin-bcn,2015-12-23,2.8000000000000003e-05,2.9999999999999997e-05,2.8000000000000003e-05,2.9999999999999997e-05,3778.0,5015280
dash,2015-12-23,2.55,2.6,2.48,2.53,51744.0,15506300
dogecoin,2015-12-23,0.00014199999999999998,0.000149,0.00014099999999999998,0.000147,139291.0,14505200
ethereum,2015-12-23,0.8617819999999999,0.88294,0.856065,0.8580770000000001,334993.0,65215800.0
litecoin,2015-12-23,3.43,3.59,3.43,3.58,2274490.0,150056000
monero,2015-12-23,0.478893,0.499558,0.467131,0.48224399999999995,36501.0,5007830
nem,2015-12-23,0.000194,0.00021099999999999998,0.00018700000000000002,0.00020299999999999997,4073.0,1742160
ripple,2015-12-23,0.006188,0.006211,0.0060149999999999995,0.006021,364178.0,207526000
siacoin,2015-12-23,1.7e-05,2.2e-05,1.7e-05,2.2e-05,1199.0,146402.0
stellar,2015-12-23,0.001726,0.001771,0.0017120000000000002,0.0017420000000000003,17711.0,8347920
verge,2015-12-23,2.1e-05,2.2e-05,1.7e-05,2.2e-05,3454.0,198738
bitcoin,2015-12-24,443.09,458.46,443.08,454.99,57157200.0,6645120000
bitshares,2015-12-24,0.003478,0.012374,0.003392,0.0034100000000000003,68482.0,8820100
bytecoin-bcn,2015-12-24,2.9999999999999997e-05,3.3e-05,2.9999999999999997e-05,3.1e-05,8858.0,5352050
dash,2015-12-24,2.53,2.78,2.53,2.77,83730.0,15396800
dogecoin,2015-12-24,0.000148,0.000151,0.000144,0.000147,161918.0,15178200
ethereum,2015-12-24,0.859433,0.882818,0.8476,0.8632620000000001,354646.0,65060000.0
litecoin,2015-12-24,3.59,3.68,3.59,3.64,2530790.0,157004000
monero,2015-12-24,0.480936,0.493704,0.474434,0.490058,23611.0,5034380
nem,2015-12-24,0.00020299999999999997,0.000205,0.00016299999999999998,0.000178,3898.0,1824760
ripple,2015-12-24,0.006023,0.006053,0.005954999999999999,0.005971,332166.0,201991000
siacoin,2015-12-24,2.2e-05,2.3e-05,1.8e-05,1.8e-05,508.0,186281.0
stellar,2015-12-24,0.001743,0.00179,0.001696,0.0017699999999999999,22656.0,8431660
verge,2015-12-24,1.8e-05,1.8e-05,1.3000000000000001e-05,1.4000000000000001e-05,1772.0,163956
bitcoin,2015-12-25,454.86,458.31,452.07,455.65,39078500.0,6823120000
bitshares,2015-12-25,0.0034130000000000002,0.003561,0.003406,0.003478,30702.0,8656740
bytecoin-bcn,2015-12-25,3.3e-05,4.4e-05,3.1e-05,3.2e-05,9869.0,5916730
dash,2015-12-25,2.77,2.94,2.72,2.83,99786.0,16851000
dogecoin,2015-12-25,0.000148,0.000152,0.000146,0.000147,175660.0,15196000
ethereum,2015-12-25,0.861993,0.8825559999999999,0.861993,0.8703629999999999,187114.0,65275400.0
litecoin,2015-12-25,3.65,3.68,3.6,3.62,1628860.0,159629000
monero,2015-12-25,0.48953199999999997,0.496537,0.482095,0.484163,9978.0,5129570
nem,2015-12-25,0.000182,0.000206,0.000168,0.000185,3183.0,1635830
ripple,2015-12-25,0.005971,0.006514,0.0059700000000000005,0.006487000000000001,815998.0,200253000
siacoin,2015-12-25,1.8e-05,2.3e-05,1.8e-05,1.8e-05,1275.0,154111.0
stellar,2015-12-25,0.001757,0.0018280000000000002,0.001725,0.0018280000000000002,14657.0,8496860
verge,2015-12-25,1.4000000000000001e-05,1.8e-05,1.3000000000000001e-05,1.3000000000000001e-05,175.0,127149
bitcoin,2015-12-26,455.76,457.49,405.76,417.27,116166000.0,6838480000
bitshares,2015-12-26,0.0034850000000000003,0.003505,0.003268,0.0033009999999999997,51781.0,8839680
bytecoin-bcn,2015-12-26,3.2e-05,3.5e-05,2.8999999999999997e-05,2.9999999999999997e-05,15038.0,5758330
dash,2015-12-26,2.83,2.98,2.68,2.77,96357.0,17218200
dogecoin,2015-12-26,0.000149,0.00015,0.000136,0.000139,230344.0,15299200
ethereum,2015-12-26,0.870766,0.8974530000000001,0.8383139999999999,0.8546030000000001,425282.0,65961900.0
litecoin,2015-12-26,3.64,3.64,3.38,3.42,3880050.0,159347000
monero,2015-12-26,0.488908,0.49468500000000004,0.43631800000000004,0.446716,16968.0,5128550
nem,2015-12-26,0.000185,0.00018600000000000002,0.000156,0.000162,1106.0,1665990
ripple,2015-12-26,0.006490999999999999,0.006508,0.006145,0.006174,665210.0,217690000
siacoin,2015-12-26,1.8e-05,2.3e-05,1.2e-05,1.7e-05,864.0,155312.0
stellar,2015-12-26,0.00183,0.001831,0.0016239999999999998,0.00165,14773.0,8851350
verge,2015-12-26,1.3000000000000001e-05,1.7e-05,1e-05,1.4999999999999999e-05,343.0,124397
bitcoin,2015-12-27,416.51,424.01,408.88,422.82,53591200.0,6251440000
bitshares,2015-12-27,0.0032990000000000003,0.003557,0.0032869999999999996,0.0035479999999999995,62829.0,8366400
bytecoin-bcn,2015-12-27,3.1e-05,3.4e-05,2.8999999999999997e-05,3.1e-05,11918.0,5458050
dash,2015-12-27,2.73,2.73,2.6,2.65,37590.0,16651400
dogecoin,2015-12-27,0.000139,0.000145,0.000138,0.000145,145042.0,14280100
ethereum,2015-12-27,0.853166,0.8615379999999999,0.841151,0.8563649999999999,164565.0,64650000.0
litecoin,2015-12-27,3.42,3.49,3.39,3.48,2048800.0,149735000
monero,2015-12-27,0.448906,0.4664,0.440986,0.451554,16567.0,4713750
nem,2015-12-27,0.000162,0.000162,0.000145,0.00015,3405.0,1454210
ripple,2015-12-27,0.0061719999999999995,0.0063549999999999995,0.006132,0.006343,465856.0,206978000
siacoin,2015-12-27,1.7e-05,2.1e-05,1.6e-05,1.7e-05,1027.0,142705.0
stellar,2015-12-27,0.0016489999999999999,0.001743,0.001638,0.00172,47298.0,7978740
verge,2015-12-27,1.4000000000000001e-05,1.9e-05,1.2e-05,1.4999999999999999e-05,847.0,132161
bitcoin,2015-12-28,423.34,429.77,418.48,422.28,49638600.0,6356100000
bitshares,2015-12-28,0.003543,0.00358,0.0034100000000000003,0.003432,35092.0,8987400
bytecoin-bcn,2015-12-28,3.2e-05,3.7e-05,2.9999999999999997e-05,3.2e-05,14004.0,5731100
dash,2015-12-28,2.64,3.05,2.63,2.98,88281.0,16067600
dogecoin,2015-12-28,0.000144,0.000147,0.00013700000000000002,0.000139,139835.0,14745300
ethereum,2015-12-28,0.8563559999999999,0.872394,0.832932,0.8450049999999999,235134.0,64913200.0
litecoin,2015-12-28,3.48,3.53,3.46,3.47,1647170.0,152300000
monero,2015-12-28,0.452179,0.45988999999999997,0.443942,0.446928,14727.0,4752790
nem,2015-12-28,0.00015,0.000166,0.00014,0.00014,1392.0,1352370
ripple,2015-12-28,0.0063479999999999995,0.006442,0.006326,0.00634,469583.0,212902000
siacoin,2015-12-28,1.7e-05,1.7e-05,1.3000000000000001e-05,1.3000000000000001e-05,85.0,145596.0
stellar,2015-12-28,0.0017219999999999998,0.001777,0.001698,0.001777,21904.0,8331330
verge,2015-12-28,1.7e-05,1.9e-05,1e-05,1.3000000000000001e-05,7446.0,160743
bitcoin,2015-12-29,422.1,432.98,420.63,432.98,51596500.0,6339010000
bitshares,2015-12-29,0.003432,0.0034630000000000004,0.0033740000000000003,0.00345,23458.0,8705300
bytecoin-bcn,2015-12-29,3.2e-05,3.4e-05,2.9999999999999997e-05,3.2e-05,12346.0,5727950
dash,2015-12-29,3.03,3.09,2.92,3.09,141636.0,18461600
dogecoin,2015-12-29,0.000139,0.000155,0.000138,0.000155,104967.0,14194700
ethereum,2015-12-29,0.843835,0.8730540000000001,0.833232,0.8730540000000001,215742.0,63985600.0
litecoin,2015-12-29,3.47,3.52,3.44,3.5,2161460.0,152035000
monero,2015-12-29,0.44672399999999995,0.470286,0.441525,0.45616,14980.0,4700130
nem,2015-12-29,0.00014,0.00016299999999999998,0.00014,0.000161,1042.0,1256480
ripple,2015-12-29,0.006342,0.006353,0.0062450000000000006,0.0062640000000000005,312612.0,212685000
siacoin,2015-12-29,1.3000000000000001e-05,2.1e-05,1.3000000000000001e-05,1.7e-05,1862.0,109628.0
stellar,2015-12-29,0.001771,0.0017870000000000002,0.0017010000000000003,0.001743,47760.0,8567100
verge,2015-12-29,1.3000000000000001e-05,1.7e-05,1.3000000000000001e-05,1.7e-05,2705.0,118160
bitcoin,2015-12-30,433.3,434.39,422.08,426.62,46889400.0,6508960000
bitshares,2015-12-30,0.003454,0.0035020000000000003,0.003367,0.0034729999999999995,40127.0,8762890
bytecoin-bcn,2015-12-30,2.9999999999999997e-05,3.3e-05,2.8999999999999997e-05,2.9999999999999997e-05,8415.0,5423110
dash,2015-12-30,3.09,4.65,3.09,3.52,524544.0,18810200
dogecoin,2015-12-30,0.000156,0.000157,0.000149,0.000153,124837.0,15947100
ethereum,2015-12-30,0.874258,0.941099,0.866647,0.911958,604078.0,66314200.0
litecoin,2015-12-30,3.51,3.51,3.45,3.46,2202460.0,153896000
monero,2015-12-30,0.456351,0.471401,0.437645,0.441028,34389.0,4806230
nem,2015-12-30,0.000161,0.000173,0.000145,0.00016,2870.0,1448130
ripple,2015-12-30,0.006266,0.006271,0.00617,0.006182,280345.0,210132000
siacoin,2015-12-30,1.7e-05,2.1e-05,1.7e-05,1.7e-05,970.0,150760.0
stellar,2015-12-30,0.001745,0.0018039999999999998,0.0017289999999999999,0.0017629999999999998,46252.0,8443070
verge,2015-12-30,1.7e-05,1.7e-05,1e-05,1.3000000000000001e-05,347.0,155866
bitcoin,2015-12-31,425.88,432.92,418.74,430.57,45996600.0,6399190000
bitshares,2015-12-31,0.003475,0.003498,0.0033659999999999996,0.0034289999999999998,23311.0,8815430
bytecoin-bcn,2015-12-31,2.9999999999999997e-05,3.3e-05,2.8000000000000003e-05,2.9999999999999997e-05,7855.0,5366670
dash,2015-12-31,3.52,3.61,3.08,3.27,191862.0,21459700
dogecoin,2015-12-31,0.000151,0.000157,0.000147,0.000151,95446.0,15475000
ethereum,2015-12-31,0.912098,0.9754139999999999,0.910277,0.933542,663994.0,69207400.0
litecoin,2015-12-31,3.46,3.5,3.41,3.48,2667620.0,151635000
monero,2015-12-31,0.44144300000000003,0.47352700000000003,0.438939,0.47040200000000004,27510.0,4654080
nem,2015-12-31,0.00016,0.00016,0.000147,0.000151,1171.0,1439410
ripple,2015-12-31,0.006184,0.006184,0.006039,0.00604,374355.0,207381000
siacoin,2015-12-31,1.7e-05,1.7e-05,1.7e-05,1.7e-05,41.0,148746.0
stellar,2015-12-31,0.0017640000000000002,0.0017739999999999998,0.001333,0.0017510000000000002,27310.0,8533920
verge,2015-12-31,1.3000000000000001e-05,1.7e-05,1.2e-05,1.3000000000000001e-05,523.0,117036
bitcoin,2016-01-01,430.72,436.25,427.51,434.33,36278900.0,6473530000
bitshares,2016-01-01,0.003425,0.0035020000000000003,0.003409,0.00346,18590.0,8688490
bytecoin-bcn,2016-01-01,3.1e-05,3.2e-05,2.8000000000000003e-05,3.1e-05,7178.0,5448830
dash,2016-01-01,3.33,3.54,3.24,3.38,98317.0,20289600
dogecoin,2016-01-01,0.00015,0.000156,0.00015,0.000154,105224.0,15372500
ethereum,2016-01-01,0.9337120000000001,0.954822,0.931442,0.948024,206062.0,70870900.0
litecoin,2016-01-01,3.48,3.53,3.47,3.51,2791170.0,152570000
monero,2016-01-01,0.470707,0.556793,0.46520200000000006,0.497867,88914.0,4967640
nem,2016-01-01,0.000151,0.000173,0.000151,0.000162,1361.0,1358320
ripple,2016-01-01,0.00604,0.006044,0.005933,0.005954999999999999,211767.0,202562000
siacoin,2016-01-01,1.7e-05,2.2e-05,1.7e-05,2.2e-05,1036.0,150906.0
stellar,2016-01-01,0.0017519999999999999,0.001766,0.001549,0.001748,4947.0,8472820
verge,2016-01-01,1.3000000000000001e-05,1.6e-05,9e-06,1.4999999999999999e-05,700.0,121532
bitcoin,2016-01-02,434.62,436.06,431.87,433.44,30096600.0,6533630000
bitshares,2016-01-02,0.003461,0.003478,0.0034170000000000003,0.003418,11052.0,8780140
bytecoin-bcn,2016-01-02,3.1e-05,3.2e-05,2.9999999999999997e-05,3.1e-05,9892.0,5485600
dash,2016-01-02,3.38,3.43,3.24,3.28,62353.0,20638600
dogecoin,2016-01-02,0.000155,0.000156,0.000148,0.000151,90477.0,15847900
ethereum,2016-01-02,0.947401,0.9696370000000001,0.9365600000000001,0.937124,255504.0,71933100.0
litecoin,2016-01-02,3.52,3.53,3.49,3.5,3020260.0,154187000
monero,2016-01-02,0.498302,0.5643729999999999,0.498302,0.532668,64901.0,5264120
nem,2016-01-02,0.000162,0.000177,0.000161,0.000165,1140.0,1458810
ripple,2016-01-02,0.005957,0.006079,0.005933,0.006065,278539.0,199767000
siacoin,2016-01-02,2.2e-05,2.2e-05,2.2e-05,2.2e-05,869.0,190970.0
stellar,2016-01-02,0.001749,0.0017620000000000001,0.001684,0.001741,45950.0,8462960
verge,2016-01-02,1.4999999999999999e-05,1.7e-05,1.1e-05,1.1e-05,2473.0,138945
bitcoin,2016-01-03,433.58,433.74,424.71,430.01,39633800.0,6519500000
bitshares,2016-01-03,0.0034159999999999998,0.003453,0.003363,0.003386,12205.0,8665730
bytecoin-bcn,2016-01-03,3.1e-05,3.3e-05,2.9999999999999997e-05,3.1e-05,7362.0,5553620
dash,2016-01-03,3.29,3.35,3.13,3.24,87155.0,20114800
dogecoin,2016-01-03,0.000149,0.00015,0.000143,0.000146,104005.0,15234300
ethereum,2016-01-03,0.9384299999999999,0.9913620000000001,0.934313,0.9719049999999999,407632.0,71275900.0
litecoin,2016-01-03,3.5,3.51,3.45,3.48,2406150.0,153739000
monero,2016-01-03,0.532842,0.540589,0.49085500000000004,0.500312,43237.0,5634660
nem,2016-01-03,0.000165,0.000175,0.00016,0.000175,573.0,1484340
ripple,2016-01-03,0.006065999999999999,0.00607,0.005988,0.006017,291723.0,203442000
stellar,2016-01-03,0.0017530000000000002,0.001756,0.0017050000000000001,0.001744,43531.0,8479600
verge,2016-01-03,1.1e-05,1.7e-05,1.1e-05,1.2e-05,480.0,106369
bitcoin,2016-01-04,430.06,434.52,429.08,433.09,38477500.0,6468180000
bitshares,2016-01-04,0.003387,0.0034289999999999998,0.003357,0.0033659999999999996,19261.0,8592970
bytecoin-bcn,2016-01-04,3.2e-05,3.4e-05,2.9999999999999997e-05,3.3e-05,4896.0,5751980
dash,2016-01-04,3.25,3.35,3.24,3.32,65748.0,19882500
dogecoin,2016-01-04,0.000146,0.000148,0.00014199999999999998,0.000144,92160.0,14932100
ethereum,2016-01-04,0.972045,0.9764379999999999,0.9298350000000001,0.9544799999999999,346245.0,73853900.0
litecoin,2016-01-04,3.48,3.51,3.48,3.5,3309740.0,152699000
monero,2016-01-04,0.506154,0.528551,0.498989,0.517388,29381.0,5357790
nem,2016-01-04,0.000175,0.000244,0.000168,0.00020299999999999997,7346.0,1575230
ripple,2016-01-04,0.006019,0.006059,0.005953,0.005958,310820.0,201852000
siacoin,2016-01-04,2.2e-05,2.2e-05,1.3000000000000001e-05,1.7e-05,2322.0,191441.0
stellar,2016-01-04,0.001745,0.0017620000000000001,0.001727,0.001748,4634.0,8439010
verge,2016-01-04,1.2e-05,1.7e-05,9e-06,1.3000000000000001e-05,486.0,109998
bitcoin,2016-01-05,433.07,434.18,429.68,431.96,34522600.0,6515380000
bitshares,2016-01-05,0.003357,0.003396,0.0033380000000000003,0.00337,15650.0,8517920
bytecoin-bcn,2016-01-05,3.3e-05,3.4e-05,2.9999999999999997e-05,3.3e-05,5243.0,5912020
dash,2016-01-05,3.32,3.44,3.29,3.33,71861.0,20278200
dogecoin,2016-01-05,0.000144,0.000154,0.000135,0.00013700000000000002,52937.0,14749000
ethereum,2016-01-05,0.953147,0.9705969999999999,0.946543,0.950176,219833.0,72442400.0
litecoin,2016-01-05,3.49,3.51,3.45,3.47,2104650.0,153319000
monero,2016-01-05,0.517417,0.542459,0.494788,0.49927200000000005,30449.0,5482480
nem,2016-01-05,0.00020299999999999997,0.000205,0.000183,0.00018600000000000002,1676.0,1824260
ripple,2016-01-05,0.005954,0.006044,0.005953,0.006044,381554.0,199673000
siacoin,2016-01-05,1.7e-05,2.2e-05,1.3000000000000001e-05,1.7e-05,3097.0,154197.0
stellar,2016-01-05,0.001748,0.0017519999999999999,0.0017,0.001721,18239.0,8456040
verge,2016-01-05,1.3000000000000001e-05,1.6e-05,9e-06,1.3000000000000001e-05,135.0,121454
bitcoin,2016-01-06,431.86,431.86,426.34,429.11,34042500.0,6498830000
bitshares,2016-01-06,0.00337,0.0033729999999999997,0.0032119999999999996,0.0032450000000000005,40129.0,8549490
bytecoin-bcn,2016-01-06,3.3e-05,3.4e-05,3.1e-05,3.3e-05,2398.0,5936120
dash,2016-01-06,3.33,3.4,3.29,3.38,34542.0,20334100
dogecoin,2016-01-06,0.00013700000000000002,0.000138,0.000134,0.000135,41477.0,14055900
ethereum,2016-01-06,0.9500280000000001,0.960659,0.935708,0.95086,308791.0,72229700.0
litecoin,2016-01-06,3.47,3.47,3.44,3.45,2208860.0,152276000
monero,2016-01-06,0.49922,0.516756,0.49551999999999996,0.505053,19057.0,5295000
nem,2016-01-06,0.00018600000000000002,0.000195,0.000182,0.000188,1372.0,1678260
ripple,2016-01-06,0.006044,0.006044,0.005983,0.0060030000000000005,316235.0,202699000
siacoin,2016-01-06,1.7e-05,2.2e-05,1.7e-05,1.7e-05,2210.0,154263.0
stellar,2016-01-06,0.001721,0.001744,0.001668,0.0016719999999999999,27863.0,8325820
verge,2016-01-06,1.3000000000000001e-05,1.3000000000000001e-05,1.2e-05,1.3000000000000001e-05,1524.0,123628
bitcoin,2016-01-07,430.01,458.77,429.08,458.05,87562200.0,6472580000
bitshares,2016-01-07,0.003242,0.0032920000000000002,0.0023870000000000002,0.002979,456946.0,8226500
bytecoin-bcn,2016-01-07,3.3e-05,3.6e-05,3.2e-05,3.5e-05,9922.0,5848430
dash,2016-01-07,3.37,3.45,3.31,3.38,116373.0,20637500
dogecoin,2016-01-07,0.000134,0.00014199999999999998,0.000134,0.000139,180463.0,13784000
ethereum,2016-01-07,0.955801,0.9746229999999999,0.9358299999999999,0.942005,647462.0,72692900.0
litecoin,2016-01-07,3.45,3.61,3.44,3.6,4560680.0,151582000
monero,2016-01-07,0.5031479999999999,0.519682,0.47861400000000004,0.492529,47307.0,5341860
nem,2016-01-07,0.000188,0.000264,0.000188,0.000252,20869.0,1688180
ripple,2016-01-07,0.005998,0.00609,0.005998,0.006039,426048.0,201168000
siacoin,2016-01-07,1.7e-05,1.8e-05,1.4000000000000001e-05,1.8e-05,638.0,154214.0
stellar,2016-01-07,0.0016690000000000001,0.00176,0.0016690000000000001,0.0017280000000000002,26671.0,8073020
verge,2016-01-07,1.3000000000000001e-05,1.8e-05,9e-06,1.4000000000000001e-05,244.0,120327
bitcoin,2016-01-08,457.54,462.93,447.94,453.23,56993000.0,6888600000
bitshares,2016-01-08,0.0029809999999999997,0.003148,0.0028640000000000002,0.002921,146358.0,7565020
bytecoin-bcn,2016-01-08,3.5e-05,3.5e-05,3.1e-05,3.4e-05,9013.0,6250190
dash,2016-01-08,3.41,3.42,3.26,3.31,76706.0,20905100
dogecoin,2016-01-08,0.00014,0.00015800000000000002,0.000138,0.00015800000000000002,306716.0,14350600
ethereum,2016-01-08,0.942752,0.991825,0.939715,0.9867889999999999,545600.0,71724000.0
litecoin,2016-01-08,3.6,3.64,3.53,3.57,3277990.0,158077000
monero,2016-01-08,0.490154,0.505359,0.48489799999999994,0.488417,19424.0,5209180
nem,2016-01-08,0.000252,0.000323,0.00022200000000000003,0.000272,30481.0,2265820
ripple,2016-01-08,0.00604,0.006055,0.005905,0.005933,288641.0,202573000
siacoin,2016-01-08,1.8e-05,1.8e-05,1.4000000000000001e-05,1.8e-05,1274.0,164862.0
stellar,2016-01-08,0.001736,0.001757,0.001679,0.0016809999999999998,28246.0,8399830
verge,2016-01-08,1.4000000000000001e-05,1.4000000000000001e-05,9e-06,1.4000000000000001e-05,204.0,128385
bitcoin,2016-01-09,453.38,454.64,446.89,447.61,32278000.0,6828000000
bitshares,2016-01-09,0.0029170000000000003,0.003351,0.002902,0.00314,168421.0,7401020
bytecoin-bcn,2016-01-09,3.4e-05,3.5e-05,3.2e-05,3.4e-05,6492.0,6061130
dash,2016-01-09,3.3,3.37,3.18,3.18,39174.0,20252100
dogecoin,2016-01-09,0.000173,0.000202,0.000169,0.00018,1201210.0,17796700
ethereum,2016-01-09,0.9855010000000001,0.992345,0.9736,0.986833,226281.0,75001800.0
litecoin,2016-01-09,3.57,3.59,3.54,3.56,2934720.0,157142000
monero,2016-01-09,0.485166,0.51337,0.485019,0.49013500000000004,29526.0,5161200
nem,2016-01-09,0.000272,0.000275,0.00023199999999999997,0.000256,9030.0,2447750
ripple,2016-01-09,0.005937,0.006005,0.005933,0.005982,310336.0,199105000
siacoin,2016-01-09,1.8e-05,2.7000000000000002e-05,1.8e-05,2.2e-05,5043.0,164099.0
stellar,2016-01-09,0.0016820000000000001,0.0018059999999999999,0.001678,0.001749,38630.0,8137060
verge,2016-01-09,1.4000000000000001e-05,1.8e-05,1.3000000000000001e-05,1.3000000000000001e-05,621.0,126782
bitcoin,2016-01-10,448.24,448.31,440.35,447.99,35995900.0,6752210000
bitshares,2016-01-10,0.00314,0.003171,0.0029760000000000003,0.003029,64815.0,7967480
bytecoin-bcn,2016-01-10,3.4e-05,3.4e-05,3.2e-05,3.4e-05,4199.0,5985520
dash,2016-01-10,3.18,3.29,2.83,3.29,167678.0,19514900
dogecoin,2016-01-10,0.00018,0.00018,0.00015900000000000002,0.000167,326345.0,18455400
ethereum,2016-01-10,0.985557,1.0,0.9750989999999999,0.999231,390888.0,75031200.0
litecoin,2016-01-10,3.56,3.56,3.5,3.54,2462000.0,156524000
monero,2016-01-10,0.489759,0.523419,0.477837,0.48857799999999996,31087.0,5215390
nem,2016-01-10,0.000256,0.000272,0.000244,0.000256,3027.0,2307980
ripple,2016-01-10,0.005982,0.005999,0.0059310000000000005,0.005956,195011.0,200625000
siacoin,2016-01-10,2.2e-05,3.5e-05,2.2e-05,2.7000000000000002e-05,11334.0,203698.0
stellar,2016-01-10,0.001749,0.001784,0.001714,0.0017649999999999999,51522.0,8461790
verge,2016-01-10,1.3000000000000001e-05,1.8e-05,1.3000000000000001e-05,1.4000000000000001e-05,411.0,125594
bitcoin,2016-01-11,448.7,450.66,443.86,448.43,40450000.0,6761090000
bitshares,2016-01-11,0.003023,0.003072,0.00295,0.003014,121164.0,7670410
bytecoin-bcn,2016-01-11,3.3e-05,3.8e-05,3.2e-05,3.7e-05,4292.0,5908540
dash,2016-01-11,3.28,3.35,3.07,3.15,99815.0,20143400
dogecoin,2016-01-11,0.000167,0.000177,0.000166,0.000171,154848.0,17122200
ethereum,2016-01-11,0.999216,1.07,0.999216,1.06,1011920.0,76096500.0
litecoin,2016-01-11,3.53,3.57,3.53,3.56,2931030.0,155131000
monero,2016-01-11,0.49136499999999994,0.49766400000000005,0.47598999999999997,0.482049,22051.0,5237660
nem,2016-01-11,0.00025699999999999996,0.00025699999999999996,0.00023199999999999997,0.000239,11982.0,2309540
ripple,2016-01-11,0.005963,0.0059700000000000005,0.0058920000000000005,0.005895,216286.0,199979000
siacoin,2016-01-11,2.7000000000000002e-05,2.7000000000000002e-05,2.2e-05,2.7000000000000002e-05,2457.0,245871.0
stellar,2016-01-11,0.001766,0.0017809999999999998,0.0016899999999999999,0.001739,24871.0,8544660
verge,2016-01-11,1.4000000000000001e-05,1.4000000000000001e-05,9e-06,1.3000000000000001e-05,1292.0,129933
bitcoin,2016-01-12,448.18,448.18,435.69,435.69,115607000.0,6755220000
bitshares,2016-01-12,0.003015,0.003264,0.003008,0.003146,155523.0,7651760
bytecoin-bcn,2016-01-12,3.7e-05,3.7e-05,3.3e-05,3.6e-05,3914.0,6580310
dash,2016-01-12,3.17,3.17,2.92,3.03,130485.0,19455500
dogecoin,2016-01-12,0.000171,0.000193,0.000169,0.00018,669461.0,17548400
ethereum,2016-01-12,1.07,1.28,1.05,1.14,2898760.0,81217300.0
litecoin,2016-01-12,3.55,3.56,3.49,3.49,4566050.0,156360000
monero,2016-01-12,0.481367,0.508041,0.470785,0.490113,51116.0,5135940
nem,2016-01-12,0.00023799999999999998,0.000267,0.00023199999999999997,0.00026000000000000003,7721.0,2146070
ripple,2016-01-12,0.0058920000000000005,0.0058969999999999995,0.005854,0.005854,310414.0,197609000
siacoin,2016-01-12,2.7000000000000002e-05,2.7000000000000002e-05,1.8e-05,2.2e-05,1921.0,246898.0
stellar,2016-01-12,0.001736,0.001773,0.0017059999999999998,0.001743,25468.0,8397600
verge,2016-01-12,1.3000000000000001e-05,1.3000000000000001e-05,9e-06,1.3000000000000001e-05,886.0,125855
bitcoin,2016-01-13,434.67,435.19,424.44,432.37,173888000.0,6553350000
bitshares,2016-01-13,0.003134,0.003257,0.003066,0.003257,166116.0,7953430
bytecoin-bcn,2016-01-13,3.6e-05,3.7e-05,3.2e-05,3.7e-05,4471.0,6410400
dash,2016-01-13,3.03,3.14,2.97,3.1,57266.0,18622300
dogecoin,2016-01-13,0.00017900000000000001,0.000184,0.000176,0.000177,302111.0,18378400
ethereum,2016-01-13,1.14,1.15,1.08,1.13,1005910.0,86530000.0
litecoin,2016-01-13,3.49,3.49,3.43,3.48,6745630.0,153644000
monero,2016-01-13,0.48582200000000003,0.48903900000000006,0.456484,0.48430200000000007,43051.0,5188720
nem,2016-01-13,0.000258,0.000259,0.000242,0.000248,6263.0,2318410
ripple,2016-01-13,0.005836,0.005836,0.005753,0.005794,497284.0,195725000
siacoin,2016-01-13,2.2e-05,2.6000000000000002e-05,1.7e-05,2.2e-05,2735.0,200567.0
stellar,2016-01-13,0.001741,0.0018440000000000002,0.001698,0.0018239999999999999,50968.0,8424060
verge,2016-01-13,1.3000000000000001e-05,1.7e-05,1.2e-05,1.3000000000000001e-05,61.0,122321
bitcoin,2016-01-14,432.29,433.32,427.85,430.31,43945500.0,6519110000
bitshares,2016-01-14,0.0032600000000000003,0.0035549999999999996,0.0031609999999999997,0.0031829999999999996,187518.0,8275060
bytecoin-bcn,2016-01-14,3.7e-05,3.9e-05,3.6e-05,3.7e-05,5345.0,6583480
dash,2016-01-14,3.1,3.58,3.09,3.4,176887.0,19024300
dogecoin,2016-01-14,0.000177,0.000181,0.000172,0.000175,160331.0,18173500
ethereum,2016-01-14,1.12,1.19,1.1,1.19,751961.0,85539300.0
litecoin,2016-01-14,3.47,3.48,3.45,3.47,2044890.0,152853000
monero,2016-01-14,0.48514399999999996,0.496792,0.473786,0.486483,34524.0,5186490
nem,2016-01-14,0.000248,0.000304,0.000248,0.000285,39981.0,2233940
ripple,2016-01-14,0.005795000000000001,0.005802000000000001,0.005526,0.005529,849371.0,194348000
siacoin,2016-01-14,2.2e-05,2.6000000000000002e-05,1.7e-05,2.2e-05,1081.0,200320.0
stellar,2016-01-14,0.0018239999999999999,0.0019140000000000001,0.0017620000000000001,0.0019140000000000001,64127.0,8822900
verge,2016-01-14,1.3000000000000001e-05,1.4000000000000001e-05,1.3000000000000001e-05,1.3000000000000001e-05,130.0,119314
bitcoin,2016-01-15,430.25,430.25,364.33,364.33,153351000.0,6489870000
bitshares,2016-01-15,0.003184,0.0033450000000000003,0.003034,0.003077,180154.0,8080940
bytecoin-bcn,2016-01-15,3.7e-05,3.7e-05,3.1e-05,3.1e-05,5988.0,6556300
dash,2016-01-15,3.36,3.71,3.31,3.36,431794.0,20643400
dogecoin,2016-01-15,0.000176,0.000176,0.000149,0.000149,274796.0,18050400
ethereum,2016-01-15,1.18,1.32,1.14,1.21,3910550.0,90321700.0
litecoin,2016-01-15,3.46,3.46,3.0,3.0,5117640.0,152598000
monero,2016-01-15,0.48567299999999997,0.48976400000000003,0.42845600000000006,0.42845600000000006,43534.0,5197330
nem,2016-01-15,0.000285,0.000328,0.000256,0.000256,37975.0,2563120
ripple,2016-01-15,0.005528,0.005528,0.005229,0.005229,441054.0,185409000
siacoin,2016-01-15,2.2e-05,2.5e-05,1.8e-05,2.2e-05,750.0,200130.0
stellar,2016-01-15,0.001927,0.002091,0.0017109999999999998,0.001737,60907.0,9323670
verge,2016-01-15,1.3000000000000001e-05,1.3000000000000001e-05,9e-06,1.1e-05,97.0,123796
bitcoin,2016-01-16,365.07,390.56,354.91,387.54,120352000.0,5507790000
bitshares,2016-01-16,0.003065,0.003127,0.002755,0.003078,187047.0,7780730
bytecoin-bcn,2016-01-16,3.1e-05,3.7e-05,3.1e-05,3.5e-05,12334.0,5587930
dash,2016-01-16,3.34,4.4,3.34,3.89,1878320.0,20501100
dogecoin,2016-01-16,0.000149,0.000156,0.000145,0.000155,240252.0,15336600
ethereum,2016-01-16,1.22,1.31,1.17,1.22,2462630.0,93099400.0
litecoin,2016-01-16,2.97,3.11,2.92,3.09,4170270.0,130687000
monero,2016-01-16,0.426969,0.501106,0.42661400000000005,0.49666800000000005,38893.0,4573430
nem,2016-01-16,0.00025499999999999996,0.00028,0.00025299999999999997,0.000278,10071.0,2295880
ripple,2016-01-16,0.005221,0.005274,0.005072,0.005111999999999999,304209.0,175087000
siacoin,2016-01-16,2.2e-05,2.3e-05,1.8e-05,1.9e-05,433.0,204558.0
stellar,2016-01-16,0.001737,0.001748,0.00164,0.001748,24153.0,8404280
verge,2016-01-16,1.1e-05,1.3000000000000001e-05,9e-06,1.2e-05,131.0,102286
bitcoin,2016-01-17,387.15,390.96,380.09,382.3,45319600.0,5842270000
bitshares,2016-01-17,0.003069,0.0031190000000000002,0.00299,0.003037,93171.0,7791300
bytecoin-bcn,2016-01-17,3.5e-05,3.8e-05,3.2e-05,3.4e-05,4012.0,6275440
dash,2016-01-17,3.88,5.19,3.76,4.95,560892.0,23866800
dogecoin,2016-01-17,0.000155,0.000156,0.00015,0.000152,64728.0,15961200
ethereum,2016-01-17,1.22,1.33,1.21,1.33,1171150.0,93207300.0
litecoin,2016-01-17,3.09,3.1,3.02,3.03,1905660.0,136090000
monero,2016-01-17,0.49913900000000005,0.5090399999999999,0.43554499999999996,0.45077399999999995,61136.0,5351640
nem,2016-01-17,0.000278,0.0003,0.000278,0.000294,9379.0,2501490
ripple,2016-01-17,0.00511,0.005285,0.005011,0.005266,473175.0,171385000
siacoin,2016-01-17,1.9e-05,2.3e-05,1.9e-05,1.9e-05,1798.0,181178.0
stellar,2016-01-17,0.001748,0.001761,0.001668,0.001714,25329.0,8453860
verge,2016-01-17,1.2e-05,1.2e-05,8e-06,8e-06,146.0,108143
bitcoin,2016-01-18,381.73,388.1,376.67,387.17,54403900.0,5761940000
bitshares,2016-01-18,0.003037,0.003076,0.003002,0.003038,66267.0,7708180
bytecoin-bcn,2016-01-18,3.4e-05,3.7e-05,3.3e-05,3.5e-05,6359.0,6012220
dash,2016-01-18,4.94,4.94,4.27,4.37,464263.0,30399700
dogecoin,2016-01-18,0.000152,0.000153,0.00015,0.000151,90041.0,15566800
ethereum,2016-01-18,1.33,1.54,1.32,1.43,4278930.0,101699000.0
litecoin,2016-01-18,3.02,3.06,2.98,3.05,2304070.0,133145000
monero,2016-01-18,0.447013,0.508079,0.444039,0.502346,65860.0,4797500
nem,2016-01-18,0.00028399999999999996,0.000364,0.00028199999999999997,0.000352,68567.0,2556000
ripple,2016-01-18,0.00527,0.005416,0.005268,0.005326,514295.0,176733000
siacoin,2016-01-18,1.9e-05,2.3e-05,1.4999999999999999e-05,1.9e-05,2764.0,179524.0
stellar,2016-01-18,0.001714,0.001796,0.001673,0.0017109999999999998,14408.0,8291710
verge,2016-01-18,8e-06,1.2e-05,8e-06,9e-06,331.0,79512
bitcoin,2016-01-19,387.03,387.73,378.97,380.15,46819800.0,5843510000
bitshares,2016-01-19,0.003038,0.003112,0.002999,0.003038,68851.0,7712410
bytecoin-bcn,2016-01-19,3.5e-05,3.5e-05,3.2e-05,3.4e-05,10724.0,6334410
dash,2016-01-19,4.4,4.54,3.87,3.87,277216.0,27082100
dogecoin,2016-01-19,0.000151,0.000152,0.000147,0.000148,76182.0,15533400
ethereum,2016-01-19,1.42,1.46,1.31,1.37,2446740.0,108628000.0
litecoin,2016-01-19,3.05,3.06,2.99,3.02,1626900.0,134431000
monero,2016-01-19,0.505234,0.547589,0.49994099999999997,0.545904,91400.0,5427510
nem,2016-01-19,0.000352,0.000532,0.000346,0.000468,126416.0,3166920
ripple,2016-01-19,0.00533,0.00533,0.005261999999999999,0.0052710000000000005,226472.0,178768000
siacoin,2016-01-19,1.9e-05,2.3e-05,1.9e-05,1.9e-05,2900.0,182678.0
stellar,2016-01-19,0.0017120000000000002,0.0019329999999999998,0.0016690000000000001,0.0018260000000000001,36629.0,8283780
verge,2016-01-19,8e-06,1.3000000000000001e-05,8e-06,9e-06,200.0,79453
bitcoin,2016-01-20,379.74,425.27,376.6,420.23,121720000.0,5734760000
bitshares,2016-01-20,0.003039,0.0032170000000000002,0.003018,0.003163,122925.0,7714040
bytecoin-bcn,2016-01-20,3.3e-05,3.5e-05,3.2e-05,3.5e-05,7117.0,5979130
dash,2016-01-20,3.86,4.83,3.79,4.77,307278.0,23761800
dogecoin,2016-01-20,0.000148,0.000171,0.000146,0.000168,284867.0,15213600
ethereum,2016-01-20,1.36,1.62,1.35,1.53,2933220.0,104124000.0
litecoin,2016-01-20,3.01,3.43,2.99,3.39,4438610.0,133024000
monero,2016-01-20,0.543377,0.572267,0.515125,0.535095,120678.0,5842690
nem,2016-01-20,0.00046100000000000004,0.000651,0.00045,0.000606,252740.0,4146700
ripple,2016-01-20,0.0052710000000000005,0.0053939999999999995,0.005178,0.005381,722260.0,176780000
siacoin,2016-01-20,1.9e-05,2.5e-05,1.9e-05,2.1e-05,834.0,179938.0
stellar,2016-01-20,0.001813,0.001889,0.0017120000000000002,0.0018210000000000001,37726.0,8772500
verge,2016-01-20,9e-06,1.3000000000000001e-05,8e-06,9e-06,175.0,86318
bitcoin,2016-01-21,419.63,422.88,406.3,410.26,68338000.0,6338800000
bitshares,2016-01-21,0.0031609999999999997,0.003198,0.003054,0.003073,101696.0,8025180
bytecoin-bcn,2016-01-21,3.5e-05,3.8e-05,3.4e-05,3.6e-05,6821.0,6224050
dash,2016-01-21,4.76,5.15,4.52,5.15,289153.0,29292200
dogecoin,2016-01-21,0.000168,0.000169,0.000161,0.00016299999999999998,127039.0,17289800
ethereum,2016-01-21,1.53,1.59,1.49,1.55,1614960.0,117111000.0
litecoin,2016-01-21,3.38,3.4,3.21,3.22,3665110.0,149373000
monero,2016-01-21,0.531672,0.57239,0.5193369999999999,0.549362,65915.0,5722620
nem,2016-01-21,0.000582,0.0006320000000000001,0.00041900000000000005,0.000468,81548.0,5239790
ripple,2016-01-21,0.005370000000000001,0.005385,0.005305,0.005313,344950.0,180099000
siacoin,2016-01-21,2.1e-05,2.8999999999999997e-05,2e-05,2.8999999999999997e-05,4793.0,199707.0
stellar,2016-01-21,0.0018170000000000003,0.0018260000000000001,0.0017100000000000001,0.001738,28653.0,8787300
verge,2016-01-21,9e-06,1.7e-05,8e-06,8e-06,1267.0,82149
bitcoin,2016-01-22,409.75,410.41,375.28,382.49,91546600.0,6190940000
bitshares,2016-01-22,0.003073,0.003125,0.00298,0.003043,172495.0,7801550
bytecoin-bcn,2016-01-22,3.6e-05,3.7e-05,3.3e-05,3.3e-05,7400.0,6451620
dash,2016-01-22,5.22,6.29,4.73,5.13,1096190.0,32176900
dogecoin,2016-01-22,0.00016299999999999998,0.000184,0.000161,0.000168,485854.0,16717400
ethereum,2016-01-22,1.55,1.58,1.47,1.5,1567240.0,118244000.0
litecoin,2016-01-22,3.23,3.24,3.05,3.08,3589150.0,142657000
monero,2016-01-22,0.551754,0.55505,0.511548,0.536995,66462.0,5944340
nem,2016-01-22,0.00047000000000000004,0.00047000000000000004,0.000412,0.00045,52632.0,4227180
ripple,2016-01-22,0.005314,0.005314,0.005093,0.0051140000000000005,355595.0,178216000
siacoin,2016-01-22,2.8999999999999997e-05,2.8999999999999997e-05,2.3e-05,2.3e-05,4223.0,274038.0
stellar,2016-01-22,0.0017329999999999997,0.001741,0.001689,0.001704,29515.0,8384060
verge,2016-01-22,8e-06,1.4999999999999999e-05,8e-06,1.4999999999999999e-05,1491.0,78425
bitcoin,2016-01-23,382.43,394.54,381.98,387.49,56247400.0,5779890000
bitshares,2016-01-23,0.00302,0.003107,0.00301,0.003041,147684.0,7668190
bytecoin-bcn,2016-01-23,3.4e-05,3.5e-05,3.2e-05,3.3e-05,6053.0,5991350
dash,2016-01-23,5.05,5.14,4.22,4.49,677578.0,31141500
dogecoin,2016-01-23,0.000171,0.000177,0.000171,0.000172,162077.0,17599100
ethereum,2016-01-23,1.5,2.03,1.5,1.97,7370980.0,115002000.0
litecoin,2016-01-23,3.08,3.15,3.08,3.1,2384900.0,136122000
monero,2016-01-23,0.536673,0.649985,0.515369,0.61602,187212.0,5787340
nem,2016-01-23,0.000453,0.0005110000000000001,0.00042800000000000005,0.000455,68777.0,4081240
ripple,2016-01-23,0.005109000000000001,0.0051920000000000004,0.005109000000000001,0.00512,310286.0,171359000
siacoin,2016-01-23,2.3e-05,3.1e-05,2.3e-05,2.7000000000000002e-05,1933.0,220189.0
stellar,2016-01-23,0.001702,0.0017519999999999999,0.001686,0.001696,38222.0,8232070
verge,2016-01-23,1.4999999999999999e-05,1.6e-05,1.1e-05,1.2e-05,560.0,141989
bitcoin,2016-01-24,388.1,405.49,387.51,402.97,54824800.0,5867300000
bitshares,2016-01-24,0.003041,0.003134,0.003006,0.003092,140398.0,7721250
bytecoin-bcn,2016-01-24,3.3e-05,3.6e-05,3.2e-05,3.4e-05,1566.0,5949980
dash,2016-01-24,4.51,4.82,4.14,4.4,320311.0,27786800
dogecoin,2016-01-24,0.000173,0.000193,0.00016999999999999999,0.000193,463251.0,17777300
ethereum,2016-01-24,1.9,2.3,1.9,2.14,9669770.0,145358000.0
litecoin,2016-01-24,3.11,3.21,3.1,3.18,1806510.0,137555000
monero,2016-01-24,0.6164069999999999,0.651889,0.590431,0.62205,145260.0,6653740
nem,2016-01-24,0.000466,0.000466,0.000397,0.000413,28556.0,4191350
ripple,2016-01-24,0.005121,0.0052369999999999995,0.005118999999999999,0.005219,341789.0,171732000
siacoin,2016-01-24,2.7000000000000002e-05,3.2e-05,2.3e-05,2.8000000000000003e-05,1275.0,261785.0
stellar,2016-01-24,0.001695,0.0017760000000000002,0.001679,0.0017230000000000001,28012.0,8199270
verge,2016-01-24,1.2e-05,1.4999999999999999e-05,8e-06,9e-06,152.0,111627
bitcoin,2016-01-25,402.32,402.32,388.55,391.73,59062400.0,6083900000
bitshares,2016-01-25,0.003087,0.0032530000000000002,0.0030489999999999996,0.0031420000000000003,238007.0,7839490
bytecoin-bcn,2016-01-25,3.4e-05,3.6e-05,3.2e-05,3.5e-05,6386.0,6047870
dash,2016-01-25,4.41,4.41,3.63,4.02,410300.0,27208600
dogecoin,2016-01-25,0.000194,0.000217,0.00018999999999999998,0.000212,776273.0,19904200
ethereum,2016-01-25,2.15,2.66,2.06,2.5,10739300.0,164313000.0
litecoin,2016-01-25,3.19,3.19,3.11,3.13,1940070.0,140890000
monero,2016-01-25,0.626776,0.626776,0.563546,0.581354,74134.0,6772480
nem,2016-01-25,0.000413,0.00043,0.000367,0.000379,27464.0,3718220
ripple,2016-01-25,0.0052179999999999995,0.0052179999999999995,0.005064,0.005135,412095.0,175004000
siacoin,2016-01-25,2.8000000000000003e-05,2.8000000000000003e-05,2e-05,2.4e-05,4478.0,272445.0
stellar,2016-01-25,0.0017230000000000001,0.001777,0.0016879999999999998,0.001709,39140.0,8334910
verge,2016-01-25,9e-06,1.2e-05,9e-06,9e-06,164.0,81642
bitcoin,2016-01-26,392.0,397.77,390.57,392.15,58147000.0,5929520000
bitshares,2016-01-26,0.003123,0.004039,0.003104,0.0035619999999999996,781759.0,7931360
bytecoin-bcn,2016-01-26,3.4e-05,3.5e-05,2.8000000000000003e-05,3.2e-05,9206.0,6163680
dash,2016-01-26,3.98,4.69,3.88,4.52,298849.0,24566900
dogecoin,2016-01-26,0.000212,0.000383,0.00020800000000000001,0.000356,4585660.0,21817100
ethereum,2016-01-26,2.53,2.84,1.99,2.28,13939200.0,193838000.0
litecoin,2016-01-26,3.13,3.17,3.12,3.15,2926650.0,138171000
monero,2016-01-26,0.582868,0.644975,0.573788,0.584982,85768.0,6303850
nem,2016-01-26,0.000379,0.00042699999999999997,0.00037200000000000004,0.00041799999999999997,26105.0,3410470
ripple,2016-01-26,0.005138,0.005477,0.005125,0.005419,904781.0,174267000
siacoin,2016-01-26,2.4e-05,2.8000000000000003e-05,2.3e-05,2.4e-05,951.0,228462.0
stellar,2016-01-26,0.0017120000000000002,0.0019260000000000002,0.001674,0.0019010000000000001,115830.0,8279470
verge,2016-01-26,9e-06,1.6e-05,8e-06,1.6e-05,1296.0,80915
bitcoin,2016-01-27,392.44,396.84,391.78,394.97,47424400.0,5937780000
bitshares,2016-01-27,0.003554,0.004156,0.0034659999999999995,0.003992,752970.0,9026240
bytecoin-bcn,2016-01-27,3.1e-05,3.4e-05,2.8000000000000003e-05,3.3e-05,4265.0,5566880
dash,2016-01-27,4.49,4.67,4.05,4.2,301964.0,27729200
dogecoin,2016-01-27,0.000357,0.000496,0.000349,0.000455,5266350.0,36753200
ethereum,2016-01-27,2.25,2.59,2.19,2.39,6961080.0,172061000.0
litecoin,2016-01-27,3.16,3.32,3.16,3.29,5341690.0,139722000
monero,2016-01-27,0.584655,0.622019,0.565625,0.61087,122466.0,6329330
nem,2016-01-27,0.000417,0.00044800000000000005,0.000389,0.00042199999999999996,35648.0,3756420
ripple,2016-01-27,0.005408,0.006571,0.005408,0.0065060000000000005,2544770.0,183452000
siacoin,2016-01-27,2.4e-05,2.8000000000000003e-05,2.4e-05,2.4e-05,371.0,229244.0
stellar,2016-01-27,0.0019030000000000002,0.002235,0.0017980000000000001,0.002235,213842.0,9205830
verge,2016-01-27,1.6e-05,2e-05,8e-06,2e-05,3711.0,146735
bitcoin,2016-01-28,395.15,395.5,379.74,380.29,59247900.0,5980180000
bitshares,2016-01-28,0.004011,0.00462,0.0036450000000000002,0.0037479999999999996,852794.0,10186900
bytecoin-bcn,2016-01-28,3.2e-05,4.1e-05,3.1e-05,3.9e-05,10068.0,5776450
dash,2016-01-28,4.19,4.37,4.02,4.22,185032.0,25868300
dogecoin,2016-01-28,0.000455,0.0005,0.00032900000000000003,0.000344,2941270.0,46746800
ethereum,2016-01-28,2.41,2.68,2.34,2.53,4903850.0,184294000.0
litecoin,2016-01-28,3.29,3.3,3.11,3.12,3075380.0,145677000
monero,2016-01-28,0.610622,0.627402,0.559235,0.563129,50054.0,6616930
nem,2016-01-28,0.00042199999999999996,0.00043799999999999997,0.00039,0.000396,19034.0,3795520
ripple,2016-01-28,0.006506999999999999,0.006506999999999999,0.00609,0.006226,2203940.0,220723000
siacoin,2016-01-28,2.4e-05,2.7000000000000002e-05,2.3e-05,2.3e-05,3721.0,231333.0
stellar,2016-01-28,0.0022370000000000003,0.002242,0.001852,0.0019079999999999998,137591.0,10822500
verge,2016-01-28,2e-05,2e-05,1.4999999999999999e-05,1.4999999999999999e-05,1057.0,184886
bitcoin,2016-01-29,380.11,384.38,365.45,379.47,86125300.0,5753970000
bitshares,2016-01-29,0.00374,0.003747,0.003453,0.003453,237516.0,9499120
bytecoin-bcn,2016-01-29,3.9e-05,4.2e-05,3.5e-05,3.7e-05,4314.0,7027460
dash,2016-01-29,4.25,4.47,4.06,4.39,126718.0,26280700
dogecoin,2016-01-29,0.00034700000000000003,0.00034700000000000003,0.000298,0.00031600000000000004,1012590.0,35669100
ethereum,2016-01-29,2.54,2.61,2.3,2.49,6662340.0,194815000.0
litecoin,2016-01-29,3.14,3.14,3.06,3.11,2555880.0,138886000
monero,2016-01-29,0.5649689999999999,0.5649689999999999,0.48485900000000004,0.51825,82072.0,6127640
nem,2016-01-29,0.000396,0.00043200000000000004,0.00037400000000000004,0.00043200000000000004,19446.0,3562020
ripple,2016-01-29,0.006228,0.006906,0.005922,0.006840000000000001,2895430.0,211267000
siacoin,2016-01-29,2.3e-05,3.1e-05,2.2e-05,2.9999999999999997e-05,10192.0,223101.0
stellar,2016-01-29,0.0019089999999999999,0.002069,0.001807,0.001888,78803.0,9235240
verge,2016-01-29,1.4999999999999999e-05,1.8e-05,1.4000000000000001e-05,1.4999999999999999e-05,494.0,141877
bitcoin,2016-01-30,378.87,380.92,376.49,378.25,30284400.0,5736760000
bitshares,2016-01-30,0.003457,0.0035590000000000005,0.003276,0.003281,119291.0,8780580
bytecoin-bcn,2016-01-30,3.7e-05,3.9e-05,3.6e-05,3.8e-05,3841.0,6666560
dash,2016-01-30,4.39,4.44,4.11,4.29,136278.0,27139800
dogecoin,2016-01-30,0.000317,0.00032599999999999996,0.000252,0.000258,943534.0,32611800
ethereum,2016-01-30,2.51,2.61,2.4,2.45,3725080.0,192176000.0
litecoin,2016-01-30,3.12,3.12,3.08,3.08,1298980.0,138029000
monero,2016-01-30,0.516054,0.522529,0.487912,0.511528,40357.0,5602610
nem,2016-01-30,0.00042800000000000005,0.000478,0.000425,0.000466,35814.0,3853500
ripple,2016-01-30,0.006823999999999999,0.007001,0.006612000000000001,0.006634,1233320.0,231467000
siacoin,2016-01-30,2.9999999999999997e-05,2.9999999999999997e-05,2.3e-05,2.6000000000000002e-05,2702.0,297006.0
stellar,2016-01-30,0.001887,0.001953,0.001731,0.0017350000000000002,37270.0,9128770
verge,2016-01-30,1.4999999999999999e-05,1.8e-05,1.4999999999999999e-05,1.6e-05,654.0,139770
bitcoin,2016-01-31,378.29,380.35,367.83,368.77,37894300.0,5729870000
bitshares,2016-01-31,0.00328,0.003436,0.003218,0.0033490000000000004,119493.0,8330800
bytecoin-bcn,2016-01-31,3.8e-05,3.9e-05,3.2e-05,3.5e-05,2346.0,6791180
dash,2016-01-31,4.29,4.32,3.96,4.11,147359.0,26487500
dogecoin,2016-01-31,0.000259,0.00031800000000000003,0.00021400000000000002,0.000277,1750220.0,26625500
ethereum,2016-01-31,2.44,2.53,2.19,2.31,5847500.0,187289000.0
litecoin,2016-01-31,3.1,3.11,3.04,3.05,1450600.0,137129000
monero,2016-01-31,0.511871,0.5188560000000001,0.482378,0.483429,43787.0,5562150
nem,2016-01-31,0.000458,0.000502,0.00043099999999999996,0.000491,46422.0,4122060
ripple,2016-01-31,0.006631000000000001,0.006638,0.006359,0.006399,977856.0,224910000
siacoin,2016-01-31,2.6000000000000002e-05,2.9999999999999997e-05,2.2e-05,2.2e-05,1712.0,260036.0
stellar,2016-01-31,0.0017350000000000002,0.001835,0.001689,0.0017760000000000002,26362.0,8392620
verge,2016-01-31,1.6e-05,1.9e-05,1.4999999999999999e-05,1.4999999999999999e-05,1869.0,147082
bitcoin,2016-02-01,369.35,378.07,367.96,373.06,51656700.0,5596090000
bitshares,2016-02-01,0.003353,0.003435,0.0033380000000000003,0.00337,33609.0,8516220
bytecoin-bcn,2016-02-01,3.5e-05,3.9e-05,3.5e-05,3.7e-05,3917.0,6313250
dash,2016-02-01,4.11,4.23,4.01,4.12,61713.0,25394100
dogecoin,2016-02-01,0.000278,0.000294,0.000259,0.00027,629834.0,28567800
ethereum,2016-02-01,2.32,2.32,2.12,2.21,3994100.0,177881000.0
litecoin,2016-02-01,3.07,3.1,3.06,3.08,1502430.0,136125000
monero,2016-02-01,0.48653199999999996,0.508789,0.483038,0.497962,42354.0,5291940
nem,2016-02-01,0.0004940000000000001,0.000515,0.000434,0.0005070000000000001,52135.0,4448570
ripple,2016-02-01,0.006398,0.006551,0.006365999999999999,0.006542,830380.0,217038000
siacoin,2016-02-01,2.6000000000000002e-05,2.9999999999999997e-05,2.2e-05,2.2e-05,1342.0,254472.0
stellar,2016-02-01,0.0017760000000000002,0.001812,0.001744,0.0017920000000000002,14159.0,8591390
verge,2016-02-01,1.4999999999999999e-05,1.9e-05,1.4999999999999999e-05,1.4999999999999999e-05,1199.0,139313
bitcoin,2016-02-02,372.92,375.88,372.92,374.45,40378700.0,5651690000
bitshares,2016-02-02,0.0033729999999999997,0.0033950000000000004,0.0032310000000000004,0.0032770000000000004,55639.0,8566950
bytecoin-bcn,2016-02-02,3.7e-05,3.8e-05,3.6e-05,3.7e-05,1468.0,6615030
dash,2016-02-02,4.14,4.24,4.05,4.11,125829.0,25608100
dogecoin,2016-02-02,0.000271,0.000271,0.000256,0.000262,274100.0,27920700
ethereum,2016-02-02,2.22,2.45,2.16,2.44,3451270.0,169923000.0
litecoin,2016-02-02,3.09,3.1,3.07,3.08,1279650.0,136820000
monero,2016-02-02,0.5032760000000001,0.507891,0.49111400000000005,0.501037,20583.0,5479010
nem,2016-02-02,0.0005070000000000001,0.000662,0.000487,0.000588,114264.0,4564120
ripple,2016-02-02,0.0065450000000000005,0.006790999999999999,0.0065450000000000005,0.006768000000000001,809854.0,222021000
siacoin,2016-02-02,2.2e-05,2.6000000000000002e-05,2.2e-05,2.6000000000000002e-05,249.0,220684.0
stellar,2016-02-02,0.0017929999999999999,0.001818,0.001755,0.001796,40152.0,8674930
verge,2016-02-02,1.4999999999999999e-05,1.9e-05,1.1e-05,1.6e-05,387.0,144394
bitcoin,2016-02-03,374.65,374.95,368.05,369.95,45933400.0,5679530000
bitshares,2016-02-03,0.003275,0.003279,0.0031609999999999997,0.0032,73601.0,8319870
bytecoin-bcn,2016-02-03,3.7e-05,3.8e-05,3.5e-05,3.5e-05,5500.0,6565800
dash,2016-02-03,4.1,9.34,4.01,4.18,85544.0,25379300
dogecoin,2016-02-03,0.000262,0.000273,0.000258,0.000265,236381.0,26968900
ethereum,2016-02-03,2.43,2.54,2.34,2.53,3987750.0,186609000.0
litecoin,2016-02-03,3.09,3.09,3.04,3.05,1406560.0,136798000
monero,2016-02-03,0.501236,0.50154,0.486799,0.49197399999999997,26092.0,5461780
nem,2016-02-03,0.0005809999999999999,0.000712,0.0005740000000000001,0.00063,91762.0,5228850
ripple,2016-02-03,0.006770999999999999,0.006906,0.0067599999999999995,0.006883,803366.0,229680000
siacoin,2016-02-03,2.6000000000000002e-05,2.6000000000000002e-05,2.2e-05,2.6000000000000002e-05,1346.0,259594.0
stellar,2016-02-03,0.001796,0.00183,0.0017800000000000001,0.001807,33079.0,8687840
verge,2016-02-03,1.6e-05,1.8e-05,1.2e-05,1.4999999999999999e-05,333.0,147739
bitcoin,2016-02-04,370.17,391.61,369.99,389.59,69285500.0,5613380000
bitshares,2016-02-04,0.0032,0.003386,0.003184,0.003286,56809.0,8128180
bytecoin-bcn,2016-02-04,3.6e-05,3.9e-05,3.5e-05,3.8e-05,1440.0,6387600
dash,2016-02-04,4.18,4.36,4.12,4.29,100963.0,25855900
dogecoin,2016-02-04,0.000265,0.00029,0.000264,0.00028700000000000004,418938.0,27316500
ethereum,2016-02-04,2.53,2.63,2.44,2.58,3552320.0,194126000.0
litecoin,2016-02-04,3.06,3.18,3.06,3.16,2059350.0,135567000
monero,2016-02-04,0.49489099999999997,0.518876,0.49194499999999997,0.5071640000000001,31220.0,5397650
nem,2016-02-04,0.000629,0.00066,0.0005679999999999999,0.000601,78974.0,5661540
ripple,2016-02-04,0.006881999999999999,0.0069900000000000006,0.006856,0.0069700000000000005,1174600.0,233436000
siacoin,2016-02-04,2.6000000000000002e-05,3.5e-05,2.6000000000000002e-05,3.1e-05,8417.0,257334.0
stellar,2016-02-04,0.001807,0.001842,0.001778,0.0018030000000000001,22478.0,8739020
verge,2016-02-04,1.4999999999999999e-05,1.7e-05,1.4999999999999999e-05,1.7e-05,261.0,143682
bitcoin,2016-02-05,388.9,391.09,385.57,386.55,43825000.0,5898960000
bitshares,2016-02-05,0.003286,0.0034,0.0032689999999999998,0.0033909999999999995,63279.0,8348540
bytecoin-bcn,2016-02-05,3.8e-05,4.1e-05,3.7e-05,4e-05,1543.0,6866140
dash,2016-02-05,4.29,4.38,4.23,4.28,56705.0,26596100
dogecoin,2016-02-05,0.000285,0.000309,0.000283,0.000305,474776.0,29336400
ethereum,2016-02-05,2.57,2.61,2.47,2.54,2636700.0,197363000.0
litecoin,2016-02-05,3.17,3.17,3.14,3.14,1211900.0,140665000
monero,2016-02-05,0.506717,0.513125,0.484886,0.49635200000000007,49762.0,5531990
nem,2016-02-05,0.000601,0.000655,0.000589,0.0006309999999999999,24322.0,5407140
ripple,2016-02-05,0.006965000000000001,0.007272,0.006958,0.007262,1186010.0,236257000
siacoin,2016-02-05,3.1e-05,3.5e-05,2.7000000000000002e-05,3.1e-05,3990.0,310387.0
stellar,2016-02-05,0.0018030000000000001,0.0018679999999999999,0.00179,0.001834,27232.0,8721120
verge,2016-02-05,1.7e-05,2.3e-05,1.4999999999999999e-05,1.9e-05,3074.0,162811
bitcoin,2016-02-06,386.59,386.63,372.39,376.52,49249300.0,5865740000
bitshares,2016-02-06,0.003392,0.003394,0.0032869999999999996,0.003339,62357.0,8617370
bytecoin-bcn,2016-02-06,4e-05,4e-05,3.5e-05,3.8e-05,4860.0,7208190
dash,2016-02-06,4.32,4.32,4.15,4.19,70855.0,26780100
dogecoin,2016-02-06,0.000308,0.000328,0.0003,0.000306,692373.0,31710200
ethereum,2016-02-06,2.53,2.56,2.47,2.53,1921240.0,194621000.0
litecoin,2016-02-06,3.15,3.15,3.08,3.1,1394670.0,139756000
monero,2016-02-06,0.49366000000000004,0.494883,0.469674,0.480421,35794.0,5394270
nem,2016-02-06,0.0006309999999999999,0.0006519999999999999,0.000612,0.000634,16086.0,5680220
ripple,2016-02-06,0.007273000000000001,0.007922,0.007247,0.007922,1859040.0,246703000
siacoin,2016-02-06,3.1e-05,3.4e-05,2.6000000000000002e-05,2.9999999999999997e-05,1557.0,309748.0
stellar,2016-02-06,0.001835,0.001882,0.0018149999999999998,0.001864,19431.0,8876890
verge,2016-02-06,1.9e-05,1.9e-05,1.4999999999999999e-05,1.9e-05,1609.0,180591
bitcoin,2016-02-07,376.51,380.87,374.9,376.62,37076300.0,5714760000
bitshares,2016-02-07,0.003339,0.003812,0.003326,0.0036659999999999996,269939.0,8484050
bytecoin-bcn,2016-02-07,3.8e-05,3.8e-05,3.5e-05,3.7e-05,5116.0,6728990
dash,2016-02-07,4.21,4.38,4.14,4.21,108239.0,26116700
dogecoin,2016-02-07,0.000306,0.000312,0.00028199999999999997,0.000285,396252.0,31511800
ethereum,2016-02-07,2.54,3.06,2.54,2.96,7007060.0,194884000.0
litecoin,2016-02-07,3.11,3.13,3.08,3.09,1168970.0,138012000
monero,2016-02-07,0.48419399999999996,0.504286,0.471624,0.47940699999999997,53520.0,5295570
nem,2016-02-07,0.000634,0.000637,0.000584,0.000606,24609.0,5703340
ripple,2016-02-07,0.007923999999999999,0.008666,0.007923999999999999,0.008338,2460140.0,268772000
siacoin,2016-02-07,2.6000000000000002e-05,3.4e-05,2.6000000000000002e-05,2.9999999999999997e-05,8330.0,265936.0
stellar,2016-02-07,0.001864,0.002008,0.001843,0.001852,48478.0,9017410
verge,2016-02-07,1.9e-05,1.9e-05,1.4999999999999999e-05,1.9e-05,3525.0,177082
bitcoin,2016-02-08,376.76,379.88,373.33,373.45,47671100.0,5720100000
bitshares,2016-02-08,0.0036659999999999996,0.0036659999999999996,0.0033689999999999996,0.0033799999999999998,81143.0,9313320
bytecoin-bcn,2016-02-08,3.7e-05,4e-05,3.7e-05,3.8e-05,1080.0,6685740
dash,2016-02-08,4.18,4.31,4.11,4.16,70569.0,25946900
dogecoin,2016-02-08,0.000285,0.000299,0.000283,0.00028700000000000004,189115.0,29356800
ethereum,2016-02-08,2.97,3.27,2.88,3.18,9725690.0,228504000.0
litecoin,2016-02-08,3.09,3.11,3.06,3.06,964279.0,137272000
monero,2016-02-08,0.478246,0.502676,0.478246,0.48163599999999995,30834.0,5235370
nem,2016-02-08,0.000606,0.000633,0.000586,0.00059,15958.0,5456290
ripple,2016-02-08,0.008375,0.008551000000000001,0.007959,0.007991,1048160.0,284092000
siacoin,2016-02-08,2.9999999999999997e-05,7.6e-05,2.9999999999999997e-05,5.2000000000000004e-05,117785.0,306298.0
stellar,2016-02-08,0.0018390000000000001,0.001875,0.0018149999999999998,0.001841,15539.0,8893770
verge,2016-02-08,1.9e-05,1.9e-05,1.4999999999999999e-05,1.4999999999999999e-05,1063.0,177439
bitcoin,2016-02-09,373.42,377.25,372.9,376.03,55318500.0,5670880000
bitshares,2016-02-09,0.003399,0.003498,0.003333,0.003341,93857.0,8637300
bytecoin-bcn,2016-02-09,3.8e-05,4e-05,3.7e-05,3.8e-05,1550.0,6743380
dash,2016-02-09,4.16,4.19,3.95,3.97,164368.0,25846400
dogecoin,2016-02-09,0.00028700000000000004,0.000296,0.000286,0.000292,126218.0,29544700
ethereum,2016-02-09,3.17,4.04,3.17,4.04,17954000.0,244110000.0
litecoin,2016-02-09,3.08,3.08,3.05,3.08,1197280.0,136615000
monero,2016-02-09,0.481638,0.48441300000000004,0.463913,0.46485,39705.0,5277410
nem,2016-02-09,0.00059,0.000608,0.000533,0.000543,18947.0,5312020
ripple,2016-02-09,0.007999,0.008020000000000001,0.007736,0.007815,866765.0,272709000
siacoin,2016-02-09,5.2000000000000004e-05,5.9999999999999995e-05,4.5e-05,4.5e-05,46116.0,534195.0
stellar,2016-02-09,0.001853,0.0018850000000000002,0.001768,0.0018260000000000001,17156.0,8965270
verge,2016-02-09,1.4999999999999999e-05,2.2e-05,1.4999999999999999e-05,1.9e-05,4672.0,141280
bitcoin,2016-02-10,376.15,385.48,375.78,381.65,85130900.0,5713880000
bitshares,2016-02-10,0.0033439999999999998,0.0035229999999999997,0.0032890000000000003,0.0034590000000000003,117599.0,8496410
bytecoin-bcn,2016-02-10,3.8e-05,4.2e-05,3.8e-05,4.1e-05,14344.0,6726470
dash,2016-02-10,3.97,4.17,3.78,3.84,193410.0,24665700
dogecoin,2016-02-10,0.000291,0.000304,0.00029,0.000298,266304.0,29942700
ethereum,2016-02-10,4.0,4.86,3.78,4.44,28640400.0,307684000.0
litecoin,2016-02-10,3.09,3.13,3.08,3.1,1358800.0,137231000
monero,2016-02-10,0.464797,0.48399200000000003,0.45657200000000003,0.48042399999999996,52572.0,5097630
nem,2016-02-10,0.000547,0.000583,0.000518,0.000535,23021.0,4920790
ripple,2016-02-10,0.007826999999999999,0.007943,0.00782,0.007853,668185.0,266845000
siacoin,2016-02-10,4.5e-05,4.9e-05,3.8e-05,4.2e-05,38647.0,463571.0
stellar,2016-02-10,0.0018280000000000002,0.0019140000000000001,0.0018210000000000001,0.001849,28847.0,8840410
verge,2016-02-10,1.9e-05,3.3e-05,1.9e-05,2.9999999999999997e-05,10365.0,177725
bitcoin,2016-02-11,382.11,383.13,376.4,379.65,74375600.0,5806110000
bitshares,2016-02-11,0.003453,0.003885,0.003443,0.0037359999999999997,323343.0,8773660
bytecoin-bcn,2016-02-11,4.1e-05,4.2e-05,3.7e-05,3.8e-05,17411.0,7255370
dash,2016-02-11,3.78,3.91,3.19,3.26,243649.0,23519900
dogecoin,2016-02-11,0.000297,0.000303,0.00028,0.00029,343798.0,30585900
ethereum,2016-02-11,4.5,6.29,4.34,6.01,26408200.0,345964000.0
litecoin,2016-02-11,3.11,3.13,3.07,3.08,1263660.0,138300000
monero,2016-02-11,0.479195,0.5956560000000001,0.47721199999999997,0.5163810000000001,227183.0,5260650
nem,2016-02-11,0.000535,0.000566,0.000496,0.0005059999999999999,21143.0,4813170
ripple,2016-02-11,0.007857,0.007897,0.00777,0.007815,565522.0,267864000
siacoin,2016-02-11,3.8e-05,6.4e-05,3.8e-05,6.1e-05,51054.0,393697.0
stellar,2016-02-11,0.0018440000000000002,0.001902,0.001797,0.0018780000000000001,31082.0,8921680
verge,2016-02-11,2.7000000000000002e-05,3.7e-05,2.7000000000000002e-05,3.1e-05,15670.0,258753
bitcoin,2016-02-12,379.69,384.95,379.6,384.26,67042800.0,5771040000
bitshares,2016-02-12,0.0037450000000000005,0.005157,0.0037049999999999995,0.0048259999999999996,1341430.0,9516850
bytecoin-bcn,2016-02-12,3.8e-05,4.4e-05,3.7e-05,4.3e-05,17833.0,6845490
dash,2016-02-12,3.26,4.04,3.26,3.79,182601.0,20278400
dogecoin,2016-02-12,0.000293,0.000301,0.00028399999999999996,0.000301,435781.0,30145300
ethereum,2016-02-12,5.95,6.58,5.07,5.55,23360800.0,457618000.0
litecoin,2016-02-12,3.09,3.12,3.08,3.11,1041630.0,137461000
monero,2016-02-12,0.517753,0.617738,0.510167,0.612499,173507.0,5688740
nem,2016-02-12,0.000516,0.0006450000000000001,0.0004980000000000001,0.000609,31204.0,4645570
ripple,2016-02-12,0.007821999999999999,0.007979,0.00773,0.007979,816579.0,266665000
siacoin,2016-02-12,6.1e-05,0.000146,5.3e-05,9.6e-05,736159.0,627449.0
stellar,2016-02-12,0.0018780000000000001,0.002357,0.001842,0.002344,715496.0,9085090
verge,2016-02-12,3.1e-05,3.4e-05,2.3e-05,3.4e-05,6962.0,288621
bitcoin,2016-02-13,384.64,391.86,384.64,391.86,61911700.0,5847990000
bitshares,2016-02-13,0.004804,0.004806,0.0041990000000000005,0.004536999999999999,515137.0,12209500
bytecoin-bcn,2016-02-13,4.3e-05,4.4e-05,4e-05,4.2e-05,10994.0,7611770
dash,2016-02-13,3.79,3.89,3.57,3.77,120917.0,23573000
dogecoin,2016-02-13,0.0003,0.000301,0.000292,0.000295,160931.0,30881300
ethereum,2016-02-13,5.69,5.72,4.19,5.39,24218800.0,437667000.0
litecoin,2016-02-13,3.12,3.14,3.11,3.13,1313500.0,138655000
monero,2016-02-13,0.60533,0.9038069999999999,0.603464,0.804311,1044850.0,6657360
nem,2016-02-13,0.000606,0.000624,0.000532,0.000566,21921.0,5455420
ripple,2016-02-13,0.007961,0.008315000000000001,0.007937,0.008256999999999999,684444.0,271414000
siacoin,2016-02-13,9.6e-05,0.000105,6.2e-05,7.8e-05,149371.0,996271.0
stellar,2016-02-13,0.0023309999999999997,0.002333,0.002088,0.002203,87956.0,11277700
verge,2016-02-13,3.4e-05,4.4e-05,3.1e-05,4.3e-05,9553.0,324920
bitcoin,2016-02-14,392.93,407.23,392.93,407.23,74469800.0,5975580000
bitshares,2016-02-14,0.004541,0.004626,0.00433,0.004539,236869.0,11540700
bytecoin-bcn,2016-02-14,4.3e-05,4.4e-05,4.1e-05,4.2e-05,9792.0,7617390
dash,2016-02-14,3.8,3.92,3.75,3.8,60426.0,23641000
dogecoin,2016-02-14,0.000295,0.000305,0.000295,0.000301,237255.0,30443300
ethereum,2016-02-14,5.4,5.47,4.45,5.24,11226500.0,416193000.0
litecoin,2016-02-14,3.15,3.21,3.15,3.21,1924190.0,140015000
monero,2016-02-14,0.8051520000000001,0.8525969999999999,0.680174,0.846403,564309.0,8863020
nem,2016-02-14,0.000567,0.000603,0.000546,0.000594,8013.0,5106440
ripple,2016-02-14,0.008263,0.008639,0.008263,0.00859,1144830.0,281700000
siacoin,2016-02-14,7.900000000000001e-05,0.00011,7.099999999999999e-05,0.00011,63718.0,817216.0
stellar,2016-02-14,0.002198,0.002292,0.002134,0.0021899999999999997,47727.0,10631800
verge,2016-02-14,4.3e-05,4.5e-05,3.2e-05,3.3e-05,5644.0,406168
bitcoin,2016-02-15,407.57,410.38,397.75,400.19,74070500.0,6199850000
bitshares,2016-02-15,0.004543,0.004728,0.004472,0.004634,142244.0,11547800
bytecoin-bcn,2016-02-15,4.2e-05,4.5e-05,3.5e-05,4.4e-05,17588.0,7602200
dash,2016-02-15,3.8,4.17,3.74,3.78,112454.0,23666400
dogecoin,2016-02-15,0.000301,0.000302,0.000294,0.000298,286649.0,31063600
ethereum,2016-02-15,5.33,5.89,5.02,5.29,13934200.0,410643000.0
litecoin,2016-02-15,3.23,3.25,3.17,3.18,1521240.0,143812000
monero,2016-02-15,0.826702,0.851612,0.738173,0.791647,450366.0,9108640
nem,2016-02-15,0.000595,0.000601,0.000559,0.0005780000000000001,8518.0,5350530
ripple,2016-02-15,0.008593,0.008656,0.008559,0.008631,734275.0,292944000
siacoin,2016-02-15,0.000106,0.000109,8.499999999999999e-05,0.0001,65628.0,1105160.0
stellar,2016-02-15,0.0021920000000000004,0.002258,0.002151,0.002203,27720.0,10605000
verge,2016-02-15,3.3e-05,4.4e-05,3.2e-05,3.2e-05,3749.0,310984
bitcoin,2016-02-16,401.43,408.94,401.43,407.49,73093100.0,6108040000
bitshares,2016-02-16,0.00465,0.005121,0.004639,0.005121,513863.0,11820600
bytecoin-bcn,2016-02-16,4.4e-05,4.5e-05,4e-05,4.2e-05,12192.0,7909820
dash,2016-02-16,3.78,4.02,3.48,3.48,180945.0,23519100
dogecoin,2016-02-16,0.000298,0.0003,0.000292,0.000292,247274.0,30730800
ethereum,2016-02-16,5.33,5.47,4.03,4.32,15889100.0,410605000.0
litecoin,2016-02-16,3.2,3.22,3.18,3.21,1479430.0,142534000
monero,2016-02-16,0.7918689999999999,1.0,0.770798,0.935744,846371.0,8732960
nem,2016-02-16,0.0005780000000000001,0.000583,0.000491,0.000518,33862.0,5200430
ripple,2016-02-16,0.008631,0.00866,0.008434,0.008451,1012220.0,294233000
siacoin,2016-02-16,0.0001,0.000109,8.1e-05,9e-05,72576.0,1049820.0
stellar,2016-02-16,0.0021899999999999997,0.002649,0.0021190000000000002,0.002649,114749.0,10594400
verge,2016-02-16,3.2e-05,4.5e-05,3.2e-05,4e-05,9749.0,298192
bitcoin,2016-02-17,407.66,421.17,406.78,416.32,83193600.0,6204150000
bitshares,2016-02-17,0.005099,0.005340999999999999,0.004143,0.004277,587511.0,12963500
bytecoin-bcn,2016-02-17,4.2e-05,4.3e-05,3.8e-05,3.8e-05,12150.0,7555640
dash,2016-02-17,3.47,3.82,3.44,3.68,150307.0,21632400
dogecoin,2016-02-17,0.00029,0.000294,0.000278,0.000278,320950.0,29892100
ethereum,2016-02-17,4.29,4.77,3.5,3.76,15451000.0,330635000.0
litecoin,2016-02-17,3.23,3.26,3.2,3.24,1857460.0,143699000
monero,2016-02-17,0.952018,0.954261,0.711905,0.733156,623116.0,10508400
nem,2016-02-17,0.000521,0.0005480000000000001,0.000455,0.000466,23223.0,4692870
ripple,2016-02-17,0.008456,0.008461,0.008112999999999999,0.008138,1556320.0,288272000
siacoin,2016-02-17,9e-05,9.499999999999999e-05,7.099999999999999e-05,7.900000000000001e-05,31628.0,940652.0
stellar,2016-02-17,0.002644,0.002644,0.002003,0.0021579999999999998,123493.0,12792200
verge,2016-02-17,4e-05,4.6e-05,3.7e-05,4.2e-05,3905.0,383130
bitcoin,2016-02-18,416.57,426.0,415.64,422.37,76752600.0,6341430000
bitshares,2016-02-18,0.004262,0.004437,0.0041270000000000005,0.004292,307839.0,10836400
bytecoin-bcn,2016-02-18,3.8e-05,4e-05,2.8000000000000003e-05,3.4e-05,11308.0,6730790
dash,2016-02-18,3.69,3.77,3.13,3.53,247042.0,22963300
dogecoin,2016-02-18,0.000278,0.00028700000000000004,0.000273,0.000278,333490.0,28699600
ethereum,2016-02-18,3.77,4.77,3.42,4.4,17054000.0,291068000.0
litecoin,2016-02-18,3.25,3.27,3.23,3.25,1422270.0,144543000
monero,2016-02-18,0.732115,0.793629,0.6934140000000001,0.774533,220495.0,8088710
nem,2016-02-18,0.000466,0.00058,0.00041799999999999997,0.000557,57118.0,4194320
ripple,2016-02-18,0.008135,0.008135,0.007897,0.007995,854073.0,277344000
siacoin,2016-02-18,7.5e-05,9.7e-05,6.3e-05,8.4e-05,29910.0,789066.0
stellar,2016-02-18,0.00216,0.0022,0.002071,0.0021219999999999998,22194.0,10450700
verge,2016-02-18,4.2e-05,5.9e-05,4.2e-05,5.6000000000000006e-05,5967.0,400078
bitcoin,2016-02-19,422.73,423.1,417.6,420.79,55711300.0,6436980000
bitshares,2016-02-19,0.004294,0.004465,0.0042710000000000005,0.0044329999999999994,119274.0,10918600
bytecoin-bcn,2016-02-19,3.4e-05,3.4e-05,2.7000000000000002e-05,3.1e-05,13081.0,6038770
dash,2016-02-19,3.54,3.75,3.47,3.51,120692.0,22081300
dogecoin,2016-02-19,0.000278,0.000302,0.000277,0.000297,419137.0,28632700
ethereum,2016-02-19,4.38,4.79,4.27,4.74,7666320.0,338222000.0
litecoin,2016-02-19,3.26,3.27,3.23,3.25,1780240.0,145267000
monero,2016-02-19,0.7749149999999999,0.85219,0.7317229999999999,0.819088,199937.0,8569200
nem,2016-02-19,0.00056,0.000611,0.000521,0.0005650000000000001,33913.0,5037710
ripple,2016-02-19,0.007994,0.008251999999999999,0.007994,0.008245,710808.0,272531000
siacoin,2016-02-19,8.4e-05,9.2e-05,7.099999999999999e-05,8.4e-05,28690.0,892053.0
stellar,2016-02-19,0.002118,0.002195,0.002064,0.0021100000000000003,43957.0,10247100
verge,2016-02-19,5.6000000000000006e-05,9.9e-05,5.2000000000000004e-05,8.7e-05,1692.0,531376
bitcoin,2016-02-20,421.6,441.98,421.6,437.16,93992100.0,6421310000
bitshares,2016-02-20,0.004393,0.004407,0.00406,0.004135,228775.0,11169400
bytecoin-bcn,2016-02-20,3.1e-05,3.6e-05,2.9999999999999997e-05,3.2e-05,10261.0,5495950
dash,2016-02-20,3.51,3.69,3.51,3.64,91429.0,21876300
dogecoin,2016-02-20,0.000297,0.000304,0.00029,0.000291,267709.0,30627600
ethereum,2016-02-20,4.68,4.75,4.13,4.34,8631090.0,361281000.0
litecoin,2016-02-20,3.27,3.5,3.26,3.46,3677250.0,145652000
monero,2016-02-20,0.8285110000000001,0.883552,0.788912,0.824465,308919.0,9170240
nem,2016-02-20,0.0005650000000000001,0.000727,0.0005650000000000001,0.000606,84725.0,5082410
ripple,2016-02-20,0.008253,0.008375,0.00822,0.008253,515312.0,281361000
siacoin,2016-02-20,8.4e-05,8.8e-05,7.5e-05,7.900000000000001e-05,20948.0,891724.0
stellar,2016-02-20,0.0021100000000000003,0.002204,0.002055,0.002101,33898.0,10208300
verge,2016-02-20,8.7e-05,9.300000000000001e-05,7.8e-05,8.6e-05,725.0,820443
bitcoin,2016-02-21,437.77,448.05,429.08,438.8,89820700.0,6669260000
bitshares,2016-02-21,0.004142,0.004252000000000001,0.004096,0.00415,140856.0,10533000
bytecoin-bcn,2016-02-21,3.2e-05,3.5e-05,3.1e-05,3.4e-05,9465.0,5712220
dash,2016-02-21,3.63,4.2,3.6,4.0,165716.0,22636600
dogecoin,2016-02-21,0.000292,0.000294,0.000283,0.000285,171886.0,30082000
ethereum,2016-02-21,4.36,4.71,4.23,4.65,6413550.0,336572000.0
litecoin,2016-02-21,3.46,3.58,3.4,3.46,3518950.0,154250000
monero,2016-02-21,0.8222790000000001,0.8314790000000001,0.739073,0.782148,180109.0,9108810
nem,2016-02-21,0.000597,0.0007030000000000001,0.000594,0.000662,46199.0,5369180
ripple,2016-02-21,0.008246,0.008282,0.008067,0.0081,472569.0,281117000
siacoin,2016-02-21,7.900000000000001e-05,8.499999999999999e-05,7e-05,7e-05,13822.0,837949.0
stellar,2016-02-21,0.0020570000000000002,0.002189,0.0020570000000000002,0.002157,29419.0,9952180
verge,2016-02-21,8.6e-05,8.8e-05,6.4e-05,7.5e-05,184.0,809956
bitcoin,2016-02-22,438.99,439.05,432.92,437.75,85385200.0,6689200000
bitshares,2016-02-22,0.004147,0.004168,0.004019,0.004129,116551.0,10547300
bytecoin-bcn,2016-02-22,3.2e-05,3.5e-05,3.2e-05,3.3e-05,5434.0,5726920
dash,2016-02-22,4.0,4.27,3.93,4.2,185000.0,24945400
dogecoin,2016-02-22,0.00028700000000000004,0.000288,0.00028199999999999997,0.000283,122982.0,29642300
ethereum,2016-02-22,4.66,5.65,4.64,5.62,15056200.0,360185000.0
litecoin,2016-02-22,3.47,3.51,3.43,3.48,2066780.0,154569000
monero,2016-02-22,0.77964,0.826471,0.757781,0.77803,131583.0,8644680
nem,2016-02-22,0.000662,0.000754,0.000641,0.00067,48507.0,5957070
ripple,2016-02-22,0.0081,0.0081,0.00804,0.00805,607198.0,276143000
siacoin,2016-02-22,7.900000000000001e-05,8.3e-05,7e-05,8.3e-05,15665.0,843528.0
stellar,2016-02-22,0.0021550000000000002,0.0021609999999999997,0.001962,0.0019760000000000003,27370.0,10425600
verge,2016-02-22,7.5e-05,9.1e-05,5.6999999999999996e-05,6.6e-05,11757.0,706145
bitcoin,2016-02-23,438.25,439.86,417.82,420.74,85244900.0,6679400000
bitshares,2016-02-23,0.004132,0.004258,0.004024,0.004186,156930.0,10507900
bytecoin-bcn,2016-02-23,3.3e-05,3.5e-05,3.1e-05,3.2e-05,7377.0,5889260
dash,2016-02-23,4.11,4.23,3.74,3.8,214434.0,25662900
dogecoin,2016-02-23,0.000283,0.00028399999999999996,0.000277,0.00028,164273.0,29177600
ethereum,2016-02-23,5.68,5.95,5.39,5.59,13380600.0,439084000.0
litecoin,2016-02-23,3.49,3.52,3.38,3.4,2416790.0,155639000
monero,2016-02-23,0.7802279999999999,0.794417,0.733614,0.756528,81027.0,8659060
nem,2016-02-23,0.000671,0.000742,0.0006349999999999999,0.000648,28674.0,6041160
ripple,2016-02-23,0.008055,0.00807,0.007954000000000001,0.00797,807140.0,274591000
siacoin,2016-02-23,8.3e-05,8.4e-05,7.099999999999999e-05,7.6e-05,15354.0,892327.0
stellar,2016-02-23,0.001984,0.002075,0.001883,0.0019030000000000002,43865.0,9598720
verge,2016-02-23,6.6e-05,7.6e-05,5.5e-05,5.5e-05,9878.0,627630
bitcoin,2016-02-24,420.96,425.55,413.91,424.95,67743700.0,6417190000
bitshares,2016-02-24,0.004201,0.004225,0.004065,0.00411,108847.0,10685700
bytecoin-bcn,2016-02-24,3.2e-05,3.5e-05,2.9999999999999997e-05,3.3e-05,4158.0,5694280
dash,2016-02-24,3.8,4.09,3.72,4.02,120323.0,23708800
dogecoin,2016-02-24,0.000279,0.000283,0.000273,0.000278,134062.0,28840100
ethereum,2016-02-24,5.6,6.24,5.51,6.24,11426500.0,432977000.0
litecoin,2016-02-24,3.4,3.42,3.32,3.37,1909510.0,151871000
monero,2016-02-24,0.757318,0.801767,0.74625,0.801251,121771.0,8412300
nem,2016-02-24,0.000648,0.0007059999999999999,0.000648,0.000651,33792.0,5836220
ripple,2016-02-24,0.007970999999999999,0.008076999999999999,0.007951,0.008076,473097.0,271745000
siacoin,2016-02-24,7.2e-05,9.4e-05,7.099999999999999e-05,8.9e-05,22205.0,770142.0
stellar,2016-02-24,0.0019039999999999999,0.0019760000000000003,0.0019010000000000001,0.001959,21033.0,9210470
verge,2016-02-24,5.5e-05,6.3e-05,4.7e-05,5.5e-05,9964.0,525935
bitcoin,2016-02-25,425.04,427.72,420.42,424.54,70798000.0,6480650000
bitshares,2016-02-25,0.004118,0.004159,0.003943,0.003979,126238.0,10475100
bytecoin-bcn,2016-02-25,3.3e-05,3.5e-05,3.1e-05,3.3e-05,6447.0,5907010
dash,2016-02-25,4.02,4.04,3.81,3.91,125778.0,25097700
dogecoin,2016-02-25,0.000277,0.000278,0.000267,0.000269,173164.0,28559200
ethereum,2016-02-25,6.19,6.65,5.55,6.1,21471800.0,478149000.0
litecoin,2016-02-25,3.39,3.4,3.33,3.37,1556360.0,151157000
monero,2016-02-25,0.806463,0.887144,0.784579,0.806427,234953.0,8966000
nem,2016-02-25,0.000648,0.000672,0.000592,0.000629,39616.0,5835300
ripple,2016-02-25,0.008062999999999999,0.008076,0.008015000000000001,0.008027,825297.0,274883000
siacoin,2016-02-25,8.499999999999999e-05,9e-05,7.6e-05,7.6e-05,10341.0,918481.0
stellar,2016-02-25,0.0019440000000000002,0.0019850000000000002,0.001925,0.001975,9214.0,9405560
verge,2016-02-25,5.5e-05,6.3e-05,4.7e-05,5.1e-05,4831.0,527529
bitcoin,2016-02-26,424.63,432.15,421.62,432.15,61486000.0,6476080000
bitshares,2016-02-26,0.0039829999999999996,0.004152,0.0039770000000000005,0.00411,81883.0,10131400
bytecoin-bcn,2016-02-26,3.3e-05,3.4e-05,3.2e-05,3.3e-05,2220.0,5878500
dash,2016-02-26,3.93,4.01,3.82,3.97,77086.0,24550400
dogecoin,2016-02-26,0.000269,0.00027,0.00025499999999999996,0.000259,228326.0,27822700
ethereum,2016-02-26,6.04,6.27,5.74,5.92,9526860.0,466797000.0
litecoin,2016-02-26,3.37,3.42,3.32,3.42,1849390.0,150463000
monero,2016-02-26,0.806193,0.8244610000000001,0.791316,0.813595,75396.0,8971020
nem,2016-02-26,0.0006320000000000001,0.000646,0.0006129999999999999,0.0006450000000000001,20449.0,5691150
ripple,2016-02-26,0.008025,0.008058,0.008014,0.008058,579986.0,273581000
siacoin,2016-02-26,8.1e-05,8.499999999999999e-05,7.6e-05,7.8e-05,13401.0,875136.0
stellar,2016-02-26,0.0019760000000000003,0.00199,0.0018809999999999999,0.001943,28136.0,9557410
verge,2016-02-26,5.1e-05,5.6000000000000006e-05,4.7e-05,5.2000000000000004e-05,7276.0,488528
bitcoin,2016-02-27,432.84,434.23,428.1,432.52,41893600.0,6602810000
bitshares,2016-02-27,0.004102000000000001,0.0041140000000000005,0.004001,0.004047,64407.0,10436300
bytecoin-bcn,2016-02-27,3.3e-05,3.3e-05,3.1e-05,3.2e-05,2187.0,5883350
dash,2016-02-27,3.98,4.09,3.91,4.08,113700.0,24850600
dogecoin,2016-02-27,0.000259,0.000268,0.00025299999999999997,0.00025499999999999996,161860.0,26781500
ethereum,2016-02-27,5.96,6.53,5.92,6.43,8903210.0,461169000.0
litecoin,2016-02-27,3.43,3.45,3.39,3.41,731107.0,153161000
monero,2016-02-27,0.8203870000000001,0.8596940000000001,0.806601,0.8297,101882.0,9136830
nem,2016-02-27,0.000647,0.00066,0.000627,0.000643,14847.0,5822730
ripple,2016-02-27,0.008062999999999999,0.008076999999999999,0.007972,0.007972,417576.0,274882000
siacoin,2016-02-27,7.8e-05,8.6e-05,7.3e-05,7.8e-05,15357.0,848871.0
stellar,2016-02-27,0.001955,0.0020210000000000002,0.0019219999999999999,0.002003,22000.0,9457180
verge,2016-02-27,5.2000000000000004e-05,5.6000000000000006e-05,4.3e-05,4.8e-05,7881.0,496895
bitcoin,2016-02-28,432.57,435.68,423.82,433.5,53033400.0,6600310000
bitshares,2016-02-28,0.004046,0.0041719999999999995,0.003904,0.0041329999999999995,143610.0,10293300
bytecoin-bcn,2016-02-28,3.2e-05,3.5e-05,3.2e-05,3.3e-05,6520.0,5805190
dash,2016-02-28,4.08,4.09,3.94,4.0,150601.0,25488700
dogecoin,2016-02-28,0.000256,0.000258,0.000244,0.000254,251988.0,26391300
ethereum,2016-02-28,6.41,6.62,6.24,6.47,9851660.0,495545000.0
litecoin,2016-02-28,3.41,3.47,3.36,3.44,986849.0,152561000
monero,2016-02-28,0.828838,0.888928,0.803117,0.8704850000000001,145400.0,9239080
nem,2016-02-28,0.000643,0.000672,0.000618,0.000654,12969.0,5789230
ripple,2016-02-28,0.007977,0.007987000000000001,0.007854,0.007889,570935.0,271941000
siacoin,2016-02-28,7.8e-05,8.3e-05,7e-05,7.4e-05,19051.0,851334.0
stellar,2016-02-28,0.002003,0.002022,0.001923,0.0019809999999999997,33416.0,9688940
verge,2016-02-28,4.8e-05,5.6000000000000006e-05,4.3e-05,5.2000000000000004e-05,8798.0,458031
bitcoin,2016-02-29,433.44,441.51,431.69,437.7,60694700.0,6614980000
bitshares,2016-02-29,0.004118,0.004144,0.003953,0.0039759999999999995,87877.0,10476800
bytecoin-bcn,2016-02-29,3.3e-05,4.1e-05,3.2e-05,3.9e-05,5299.0,5827130
dash,2016-02-29,4.0,4.03,3.88,3.92,140688.0,25026700
dogecoin,2016-02-29,0.000254,0.000258,0.000248,0.00025,157905.0,26277800
ethereum,2016-02-29,6.46,6.61,6.05,6.34,7648020.0,499587000.0
litecoin,2016-02-29,3.44,3.49,3.42,3.45,1431670.0,153819000
monero,2016-02-29,0.8702709999999999,0.8905049999999999,0.848024,0.870503,136190.0,9709570
nem,2016-02-29,0.000654,0.000676,0.000628,0.000647,19328.0,5882930
ripple,2016-02-29,0.007895000000000001,0.007937999999999999,0.007823,0.007923000000000001,689215.0,269151000
siacoin,2016-02-29,7.4e-05,8.3e-05,7e-05,8.3e-05,30235.0,808695.0
stellar,2016-02-29,0.0019809999999999997,0.0020050000000000003,0.001891,0.0019489999999999998,23302.0,9583340
verge,2016-02-29,5.2000000000000004e-05,5.6999999999999996e-05,4.8e-05,4.8e-05,7001.0,501376
bitcoin,2016-03-01,437.92,439.65,432.32,435.12,74895800.0,6684800000
bitshares,2016-03-01,0.0039689999999999994,0.004055,0.003921,0.003947,74523.0,10100000
bytecoin-bcn,2016-03-01,3.9e-05,4e-05,3.2e-05,3.2e-05,4360.0,6922450
dash,2016-03-01,3.92,4.04,3.81,3.9,195998.0,24506800
dogecoin,2016-03-01,0.00025,0.00025,0.00024300000000000002,0.00024900000000000004,104087.0,25820400
ethereum,2016-03-01,6.32,7.91,6.31,7.65,23098100.0,489188000.0
litecoin,2016-03-01,3.45,3.45,3.41,3.43,1133580.0,154187000
monero,2016-03-01,0.870027,0.8896209999999999,0.8195319999999999,0.8479959999999999,204620.0,9715260
nem,2016-03-01,0.0006349999999999999,0.0006580000000000001,0.0006230000000000001,0.000628,14850.0,5716680
ripple,2016-03-01,0.007923000000000001,0.008020000000000001,0.007923000000000001,0.008006000000000001,738772.0,270088000
siacoin,2016-03-01,8.3e-05,8.4e-05,6.9e-05,7e-05,21459.0,916443.0
stellar,2016-03-01,0.0019489999999999998,0.0020050000000000003,0.0019030000000000002,0.0019089999999999999,15994.0,9427770
verge,2016-03-01,4.8e-05,5.3e-05,3.9e-05,3.9e-05,4875.0,464993
bitcoin,2016-03-02,435.13,435.92,423.99,423.99,74955300.0,6643810000
bitshares,2016-03-02,0.003929,0.004016,0.003771,0.003826,129333.0,9998580
bytecoin-bcn,2016-03-02,3.2e-05,3.6e-05,3.2e-05,3.4e-05,2688.0,5779200
dash,2016-03-02,3.9,4.01,3.86,3.88,126503.0,24404300
dogecoin,2016-03-02,0.00024700000000000004,0.000251,0.000242,0.000244,119044.0,25552800
ethereum,2016-03-02,7.63,8.75,7.37,8.47,29130200.0,591078000.0
litecoin,2016-03-02,3.43,3.44,3.37,3.37,1469810.0,153604000
monero,2016-03-02,0.8463959999999999,0.869524,0.8206690000000001,0.827633,127689.0,9459500
nem,2016-03-02,0.000628,0.000648,0.000606,0.0006450000000000001,18524.0,5649810
ripple,2016-03-02,0.008005,0.008055,0.00798,0.008029999999999999,409388.0,272896000
siacoin,2016-03-02,7e-05,7.8e-05,6.9e-05,7.2e-05,15669.0,769010.0
stellar,2016-03-02,0.0019100000000000002,0.0019510000000000003,0.001823,0.001884,22381.0,9237270
verge,2016-03-02,3.9e-05,6.8e-05,3.5e-05,4.3e-05,5842.0,379333
bitcoin,2016-03-03,423.91,425.37,419.41,421.65,100484000.0,6474150000
bitshares,2016-03-03,0.003821,0.004064,0.003711,0.004055,200636.0,9725530
bytecoin-bcn,2016-03-03,3.4e-05,3.5e-05,3.2e-05,3.2e-05,10075.0,6095890
dash,2016-03-03,3.88,4.84,3.82,4.71,505229.0,24286300
dogecoin,2016-03-03,0.000244,0.00024700000000000004,0.000239,0.000245,150983.0,25169200
ethereum,2016-03-03,8.44,10.1,8.33,9.29,40314900.0,653959000.0
litecoin,2016-03-03,3.36,3.36,3.31,3.32,1812040.0,150493000
monero,2016-03-03,0.823845,1.14,0.81797,1.09,782236.0,9215560
nem,2016-03-03,0.000644,0.0006450000000000001,0.000589,0.000605,22400.0,5797540
ripple,2016-03-03,0.008028,0.008215,0.007993,0.008162,685240.0,273673000
siacoin,2016-03-03,7.2e-05,8.4e-05,6.8e-05,8.4e-05,18608.0,798484.0
stellar,2016-03-03,0.001888,0.001939,0.001853,0.0018899999999999998,24504.0,9131580
verge,2016-03-03,4.3e-05,4.6e-05,3.8e-05,3.8e-05,5271.0,413643
bitcoin,2016-03-04,421.84,425.18,410.94,410.94,90856100.0,6443890000
bitshares,2016-03-04,0.004061,0.004277,0.0039369999999999995,0.004188,349496.0,10336400
bytecoin-bcn,2016-03-04,3.3e-05,3.3e-05,3.1e-05,3.2e-05,6693.0,5831940
dash,2016-03-04,4.63,5.13,4.35,4.63,657278.0,29006700
dogecoin,2016-03-04,0.000246,0.00024700000000000004,0.00023700000000000001,0.00023799999999999998,135462.0,25386700
ethereum,2016-03-04,9.24,10.41,8.48,10.41,35520100.0,716027000.0
litecoin,2016-03-04,3.32,3.35,3.25,3.25,1459960.0,148651000
monero,2016-03-04,1.09,1.25,1.04,1.1,822636.0,12255400
nem,2016-03-04,0.000606,0.000648,0.000606,0.000637,21494.0,5451010
ripple,2016-03-04,0.008036,0.00822,0.008033,0.008095999999999999,567974.0,273954000
siacoin,2016-03-04,8.4e-05,8.499999999999999e-05,7.5e-05,7.8e-05,9369.0,936792.0
stellar,2016-03-04,0.001891,0.001945,0.001847,0.0019140000000000001,25208.0,9148750
verge,2016-03-04,4.2e-05,4.6e-05,3.7e-05,4.1e-05,4682.0,407877
bitcoin,2016-03-05,410.78,411.26,394.04,400.57,135385000.0,6276610000
bitshares,2016-03-05,0.004243,0.004471,0.00406,0.004143,341813.0,10799700
bytecoin-bcn,2016-03-05,3.2e-05,3.2e-05,2.8000000000000003e-05,2.8999999999999997e-05,8899.0,5664730
dash,2016-03-05,4.62,5.38,4.53,4.87,590483.0,28949900
dogecoin,2016-03-05,0.00023799999999999998,0.000239,0.000221,0.00022400000000000002,216091.0,24644200
ethereum,2016-03-05,10.37,12.27,9.97,11.0,56439600.0,803827000.0
litecoin,2016-03-05,3.25,3.25,3.13,3.19,1689010.0,145576000
monero,2016-03-05,1.1,1.37,1.1,1.2,1150340.0,12335200
nem,2016-03-05,0.000627,0.000714,0.0006259999999999999,0.000709,77590.0,5641870
ripple,2016-03-05,0.008117000000000001,0.008176000000000001,0.007824,0.007878,1148690.0,276700000
siacoin,2016-03-05,7.8e-05,8.2e-05,7.2e-05,7.6e-05,12945.0,868833.0
stellar,2016-03-05,0.001913,0.0019199999999999998,0.0018039999999999998,0.0018239999999999999,39964.0,9252750
verge,2016-03-05,4.1e-05,4.5e-05,3.6e-05,4e-05,6924.0,400549
bitcoin,2016-03-06,400.52,411.91,395.78,407.71,91212500.0,6121400000
bitshares,2016-03-06,0.004144,0.005386999999999999,0.004135,0.005082,758140.0,10548200
bytecoin-bcn,2016-03-06,2.8999999999999997e-05,3.3e-05,2.7000000000000002e-05,2.9999999999999997e-05,9544.0,5153160
dash,2016-03-06,4.92,5.14,4.58,4.58,487244.0,30831500
dogecoin,2016-03-06,0.000223,0.000225,0.00021899999999999998,0.000221,186326.0,23093700
ethereum,2016-03-06,11.2,11.84,9.99,11.38,39112000.0,868736000.0
litecoin,2016-03-06,3.19,3.25,3.17,3.22,1010650.0,142926000
monero,2016-03-06,1.2,1.26,1.05,1.2,912620.0,13405300
nem,2016-03-06,0.000709,0.0012259999999999999,0.000684,0.0010429999999999999,348109.0,6377790
ripple,2016-03-06,0.007857,0.007909999999999999,0.007801000000000001,0.007859999999999999,569577.0,267837000
siacoin,2016-03-06,8e-05,0.00011499999999999999,7.099999999999999e-05,0.000106,98535.0,893136.0
stellar,2016-03-06,0.0018239999999999999,0.001939,0.0018030000000000001,0.0019379999999999998,41218.0,8822080
verge,2016-03-06,4e-05,4.5e-05,4e-05,4.1e-05,3564.0,390931
bitcoin,2016-03-07,407.76,415.92,406.31,414.32,85762400.0,6233430000
bitshares,2016-03-07,0.00506,0.005136,0.004514,0.004536,614080.0,12879300
bytecoin-bcn,2016-03-07,2.9999999999999997e-05,3.3e-05,2.9999999999999997e-05,3.2e-05,2332.0,5404920
dash,2016-03-07,4.58,4.73,4.3,4.3,305007.0,28727400
dogecoin,2016-03-07,0.00022200000000000003,0.00023999999999999998,0.000218,0.000233,278612.0,22948700
ethereum,2016-03-07,11.43,11.65,9.31,9.55,34085100.0,886447000.0
litecoin,2016-03-07,3.22,3.27,3.2,3.27,1057270.0,144322000
monero,2016-03-07,1.21,1.22,0.99992,1.07,514730.0,13540700
nem,2016-03-07,0.001048,0.0017120000000000002,0.001048,0.001622,627920.0,9433080
ripple,2016-03-07,0.007835,0.007979,0.007831,0.007918000000000001,587059.0,267089000
siacoin,2016-03-07,0.000106,0.000123,9.1e-05,0.00010400000000000001,63097.0,1184410.0
stellar,2016-03-07,0.0019399999999999999,0.002542,0.0019260000000000002,0.002392,325391.0,9383360
verge,2016-03-07,4.1e-05,6.2e-05,4.1e-05,5e-05,17662.0,399802
bitcoin,2016-03-08,414.46,416.24,411.09,413.97,70311700.0,6337370000
bitshares,2016-03-08,0.004535,0.004897,0.004489,0.004848,235215.0,11546200
bytecoin-bcn,2016-03-08,3.2e-05,3.3e-05,2.9999999999999997e-05,3.2e-05,1825.0,5717860
dash,2016-03-08,4.29,4.61,4.19,4.6,250496.0,26925200
dogecoin,2016-03-08,0.000231,0.000234,0.000218,0.00022,127965.0,23854800
ethereum,2016-03-08,9.58,10.17,8.82,9.85,25524300.0,743456000.0
litecoin,2016-03-08,3.27,3.28,3.23,3.25,918434.0,146604000
monero,2016-03-08,1.08,1.19,1.02,1.19,339627.0,12128800
nem,2016-03-08,0.0016179999999999999,0.0017050000000000001,0.00145,0.0016350000000000002,260891.0,14564100
ripple,2016-03-08,0.007911,0.007978,0.007895000000000001,0.007949,655974.0,269678000
siacoin,2016-03-08,0.00010400000000000001,0.00010400000000000001,8.6e-05,9.1e-05,21368.0,1162250.0
stellar,2016-03-08,0.002348,0.0023769999999999998,0.00213,0.002216,127065.0,11358400
verge,2016-03-08,5e-05,7e-05,5e-05,6.6e-05,16558.0,489448
bitcoin,2016-03-09,413.89,416.03,411.61,414.86,70012300.0,6330230000
bitshares,2016-03-09,0.004854,0.005106,0.004794,0.005014,514476.0,12358700
bytecoin-bcn,2016-03-09,3.2e-05,3.3e-05,2.9999999999999997e-05,3.1e-05,5915.0,5815980
dash,2016-03-09,4.62,4.71,4.51,4.57,200317.0,29000600
dogecoin,2016-03-09,0.00021899999999999998,0.000231,0.000218,0.00022999999999999998,212405.0,22692800
ethereum,2016-03-09,9.79,12.05,9.67,11.9,27540500.0,760017000.0
litecoin,2016-03-09,3.25,3.3,3.24,3.28,1247320.0,145714000
monero,2016-03-09,1.19,1.32,1.1,1.24,826080.0,13340700
nem,2016-03-09,0.00165,0.00165,0.001206,0.0013289999999999999,367893.0,14846500
ripple,2016-03-09,0.007951,0.008094,0.007941,0.008056,396527.0,271071000
siacoin,2016-03-09,9.1e-05,0.00010400000000000001,8.7e-05,9.1e-05,17638.0,1025300.0
stellar,2016-03-09,0.002216,0.002316,0.002151,0.002229,52341.0,10719200
verge,2016-03-09,6.6e-05,0.00011100000000000001,6.6e-05,9.1e-05,68824.0,650804
bitcoin,2016-03-10,414.74,417.51,413.25,417.13,81022900.0,6344960000
bitshares,2016-03-10,0.005027,0.009029,0.005027,0.008157,5927510.0,12799500
bytecoin-bcn,2016-03-10,3.2e-05,3.3e-05,2.9999999999999997e-05,2.9999999999999997e-05,2095.0,5699690
dash,2016-03-10,4.57,5.3,4.49,4.92,476033.0,28738100
dogecoin,2016-03-10,0.00022999999999999998,0.00024700000000000004,0.000227,0.000241,353758.0,23788000
ethereum,2016-03-10,11.88,12.24,10.99,11.3,26851500.0,922452000.0
litecoin,2016-03-10,3.28,3.29,3.25,3.29,898376.0,146986000
monero,2016-03-10,1.25,1.31,1.07,1.09,437740.0,14035500
nem,2016-03-10,0.00133,0.001535,0.0013189999999999999,0.001385,161400.0,11966700
ripple,2016-03-10,0.008051,0.008206,0.008045,0.008190000000000001,1348660.0,274479000
siacoin,2016-03-10,8.7e-05,0.00010800000000000001,8.7e-05,0.00010800000000000001,28836.0,984761.0
stellar,2016-03-10,0.002229,0.002418,0.002172,0.002368,119765.0,10783600
verge,2016-03-10,8.7e-05,0.000136,8.3e-05,0.000121,52866.0,856483
bitcoin,2016-03-11,417.24,423.93,417.01,421.69,73969700.0,6384740000
bitshares,2016-03-11,0.008339,0.009101,0.006855,0.0077930000000000004,4619310.0,21235200
bytecoin-bcn,2016-03-11,2.9999999999999997e-05,3.3e-05,2.9999999999999997e-05,3.2e-05,1448.0,5415040
dash,2016-03-11,4.93,5.36,4.88,5.15,342455.0,30996500
dogecoin,2016-03-11,0.000246,0.00024700000000000004,0.00023700000000000001,0.000241,313735.0,25441400
ethereum,2016-03-11,11.22,11.6,10.39,11.08,21002700.0,871511000.0
litecoin,2016-03-11,3.29,3.4,3.29,3.38,1804450.0,147411000
monero,2016-03-11,1.1,1.14,1.08,1.1,134947.0,12350800
nem,2016-03-11,0.001377,0.001456,0.0013189999999999999,0.001344,61167.0,12395200
ripple,2016-03-11,0.008183,0.00892,0.008183,0.008803,2831220.0,278981000
siacoin,2016-03-11,0.00010400000000000001,0.000118,0.0001,0.00011,39151.0,1183980.0
stellar,2016-03-11,0.002374,0.0029289999999999997,0.002374,0.0025670000000000003,346969.0,13024200
verge,2016-03-11,0.000121,0.000227,0.000121,0.00018999999999999998,190205.0,1189550
bitcoin,2016-03-12,421.61,421.8,410.09,411.62,92712900.0,6453260000
bitshares,2016-03-12,0.007726,0.008351,0.007361,0.007862000000000001,2167920.0,19677700
bytecoin-bcn,2016-03-12,3.2e-05,3.3e-05,2.9999999999999997e-05,2.9999999999999997e-05,1617.0,5727320
dash,2016-03-12,5.19,5.39,4.96,5.31,313635.0,32617000
dogecoin,2016-03-12,0.000242,0.00024300000000000002,0.000233,0.00023700000000000001,226598.0,25016000
ethereum,2016-03-12,11.13,13.53,11.09,13.53,48957300.0,864733000.0
litecoin,2016-03-12,3.39,3.39,3.27,3.29,1076560.0,152154000
monero,2016-03-12,1.1,1.19,1.06,1.15,332215.0,12375400
nem,2016-03-12,0.001341,0.001431,0.00134,0.0013650000000000001,99260.0,12071600
ripple,2016-03-12,0.008801,0.008993000000000001,0.008611,0.0087,1536850.0,300041000
siacoin,2016-03-12,0.00011,0.000118,0.000103,0.00011100000000000001,41450.0,1250250.0
stellar,2016-03-12,0.002555,0.002555,0.002184,0.00227,102896.0,14017300
verge,2016-03-12,0.00018999999999999998,0.000206,0.000169,0.000177,52384.0,1877620
bitcoin,2016-03-13,411.65,416.6,411.64,414.06,74322800.0,6302330000
bitshares,2016-03-13,0.007906,0.008032,0.0071790000000000005,0.007267,1059210.0,20136500
bytecoin-bcn,2016-03-13,2.9999999999999997e-05,3.3e-05,2.9999999999999997e-05,3.2e-05,1080.0,5463210
dash,2016-03-13,5.35,6.03,5.31,5.68,738440.0,33630800
dogecoin,2016-03-13,0.00023700000000000001,0.000245,0.000233,0.000245,184872.0,24484300
ethereum,2016-03-13,13.51,15.26,13.47,14.47,43915100.0,1049930000.0
litecoin,2016-03-13,3.29,3.32,3.28,3.31,1140930.0,147636000
monero,2016-03-13,1.15,1.25,1.13,1.24,276132.0,13009500
nem,2016-03-13,0.00135,0.001396,0.00133,0.001341,95887.0,12149200
ripple,2016-03-13,0.008698000000000001,0.008703,0.008579,0.008634999999999999,860868.0,296529000
siacoin,2016-03-13,0.00011100000000000001,0.00011200000000000001,9.499999999999999e-05,9.499999999999999e-05,17339.0,1274240.0
stellar,2016-03-13,0.002278,0.0023469999999999997,0.00215,0.002177,56827.0,12495100
verge,2016-03-13,0.000177,0.00020800000000000001,0.000174,0.000194,42651.0,1750890
bitcoin,2016-03-14,414.2,416.68,414.2,416.44,95259400.0,6342780000
bitshares,2016-03-14,0.007223,0.007237,0.005738,0.0059,1867110.0,18397400
bytecoin-bcn,2016-03-14,3.1e-05,3.3e-05,2.8999999999999997e-05,3.2e-05,1493.0,5475790
dash,2016-03-14,5.68,5.99,5.42,5.54,395433.0,35742700
dogecoin,2016-03-14,0.000241,0.000246,0.000234,0.00023799999999999998,210586.0,24914800
ethereum,2016-03-14,14.51,15.01,11.58,12.45,58385100.0,1128180000.0
litecoin,2016-03-14,3.31,3.33,3.29,3.3,670283.0,148568000
monero,2016-03-14,1.24,1.24,1.11,1.12,195842.0,13996400
nem,2016-03-14,0.0013390000000000001,0.001354,0.001241,0.001256,134782.0,12055300
ripple,2016-03-14,0.008624,0.008628,0.008472,0.008479,846750.0,293988000
siacoin,2016-03-14,9.499999999999999e-05,0.00010800000000000001,9.499999999999999e-05,9.6e-05,17594.0,1095850.0
stellar,2016-03-14,0.002189,0.0022719999999999997,0.002097,0.0021379999999999997,74931.0,12008000
verge,2016-03-14,0.000194,0.00020800000000000001,0.00018600000000000002,0.000192,38928.0,1928900
bitcoin,2016-03-15,416.39,418.13,414.99,416.83,66781700.0,6377870000
bitshares,2016-03-15,0.005938000000000001,0.006606,0.005703,0.0063950000000000005,1067680.0,15122300
bytecoin-bcn,2016-03-15,3.2e-05,3.3e-05,2.8999999999999997e-05,2.8999999999999997e-05,1295.0,5758850
dash,2016-03-15,5.53,5.92,5.36,5.84,310793.0,34795400
dogecoin,2016-03-15,0.000239,0.000239,0.00022999999999999998,0.000231,162928.0,24698300
ethereum,2016-03-15,13.0,13.2,12.05,13.01,28404500.0,1011090000.0
litecoin,2016-03-15,3.3,3.33,3.29,3.31,747107.0,148354000
monero,2016-03-15,1.12,1.18,1.1,1.14,221688.0,12636200
nem,2016-03-15,0.001255,0.001287,0.001198,0.001239,98868.0,11290700
ripple,2016-03-15,0.008478,0.008495,0.008034999999999999,0.008186,284572.0,289016000
siacoin,2016-03-15,9.6e-05,0.00010400000000000001,8.8e-05,0.00010400000000000001,10501.0,1105380.0
stellar,2016-03-15,0.00214,0.0022010000000000003,0.002059,0.002193,45366.0,11737300
verge,2016-03-15,0.000192,0.000196,0.000175,0.000175,34318.0,1905010
bitcoin,2016-03-16,416.89,417.69,415.91,417.01,65185800.0,6387190000
bitshares,2016-03-16,0.0063950000000000005,0.006831,0.005975,0.006601,1047900.0,16286500
bytecoin-bcn,2016-03-16,2.8999999999999997e-05,3.2e-05,2.8999999999999997e-05,2.8999999999999997e-05,562.0,5274070
dash,2016-03-16,5.86,6.56,5.77,6.33,953870.0,36885300
dogecoin,2016-03-16,0.000233,0.000234,0.000227,0.000231,200814.0,24129300
ethereum,2016-03-16,13.02,13.73,12.5,12.52,24335500.0,1013020000.0
litecoin,2016-03-16,3.31,3.32,3.3,3.31,692940.0,148574000
monero,2016-03-16,1.14,1.2,1.12,1.15,156281.0,12879300
nem,2016-03-16,0.0012460000000000001,0.001256,0.001155,0.001172,116986.0,11214000
ripple,2016-03-16,0.008185,0.008325,0.008115,0.008178,219047.0,279042000
siacoin,2016-03-16,0.00010400000000000001,0.00010800000000000001,9.6e-05,0.0001,16075.0,1206820.0
stellar,2016-03-16,0.0021969999999999997,0.002203,0.002088,0.002136,24794.0,12049700
verge,2016-03-16,0.000175,0.00018700000000000002,0.000134,0.00016299999999999998,61496.0,1746110
bitcoin,2016-03-17,417.89,421.0,417.89,420.62,83528600.0,6404130000
bitshares,2016-03-17,0.006605,0.006758,0.0057810000000000005,0.005905,910664.0,16823300
bytecoin-bcn,2016-03-17,2.8999999999999997e-05,3.5e-05,2.8999999999999997e-05,3.4e-05,4394.0,5266900
dash,2016-03-17,6.33,6.44,5.64,5.98,595131.0,39879100
dogecoin,2016-03-17,0.000231,0.000233,0.000221,0.000223,174946.0,23897600
ethereum,2016-03-17,12.56,12.64,10.44,11.08,41650600.0,977389000.0
litecoin,2016-03-17,3.31,3.32,3.3,3.31,1038460.0,148815000
monero,2016-03-17,1.15,1.34,1.05,1.3,510610.0,12979400
nem,2016-03-17,0.001174,0.00135,0.001169,0.001301,131175.0,10562700
ripple,2016-03-17,0.008183,0.008401,0.008162,0.008287000000000001,176475.0,281804000
siacoin,2016-03-17,0.0001,0.000126,8.8e-05,0.00011399999999999999,63556.0,1164510.0
stellar,2016-03-17,0.0021379999999999997,0.002206,0.002088,0.002147,45510.0,11725900
verge,2016-03-17,0.00016299999999999998,0.00016299999999999998,0.000101,0.000126,45644.0,1624040
bitcoin,2016-03-18,420.55,420.55,406.14,409.55,104940000.0,6446330000
bitshares,2016-03-18,0.005861,0.006052,0.005071,0.00545,943946.0,14929700
bytecoin-bcn,2016-03-18,3.2e-05,3.6e-05,2.8999999999999997e-05,3.3e-05,4022.0,5697060
dash,2016-03-18,5.98,6.17,5.66,5.95,301156.0,37683500
dogecoin,2016-03-18,0.000221,0.00022400000000000002,0.000207,0.00020899999999999998,232018.0,22927200
ethereum,2016-03-18,11.11,11.18,8.52,11.0,53956800.0,867949000.0
litecoin,2016-03-18,3.31,3.31,3.15,3.17,1502010.0,148676000
monero,2016-03-18,1.31,1.33,1.11,1.15,408786.0,14849600
nem,2016-03-18,0.001285,0.001289,0.001182,0.001183,47825.0,11562800
ripple,2016-03-18,0.008284,0.008356,0.008013,0.008119,229313.0,285300000
siacoin,2016-03-18,0.000118,0.000167,0.00010700000000000001,0.00011499999999999999,285355.0,1370770.0
stellar,2016-03-18,0.002146,0.00218,0.00197,0.00198,50038.0,11774300
verge,2016-03-18,0.000126,0.000139,0.000113,0.000139,17269.0,1262060
bitcoin,2016-03-19,409.26,410.98,407.23,410.44,58423000.0,6274790000
bitshares,2016-03-19,0.005469,0.005927,0.005367,0.005824,421747.0,13933100
bytecoin-bcn,2016-03-19,3.3e-05,4e-05,3.2e-05,3.7e-05,4423.0,5833390
dash,2016-03-19,5.94,6.12,5.78,5.99,261243.0,37472700
dogecoin,2016-03-19,0.00021099999999999998,0.00022,0.00020899999999999998,0.00022,150147.0,21854900
ethereum,2016-03-19,11.2,11.2,9.78,10.53,26735700.0,875689000.0
litecoin,2016-03-19,3.17,3.19,3.16,3.18,617579.0,142595000
monero,2016-03-19,1.15,1.26,1.13,1.21,273033.0,13006700
nem,2016-03-19,0.001182,0.0013210000000000001,0.001172,0.001294,65195.0,10637500
ripple,2016-03-19,0.008124,0.008159999999999999,0.007894,0.008015999999999999,164010.0,279773000
siacoin,2016-03-19,0.00011499999999999999,0.000147,0.00011,0.000144,101577.0,1338020.0
stellar,2016-03-19,0.0019850000000000002,0.002097,0.001957,0.002015,46715.0,10889800
verge,2016-03-19,0.000139,0.000139,0.000118,0.000123,8517.0,1390980
bitcoin,2016-03-20,410.4,414.63,410.4,413.75,45947900.0,6293610000
bitshares,2016-03-20,0.005823,0.005829,0.0054280000000000005,0.00556,231685.0,14836300
bytecoin-bcn,2016-03-20,3.7e-05,4e-05,3.3e-05,3.3e-05,2704.0,6564660
dash,2016-03-20,5.77,6.14,5.77,6.12,220354.0,36389900
dogecoin,2016-03-20,0.000221,0.000221,0.00020899999999999998,0.00021400000000000002,157716.0,22867500
ethereum,2016-03-20,10.52,10.9,9.57,10.32,17651100.0,822297000.0
litecoin,2016-03-20,3.18,3.21,3.18,3.21,926158.0,143129000
monero,2016-03-20,1.2,1.53,1.2,1.52,979776.0,13655000
nem,2016-03-20,0.0013,0.001327,0.001201,0.001239,62747.0,11699200
ripple,2016-03-20,0.008015000000000001,0.008046,0.007872,0.00796,115984.0,276026000
siacoin,2016-03-20,0.000144,0.000174,0.000135,0.00014099999999999998,189619.0,1682320.0
stellar,2016-03-20,0.001998,0.002135,0.001996,0.002088,23789.0,10960300
verge,2016-03-20,0.000123,0.000149,0.00011999999999999999,0.00013700000000000002,16405.0,1239620
bitcoin,2016-03-21,413.42,413.42,410.38,413.31,61655400.0,6341380000
bitshares,2016-03-21,0.005538,0.0063479999999999995,0.005386999999999999,0.006226,499914.0,14111300
bytecoin-bcn,2016-03-21,3.3e-05,3.7e-05,2.8999999999999997e-05,3.3e-05,2032.0,5942260
dash,2016-03-21,6.12,6.46,6.01,6.01,398501.0,38624800
dogecoin,2016-03-21,0.00021400000000000002,0.00021600000000000002,0.00021,0.000212,103947.0,22147100
ethereum,2016-03-21,10.3,12.01,10.16,11.86,28572600.0,805997000.0
litecoin,2016-03-21,3.21,3.21,3.19,3.2,507480.0,144239000
monero,2016-03-21,1.52,1.54,1.36,1.49,819654.0,17283300
nem,2016-03-21,0.0012380000000000002,0.001302,0.001189,0.001257,50079.0,11143400
ripple,2016-03-21,0.007956,0.008079000000000001,0.00788,0.008047,79784.0,274018000
siacoin,2016-03-21,0.00014099999999999998,0.000156,0.000128,0.000132,60590.0,1651890.0
stellar,2016-03-21,0.002088,0.002088,0.002027,0.002074,24440.0,11455700
verge,2016-03-21,0.00013700000000000002,0.000144,0.00011999999999999999,0.000124,20555.0,1379950
bitcoin,2016-03-22,413.13,418.38,412.53,418.09,66813300.0,6338430000
bitshares,2016-03-22,0.006195,0.006297,0.005982,0.006056000000000001,358071.0,15786900
bytecoin-bcn,2016-03-22,3.3e-05,3.6e-05,3.3e-05,3.4e-05,4800.0,5934030
dash,2016-03-22,5.97,6.25,5.91,6.09,287782.0,37671000
dogecoin,2016-03-22,0.000212,0.000217,0.00020899999999999998,0.000217,173999.0,21961900
ethereum,2016-03-22,11.88,12.03,11.18,11.27,19730300.0,929610000.0
litecoin,2016-03-22,3.2,3.24,3.2,3.23,1265140.0,144058000
monero,2016-03-22,1.48,1.53,1.34,1.39,601296.0,16789700
nem,2016-03-22,0.001257,0.001282,0.001241,0.0012720000000000001,31594.0,11308600
ripple,2016-03-22,0.008028,0.008215,0.008025,0.00811,604214.0,276478000
siacoin,2016-03-22,0.000132,0.00014199999999999998,0.000121,0.00013000000000000002,60340.0,1558380.0
stellar,2016-03-22,0.002074,0.002102,0.00206,0.002079,18784.0,11379400
verge,2016-03-22,0.000124,0.000133,0.000113,0.000121,10291.0,1256500
bitcoin,2016-03-23,418.16,419.27,417.36,418.04,61444200.0,6417130000
bitshares,2016-03-23,0.006035,0.006147,0.005767,0.006083,270299.0,15381000
bytecoin-bcn,2016-03-23,3.4e-05,3.9e-05,3.3e-05,3.9e-05,4282.0,6074570
dash,2016-03-23,6.1,6.61,6.02,6.59,532087.0,38489700
dogecoin,2016-03-23,0.00021600000000000002,0.000217,0.00020899999999999998,0.000212,155957.0,22405400
ethereum,2016-03-23,11.33,12.43,11.24,12.42,19353200.0,887595000.0
litecoin,2016-03-23,3.23,3.25,3.22,3.24,1703040.0,145628000
monero,2016-03-23,1.35,1.46,1.34,1.45,439967.0,15365800
nem,2016-03-23,0.001259,0.0013160000000000001,0.0012519999999999999,0.0013039999999999998,61730.0,11335500
ripple,2016-03-23,0.008109,0.008334999999999999,0.008106,0.008331999999999999,1022850.0,279283000
siacoin,2016-03-23,0.00013000000000000002,0.00014199999999999998,0.000125,0.00013000000000000002,32936.0,1533410.0
stellar,2016-03-23,0.002079,0.002206,0.0020050000000000003,0.0021739999999999997,20972.0,11404300
verge,2016-03-23,0.000121,0.000122,0.000109,0.000113,13367.0,1230080
bitcoin,2016-03-24,418.42,418.68,415.49,416.39,68346700.0,6422730000
bitshares,2016-03-24,0.006074,0.0060869999999999995,0.005743,0.005822,136799.0,15480400
bytecoin-bcn,2016-03-24,3.9e-05,6.500000000000001e-05,3.9e-05,6.2e-05,50921.0,7054520
dash,2016-03-24,6.67,6.69,6.28,6.66,461165.0,42140700
dogecoin,2016-03-24,0.000212,0.00021899999999999998,0.00021,0.000213,170035.0,21952100
ethereum,2016-03-24,12.44,12.5,10.8,11.23,26081800.0,975295000.0
litecoin,2016-03-24,3.25,3.25,3.22,3.22,1394180.0,146180000
monero,2016-03-24,1.45,1.73,1.39,1.7,1231660.0,16565500
nem,2016-03-24,0.0013039999999999998,0.001306,0.0012490000000000001,0.001256,48528.0,11732000
ripple,2016-03-24,0.008334999999999999,0.008345,0.008229,0.00823,965196.0,287061000
siacoin,2016-03-24,0.00013000000000000002,0.00015,0.00013000000000000002,0.000146,64451.0,1539240.0
stellar,2016-03-24,0.0021739999999999997,0.002183,0.002065,0.0020800000000000003,19201.0,11924700
verge,2016-03-24,0.000113,0.000117,8.8e-05,9.6e-05,19695.0,1151770
bitcoin,2016-03-25,416.51,418.08,415.56,417.18,52560000.0,6394850000
bitshares,2016-03-25,0.005822,0.0061259999999999995,0.005753,0.006124,178424.0,14840700
bytecoin-bcn,2016-03-25,6.500000000000001e-05,6.500000000000001e-05,4.6e-05,5e-05,20886.0,11659800
dash,2016-03-25,6.66,7.53,6.59,7.44,878166.0,42063300
dogecoin,2016-03-25,0.000215,0.000217,0.000213,0.00021400000000000002,107350.0,22270900
ethereum,2016-03-25,11.26,11.37,10.53,10.74,13782000.0,883012000.0
litecoin,2016-03-25,3.23,3.24,3.21,3.23,1200290.0,145451000
monero,2016-03-25,1.69,1.75,1.58,1.6,742739.0,19285200
nem,2016-03-25,0.001259,0.001288,0.001242,0.001248,37992.0,11328900
ripple,2016-03-25,0.008234,0.008273,0.008191,0.008191,753671.0,283585000
siacoin,2016-03-25,0.000146,0.000155,0.00014099999999999998,0.00014199999999999998,40421.0,1735830.0
stellar,2016-03-25,0.0020870000000000003,0.0021260000000000003,0.002016,0.002076,23037.0,11451100
verge,2016-03-25,0.0001,0.00015900000000000002,8e-05,0.000134,110896.0,1019650
bitcoin,2016-03-26,417.37,418.99,416.26,417.94,44650400.0,6409500000
bitshares,2016-03-26,0.006082,0.006848999999999999,0.005905,0.006744,618748.0,15504900
bytecoin-bcn,2016-03-26,5e-05,5e-05,4.6e-05,4.6e-05,3430.0,8961440
dash,2016-03-26,7.44,7.44,7.03,7.21,362976.0,47037100
dogecoin,2016-03-26,0.00021400000000000002,0.00021600000000000002,0.00021099999999999998,0.000213,88578.0,22221700
ethereum,2016-03-26,10.77,11.18,10.59,10.97,9425480.0,844742000.0
litecoin,2016-03-26,3.23,3.24,3.21,3.23,1117430.0,145487000
monero,2016-03-26,1.6,1.73,1.58,1.7,505566.0,18282700
nem,2016-03-26,0.001247,0.001801,0.001247,0.001484,695940.0,11227000
ripple,2016-03-26,0.008190000000000001,0.008197,0.008053,0.008066,309664.0,282059000
siacoin,2016-03-26,0.000138,0.000151,0.000134,0.000138,19270.0,1644790.0
stellar,2016-03-26,0.002075,0.002079,0.002009,0.002059,15616.0,11385100
verge,2016-03-26,0.000134,0.00014199999999999998,0.000113,0.000125,25412.0,1369530
bitcoin,2016-03-27,418.14,428.8,417.71,426.76,71229400.0,6423040000
bitshares,2016-03-27,0.006723999999999999,0.0069489999999999994,0.006051,0.006226,933844.0,17143400
bytecoin-bcn,2016-03-27,4.6e-05,5e-05,4.2e-05,4.7e-05,6875.0,8242730
dash,2016-03-27,7.21,7.32,6.82,7.05,441517.0,45577300
dogecoin,2016-03-27,0.000213,0.000218,0.000212,0.00021600000000000002,152500.0,22092300
ethereum,2016-03-27,10.99,11.05,10.11,10.42,16744800.0,862211000.0
litecoin,2016-03-27,3.23,3.32,3.23,3.3,2089890.0,145718000
monero,2016-03-27,1.69,1.72,1.43,1.53,981701.0,19298200
nem,2016-03-27,0.001484,0.0017690000000000002,0.0014269999999999999,0.001454,305038.0,13356700
ripple,2016-03-27,0.008062,0.008081,0.008005,0.008029000000000001,418222.0,277641000
siacoin,2016-03-27,0.000138,0.000144,0.00011100000000000001,0.00011100000000000001,92364.0,1654050.0
stellar,2016-03-27,0.002059,0.002095,0.001971,0.002027,31234.0,11293500
verge,2016-03-27,0.000125,0.00013700000000000002,0.000121,0.00013700000000000002,11344.0,1286540
bitcoin,2016-03-28,426.55,426.86,423.29,424.23,68522800.0,6553700000
bitshares,2016-03-28,0.006193,0.006242,0.0058649999999999996,0.006058,330004.0,15789500
bytecoin-bcn,2016-03-28,4.7e-05,4.7e-05,3.8e-05,4e-05,2532.0,8383820
dash,2016-03-28,7.05,7.37,6.53,7.06,577452.0,44584400
dogecoin,2016-03-28,0.000215,0.00021899999999999998,0.000213,0.000215,142163.0,22248700
ethereum,2016-03-28,10.43,11.86,10.41,11.67,23188300.0,819007000.0
litecoin,2016-03-28,3.3,3.3,3.26,3.26,1427140.0,148970000
monero,2016-03-28,1.53,1.56,1.4,1.49,591183.0,17537000
nem,2016-03-28,0.001454,0.001666,0.001423,0.001584,150393.0,13081700
ripple,2016-03-28,0.008025,0.008032,0.0074670000000000005,0.007564,2114600.0,276385000
siacoin,2016-03-28,0.00011100000000000001,0.000128,0.00011100000000000001,0.000127,21781.0,1333380.0
stellar,2016-03-28,0.002031,0.002219,0.0020109999999999998,0.002113,84150.0,11142300
verge,2016-03-28,0.00014099999999999998,0.000169,0.00011100000000000001,0.000131,59092.0,1453400
bitcoin,2016-03-29,424.3,426.2,412.68,416.52,75411500.0,6521010000
bitshares,2016-03-29,0.0060479999999999996,0.00611,0.005761,0.005849,295666.0,15421700
bytecoin-bcn,2016-03-29,4e-05,4.5e-05,3.8e-05,4.5e-05,1365.0,7238600
dash,2016-03-29,7.06,7.18,6.88,7.08,268689.0,44656600
dogecoin,2016-03-29,0.000215,0.000259,0.000215,0.000254,1369190.0,22305000
ethereum,2016-03-29,11.75,11.91,11.35,11.66,17684200.0,923114000.0
litecoin,2016-03-29,3.26,3.28,3.2,3.23,1764730.0,147162000
monero,2016-03-29,1.49,1.53,1.46,1.49,324528.0,17031100
nem,2016-03-29,0.001552,0.001662,0.001516,0.001534,187162.0,13969400
ripple,2016-03-29,0.007573000000000001,0.007605,0.007397,0.007566,1116900.0,260816000
siacoin,2016-03-29,0.000127,0.000132,0.00011999999999999999,0.000121,14815.0,1536470.0
stellar,2016-03-29,0.002112,0.002128,0.002053,0.0020870000000000003,17062.0,11588000
verge,2016-03-29,0.000131,0.000144,0.00011999999999999999,0.000129,9337.0,1361200
bitcoin,2016-03-30,416.83,416.83,412.5,414.82,66034100.0,6407840000
bitshares,2016-03-30,0.005857,0.0062840000000000005,0.005786,0.006115,496152.0,14935600
bytecoin-bcn,2016-03-30,4.5e-05,4.5e-05,3.7e-05,4.1e-05,1615.0,8013930
dash,2016-03-30,7.09,7.11,6.76,6.78,280500.0,44853600
dogecoin,2016-03-30,0.00025699999999999996,0.00026000000000000003,0.00022799999999999999,0.000234,587060.0,26667800
ethereum,2016-03-30,11.61,12.18,11.47,11.95,19351200.0,911902000.0
litecoin,2016-03-30,3.23,3.28,3.2,3.22,1450290.0,145624000
monero,2016-03-30,1.48,1.52,1.41,1.45,324062.0,16984700
nem,2016-03-30,0.001534,0.00158,0.001472,0.001491,66153.0,13807400
ripple,2016-03-30,0.007568000000000001,0.007595,0.007326999999999999,0.007331999999999999,1210630.0,260637000
siacoin,2016-03-30,0.000121,0.000129,0.00011599999999999999,0.000124,35624.0,1462460.0
stellar,2016-03-30,0.0020870000000000003,0.002089,0.002006,0.002039,18345.0,11446400
verge,2016-03-30,0.000129,0.000133,0.00011599999999999999,0.000124,13948.0,1340620
bitcoin,2016-03-31,415.26,418.37,415.26,416.73,60215200.0,6385140000
bitshares,2016-03-31,0.006139,0.006183,0.00585,0.005903,248735.0,15655700
bytecoin-bcn,2016-03-31,4.1e-05,5.3e-05,4.1e-05,4.6e-05,7094.0,7281710
dash,2016-03-31,6.78,6.98,6.78,6.88,220521.0,42907900
dogecoin,2016-03-31,0.00023199999999999997,0.00023500000000000002,0.000223,0.000233,256164.0,24086300
ethereum,2016-03-31,11.92,12.01,11.32,11.4,14966700.0,936992000.0
litecoin,2016-03-31,3.23,3.27,3.22,3.26,1704440.0,145617000
monero,2016-03-31,1.44,1.46,1.39,1.4,197875.0,16467000
nem,2016-03-31,0.001478,0.001527,0.001449,0.001495,46908.0,13303500
ripple,2016-03-31,0.007331999999999999,0.007392,0.007273999999999999,0.007391,1036210.0,252523000
siacoin,2016-03-31,0.000125,0.000125,0.00011599999999999999,0.000121,17435.0,1513330.0
stellar,2016-03-31,0.002039,0.002073,0.0020210000000000002,0.002027,34233.0,11185600
verge,2016-03-31,0.000124,0.00013700000000000002,0.00010800000000000001,0.000113,19155.0,1295910
bitcoin,2016-04-01,416.76,418.17,415.83,417.96,51235700.0,6409540000
bitshares,2016-04-01,0.0058969999999999995,0.006047,0.005782,0.0058909999999999995,219992.0,15039100
bytecoin-bcn,2016-04-01,4.6e-05,5.4000000000000005e-05,4.6e-05,5e-05,4403.0,8231430
dash,2016-04-01,6.9,7.1,6.71,7.07,189159.0,43693200
dogecoin,2016-04-01,0.000233,0.000233,0.000221,0.00022400000000000002,151122.0,24167800
ethereum,2016-04-01,11.4,11.85,11.4,11.66,11373100.0,896537000.0
litecoin,2016-04-01,3.25,3.26,3.23,3.24,1316230.0,146576000
monero,2016-04-01,1.41,1.48,1.41,1.46,353597.0,16163900
nem,2016-04-01,0.001495,0.001564,0.0014550000000000001,0.0014730000000000001,64361.0,13454700
ripple,2016-04-01,0.007391,0.00748,0.007391,0.007418000000000001,827273.0,254546000
siacoin,2016-04-01,0.000125,0.000125,0.000121,0.000121,16638.0,1521680.0
stellar,2016-04-01,0.002026,0.002054,0.001993,0.0020469999999999998,20022.0,11112600
verge,2016-04-01,0.000117,0.000126,0.000109,0.000117,10403.0,1223350
bitcoin,2016-04-02,418.42,422.08,418.42,420.87,45681200.0,6436700000
bitshares,2016-04-02,0.005879,0.0059700000000000005,0.005784,0.005893,177650.0,14994400
bytecoin-bcn,2016-04-02,5e-05,9.300000000000001e-05,4.6e-05,6.7e-05,87281.0,8937080
dash,2016-04-02,7.12,7.21,7.04,7.05,157191.0,45096900
dogecoin,2016-04-02,0.000223,0.000229,0.000223,0.000226,126287.0,23159600
ethereum,2016-04-02,11.63,11.69,11.4,11.6,8682620.0,914995000.0
litecoin,2016-04-02,3.25,3.28,3.24,3.26,1174830.0,146629000
monero,2016-04-02,1.46,1.57,1.46,1.55,438901.0,16776400
nem,2016-04-02,0.001462,0.0014869999999999998,0.001437,0.001443,52104.0,13160200
ripple,2016-04-02,0.007418000000000001,0.0075049999999999995,0.007409999999999999,0.007501000000000001,390399.0,255464000
siacoin,2016-04-02,0.000121,0.000126,0.00011399999999999999,0.000122,27190.0,1475290.0
stellar,2016-04-02,0.0020469999999999998,0.002128,0.0020399999999999997,0.002089,30735.0,11230300
verge,2016-04-02,0.000117,0.000147,0.000113,0.00013000000000000002,33868.0,1226770
bitcoin,2016-04-03,421.17,421.58,419.7,420.9,38053700.0,6480470000
bitshares,2016-04-03,0.005888,0.005967,0.005825,0.005940999999999999,95250.0,15017600
bytecoin-bcn,2016-04-03,6.7e-05,7.2e-05,5.1e-05,6.3e-05,19969.0,12082600
dash,2016-04-03,7.05,7.13,6.65,7.0,351429.0,44718800
dogecoin,2016-04-03,0.00022400000000000002,0.000227,0.00021899999999999998,0.000221,143700.0,23250200
ethereum,2016-04-03,11.63,11.71,11.51,11.62,5580550.0,915175000.0
litecoin,2016-04-03,3.26,3.27,3.25,3.26,1281200.0,147378000
monero,2016-04-03,1.53,1.58,1.48,1.54,255047.0,17571800
nem,2016-04-03,0.001443,0.001459,0.0013160000000000001,0.0013599999999999999,60244.0,12990600
ripple,2016-04-03,0.007504,0.007533,0.007492,0.007503,250112.0,258428000
siacoin,2016-04-03,0.000118,0.000122,0.000109,0.00011399999999999999,22463.0,1445150.0
stellar,2016-04-03,0.002089,0.002225,0.002081,0.00221,43511.0,11458600
verge,2016-04-03,0.00013000000000000002,0.000131,0.000122,0.000125,10010.0,1364110
bitcoin,2016-04-04,421.3,422.34,419.6,421.44,50634300.0,6483910000
bitshares,2016-04-04,0.005942,0.006344,0.005878,0.0061990000000000005,313372.0,15156400
bytecoin-bcn,2016-04-04,6.3e-05,6.7e-05,5.5e-05,5.9e-05,4451.0,11301600
dash,2016-04-04,7.0,7.05,6.88,6.96,141900.0,44373200
dogecoin,2016-04-04,0.000221,0.000223,0.000218,0.00022,100592.0,22918500
ethereum,2016-04-04,11.62,11.62,11.02,11.16,9599070.0,914560000.0
litecoin,2016-04-04,3.26,3.27,3.22,3.25,1188610.0,147422000
monero,2016-04-04,1.55,1.6,1.5,1.6,296207.0,17833100
nem,2016-04-04,0.001364,0.001402,0.001332,0.00137,38331.0,12271900
ripple,2016-04-04,0.007502,0.007515000000000001,0.007483,0.007490999999999999,300359.0,258385000
siacoin,2016-04-04,0.00011399999999999999,0.000122,0.00011,0.000122,12031.0,1397340.0
stellar,2016-04-04,0.002205,0.0024649999999999997,0.002204,0.002294,179638.0,12096900
verge,2016-04-04,0.000125,0.00013700000000000002,9.9e-05,0.000132,441.0,1312010
bitcoin,2016-04-05,421.02,424.26,420.61,424.03,60718000.0,6481350000
bitshares,2016-04-05,0.006176,0.006222999999999999,0.006062,0.006094,169947.0,15756200
bytecoin-bcn,2016-04-05,5.5e-05,5.9e-05,5.1e-05,5.1e-05,5985.0,9865490
dash,2016-04-05,6.97,7.37,6.97,7.07,420016.0,44231400
dogecoin,2016-04-05,0.00022,0.00022,0.000213,0.00021400000000000002,164210.0,22788100
ethereum,2016-04-05,11.21,11.21,10.13,10.44,20557300.0,883170000.0
litecoin,2016-04-05,3.25,3.27,3.24,3.25,863788.0,146779000
monero,2016-04-05,1.58,1.58,1.45,1.52,404485.0,18159400
nem,2016-04-05,0.001371,0.0014140000000000001,0.0013210000000000001,0.001373,38468.0,12338400
ripple,2016-04-05,0.007488,0.007515999999999999,0.007451,0.007474,464037.0,257881000
siacoin,2016-04-05,0.000118,0.000123,0.00011399999999999999,0.00011899999999999999,18399.0,1454630.0
stellar,2016-04-05,0.002299,0.002307,0.0020989999999999997,0.00216,79658.0,12611500
verge,2016-04-05,0.000132,0.00014,0.000118,0.000123,966.0,1383450
bitcoin,2016-04-06,424.28,424.53,422.73,423.41,59091000.0,6533260000
bitshares,2016-04-06,0.006094,0.0062369999999999995,0.006021,0.00609,160445.0,15547600
bytecoin-bcn,2016-04-06,5.1e-05,5.4000000000000005e-05,4.5e-05,4.7e-05,3340.0,9208460
dash,2016-04-06,7.06,7.17,7.0,7.02,189714.0,44799200
dogecoin,2016-04-06,0.00021600000000000002,0.00022,0.00021400000000000002,0.00021600000000000002,127899.0,22412600
ethereum,2016-04-06,10.45,10.97,10.28,10.69,16997100.0,823420000.0
lisk,2016-04-06,2.04,3.77,1.45,3.77,222502.0,
litecoin,2016-04-06,3.26,3.26,3.24,3.26,1088910.0,147390000
monero,2016-04-06,1.52,1.57,1.46,1.51,253803.0,17481400
nem,2016-04-06,0.001373,0.001374,0.001307,0.001361,17324.0,12357400
ripple,2016-04-06,0.0074670000000000005,0.007468000000000001,0.0072959999999999995,0.0072959999999999995,796790.0,257157000
siacoin,2016-04-06,0.00011899999999999999,0.000123,0.000106,0.00011,22232.0,1466530.0
stellar,2016-04-06,0.00216,0.0022429999999999998,0.002088,0.002163,30023.0,11849100
verge,2016-04-06,0.000123,0.00014099999999999998,0.000122,0.00014,769.0,1291760
bitcoin,2016-04-07,423.62,423.66,420.52,422.75,57858600.0,6524680000
bitshares,2016-04-07,0.006077,0.006146,0.0058649999999999996,0.005918,120708.0,15505600
bytecoin-bcn,2016-04-07,4.6e-05,5e-05,4.2e-05,4.2e-05,3110.0,8344620
dash,2016-04-07,7.02,7.1,6.9,6.9,174662.0,44628000
dogecoin,2016-04-07,0.00021600000000000002,0.000218,0.00020899999999999998,0.000212,125769.0,22443600
ethereum,2016-04-07,10.7,10.81,9.95,10.07,13464500.0,843091000.0
lisk,2016-04-07,3.92,8.29,2.02,4.99,203863.0,
litecoin,2016-04-07,3.26,3.26,3.23,3.25,1150280.0,147371000
monero,2016-04-07,1.51,1.57,1.5,1.5,293003.0,17377700
nem,2016-04-07,0.001361,0.001387,0.001338,0.001349,12999.0,12249300
ripple,2016-04-07,0.007308,0.007309,0.006875,0.006875,1450030.0,251671000
siacoin,2016-04-07,0.00011399999999999999,0.00011399999999999999,0.000105,0.000106,19447.0,1412100.0
stellar,2016-04-07,0.002154,0.0022489999999999997,0.002131,0.0021550000000000002,43761.0,11817100
verge,2016-04-07,0.00014,0.00023700000000000001,0.000139,0.00021600000000000002,1880.0,1474280
bitcoin,2016-04-08,422.91,425.36,419.63,420.35,63454700.0,6515190000
bitshares,2016-04-08,0.005926,0.005991,0.005606,0.005713,225807.0,15118700
bytecoin-bcn,2016-04-08,4.2e-05,5e-05,4.2e-05,4.6e-05,2773.0,7607990
dash,2016-04-08,6.88,7.08,6.88,6.99,218748.0,43766400
dogecoin,2016-04-08,0.000212,0.000215,0.00020899999999999998,0.00021099999999999998,149434.0,21985900
ethereum,2016-04-08,10.08,10.39,9.66,9.72,14660600.0,794705000.0
lisk,2016-04-08,5.01,7.89,2.5,4.53,468420.0,
litecoin,2016-04-08,3.24,3.25,3.21,3.22,1352320.0,146734000
monero,2016-04-08,1.51,1.54,1.14,1.24,535958.0,17391700
nem,2016-04-08,0.0013449999999999998,0.001437,0.001343,0.001419,26063.0,12107500
ripple,2016-04-08,0.006875,0.006875,0.006657,0.006670999999999999,859428.0,236762000
siacoin,2016-04-08,0.000106,0.00011100000000000001,9.2e-05,0.000101,28479.0,1315600.0
stellar,2016-04-08,0.002156,0.0022370000000000003,0.002133,0.002184,33986.0,11824800
verge,2016-04-08,0.00021600000000000002,0.000218,0.00016999999999999999,0.00018999999999999998,638.0,2284390
bitcoin,2016-04-09,420.81,420.89,416.51,419.41,49792700.0,6484410000
bitshares,2016-04-09,0.005719,0.005744,0.005484,0.005638000000000001,161733.0,14593100
bytecoin-bcn,2016-04-09,4.6e-05,5e-05,4.2e-05,5e-05,2273.0,8285640
dash,2016-04-09,6.98,6.99,6.28,6.68,490236.0,44418900
dogecoin,2016-04-09,0.00021099999999999998,0.000215,0.000207,0.00020800000000000001,95135.0,21956700
ethereum,2016-04-09,9.69,10.09,9.07,9.15,16194800.0,764797000.0
lisk,2016-04-09,4.06,4.59,2.4,2.44,272260.0,
litecoin,2016-04-09,3.22,3.23,3.2,3.22,1224580.0,145963000
monero,2016-04-09,1.26,1.37,1.13,1.13,937009.0,14502600
nem,2016-04-09,0.001419,0.0014449999999999999,0.001391,0.0014119999999999998,28257.0,12774300
ripple,2016-04-09,0.006673999999999999,0.006679000000000001,0.006287,0.006288,1032700.0,229844000
siacoin,2016-04-09,0.000101,0.000109,9.6e-05,0.000105,17376.0,1261690.0
stellar,2016-04-09,0.002184,0.002209,0.002002,0.002017,29154.0,11981700
verge,2016-04-09,0.000192,0.000193,0.00015800000000000002,0.000172,399.0,2037410
bitcoin,2016-04-10,419.59,422.44,419.26,421.56,73478600.0,6467330000
bitshares,2016-04-10,0.005631000000000001,0.005736,0.00487,0.005068,464190.0,14367400
bytecoin-bcn,2016-04-10,5e-05,5e-05,3.8e-05,4.6e-05,4219.0,8944020
dash,2016-04-10,6.68,6.89,6.12,6.54,874074.0,42484800
dogecoin,2016-04-10,0.00020800000000000001,0.00021,0.000197,0.000204,254353.0,21612800
ethereum,2016-04-10,9.15,9.22,7.46,8.94,42613400.0,722133000.0
lisk,2016-04-10,2.44,2.76,1.14,1.37,242123.0,
litecoin,2016-04-10,3.22,3.25,3.21,3.23,1417490.0,145907000
monero,2016-04-10,1.14,1.17,0.921744,1.1,1270300.0,13205500
nem,2016-04-10,0.0014119999999999998,0.00151,0.0013599999999999999,0.0014,65615.0,12707500
ripple,2016-04-10,0.006289,0.006295,0.0059240000000000004,0.005937,774554.0,216578000
siacoin,2016-04-10,0.000105,0.000105,8.9e-05,9.300000000000001e-05,31590.0,1313820.0
stellar,2016-04-10,0.002018,0.0020510000000000003,0.0014269999999999999,0.001882,128084.0,11067400
verge,2016-04-10,0.000172,0.000241,0.00016299999999999998,0.000192,860.0,1830560
bitcoin,2016-04-11,421.87,422.74,420.53,422.48,50747500.0,6504290000
bitshares,2016-04-11,0.005069,0.005086,0.004598,0.004821,376983.0,12935400
bytecoin-bcn,2016-04-11,4.6e-05,4.9e-05,3.8e-05,4.6e-05,4141.0,8270540
dash,2016-04-11,6.51,6.63,6.3,6.35,230475.0,41432300
dogecoin,2016-04-11,0.00020299999999999997,0.000215,0.000202,0.00021400000000000002,173354.0,21060000
ethereum,2016-04-11,8.94,8.95,8.0,8.64,15138100.0,706074000.0
lisk,2016-04-11,1.37,3.17,1.27,3.13,163666.0,
litecoin,2016-04-11,3.23,3.24,3.21,3.24,1061060.0,146206000
monero,2016-04-11,1.12,1.13,0.9860459999999999,1.02,307904.0,12947200
nem,2016-04-11,0.0014,0.001475,0.001373,0.001458,22648.0,12599900
ripple,2016-04-11,0.005937,0.006071,0.005883,0.0060479999999999996,1871520.0,204474000
siacoin,2016-04-11,9.300000000000001e-05,0.000147,8.8e-05,0.00011,132027.0,1167390.0
stellar,2016-04-11,0.0018850000000000002,0.0019879999999999997,0.0018690000000000002,0.0019030000000000002,26655.0,10341500
verge,2016-04-11,0.000192,0.000541,0.000181,0.000213,631.0,2057150
bitcoin,2016-04-12,422.84,427.28,422.84,425.19,70728800.0,6520870000
bitshares,2016-04-12,0.004822,0.004839,0.0046159999999999994,0.0047539999999999995,242988.0,12305600
bytecoin-bcn,2016-04-12,4.6e-05,5e-05,4.2e-05,4.2e-05,2064.0,8195740
dash,2016-04-12,6.36,6.58,6.3,6.5,334270.0,40479000
dogecoin,2016-04-12,0.00021400000000000002,0.000242,0.000212,0.000229,345682.0,22259400
ethereum,2016-04-12,8.64,8.64,7.15,7.44,23190100.0,682395000.0
lisk,2016-04-12,3.14,3.14,1.17,1.23,117448.0,
litecoin,2016-04-12,3.24,3.28,3.23,3.26,1305310.0,146827000
monero,2016-04-12,1.02,1.03,0.8756780000000001,0.9559860000000001,607158.0,11826700
nem,2016-04-12,0.001458,0.001459,0.001371,0.00139,27811.0,13118400
ripple,2016-04-12,0.0060479999999999996,0.006082,0.005873,0.0058850000000000005,1085670.0,208306000
siacoin,2016-04-12,0.00011,0.000123,0.000102,0.00011100000000000001,27445.0,1386670.0
stellar,2016-04-12,0.0019030000000000002,0.001934,0.001829,0.001871,38237.0,10436900
verge,2016-04-12,0.000213,0.000213,9.2e-05,0.00010700000000000001,37220.0,2282640
bitcoin,2016-04-13,425.63,426.66,422.92,423.73,69060400.0,6565470000
bitshares,2016-04-13,0.004764,0.004847,0.004665,0.004787,198960.0,12158200
bytecoin-bcn,2016-04-13,4.2e-05,4.6e-05,3.9e-05,4.2e-05,1097.0,7601990
dash,2016-04-13,6.5,6.56,6.4,6.51,223697.0,41411000
dogecoin,2016-04-13,0.000231,0.000239,0.00022400000000000002,0.000234,292317.0,23958300
ethereum,2016-04-13,7.44,8.72,7.07,8.04,31403300.0,587994000.0
lisk,2016-04-13,1.29,1.38,0.9770909999999999,1.29,85572.0,
litecoin,2016-04-13,3.26,3.27,3.24,3.24,1295720.0,147911000
monero,2016-04-13,0.944542,1.07,0.922155,1.03,411783.0,10937600
nem,2016-04-13,0.00139,0.0014199999999999998,0.001353,0.0013650000000000001,55189.0,12510400
ripple,2016-04-13,0.005884,0.005884,0.005685,0.005695,1384420.0,202660000
siacoin,2016-04-13,0.00011100000000000001,0.00011899999999999999,9.7e-05,0.00011399999999999999,36860.0,1399260.0
stellar,2016-04-13,0.001876,0.001924,0.001832,0.0018629999999999999,43097.0,10289800
verge,2016-04-13,0.00010700000000000001,0.00010700000000000001,6.8e-05,8.499999999999999e-05,20766.0,1146180
bitcoin,2016-04-14,423.94,425.37,423.01,424.28,45281000.0,6541030000
bitshares,2016-04-14,0.004782,0.004874,0.004716,0.00475,87985.0,12205400
bytecoin-bcn,2016-04-14,4.2e-05,4.5e-05,4e-05,4.2e-05,739.0,7612970
dash,2016-04-14,6.51,6.53,6.34,6.41,218510.0,41460300
dogecoin,2016-04-14,0.000233,0.00023500000000000002,0.000225,0.00022999999999999998,184092.0,24220100
ethereum,2016-04-14,8.08,8.76,8.02,8.39,13590700.0,638330000.0
lisk,2016-04-14,1.0,1.31,0.73644,1.19,114725.0,
litecoin,2016-04-14,3.25,3.26,3.23,3.24,1190770.0,147175000
monero,2016-04-14,1.03,1.06,0.976168,1.01,199039.0,11927900
nem,2016-04-14,0.0013650000000000001,0.00176,0.001362,0.0015789999999999999,226419.0,12285900
ripple,2016-04-14,0.005697,0.006352,0.005693,0.006289,192592.0,196195000
siacoin,2016-04-14,0.00011399999999999999,0.000127,0.00011,0.000127,17028.0,1452680.0
stellar,2016-04-14,0.0018739999999999998,0.001887,0.001846,0.001877,23351.0,10278800
verge,2016-04-14,8.499999999999999e-05,8.499999999999999e-05,6.8e-05,7.7e-05,14853.0,917048
bitcoin,2016-04-15,424.43,429.93,424.43,429.71,54801500.0,6550350000
bitshares,2016-04-15,0.004736,0.004814,0.004351,0.004351,250112.0,12087000
bytecoin-bcn,2016-04-15,4.3e-05,4.5e-05,4e-05,4.1e-05,926.0,7643450
dash,2016-04-15,6.42,6.42,5.98,6.03,303991.0,40914100
dogecoin,2016-04-15,0.000231,0.000236,0.00022799999999999999,0.000233,131113.0,24055400
ethereum,2016-04-15,8.39,8.62,8.1,8.24,12179000.0,663169000.0
lisk,2016-04-15,1.19,1.74,1.09,1.2,98647.0,
litecoin,2016-04-15,3.24,3.28,3.24,3.28,1404400.0,147106000
monero,2016-04-15,1.01,1.02,0.954306,0.990145,366008.0,11676400
nem,2016-04-15,0.0015789999999999999,0.00162,0.001411,0.001443,116531.0,14213600
ripple,2016-04-15,0.0063030000000000004,0.0064730000000000005,0.006229,0.006423999999999999,156069.0,217091000
siacoin,2016-04-15,0.000127,0.000128,0.00010700000000000001,0.00011200000000000001,24102.0,1620940.0
stellar,2016-04-15,0.001877,0.001928,0.001823,0.0018789999999999998,40559.0,10296600
verge,2016-04-15,7.7e-05,8.1e-05,7.3e-05,7.5e-05,8297.0,826445
bitcoin,2016-04-16,429.57,432.63,428.98,430.57,39392800.0,6631310000
bitshares,2016-04-16,0.004353,0.004609,0.004308,0.004351,356439.0,11111600
bytecoin-bcn,2016-04-16,4.1e-05,4.3e-05,3.9e-05,4.1e-05,987.0,7288280
dash,2016-04-16,6.02,6.43,5.97,6.3,287896.0,38397000
dogecoin,2016-04-16,0.000234,0.00023700000000000001,0.000229,0.00022999999999999998,76420.0,24363000
ethereum,2016-04-16,8.24,8.65,8.11,8.61,9888460.0,651554000.0
lisk,2016-04-16,1.2,1.26,0.867777,1.23,57511.0,
litecoin,2016-04-16,3.28,3.29,3.27,3.27,1155850.0,148813000
monero,2016-04-16,0.9904959999999999,0.9973989999999999,0.9474299999999999,0.977983,111910.0,11497200
nem,2016-04-16,0.001443,0.00146,0.001401,0.001423,60570.0,12987400
ripple,2016-04-16,0.006421,0.006509999999999999,0.0062759999999999995,0.006509999999999999,70487.0,221140000
siacoin,2016-04-16,0.00011200000000000001,0.00011999999999999999,0.00010700000000000001,0.00010800000000000001,7598.0,1426840.0
stellar,2016-04-16,0.0018789999999999998,0.001934,0.0018690000000000002,0.0019219999999999999,18872.0,10305100
verge,2016-04-16,7.5e-05,8.6e-05,6.9e-05,6.9e-05,16982.0,810302
bitcoin,2016-04-17,430.64,431.37,426.08,427.4,52125900.0,6649170000
bitshares,2016-04-17,0.004361,0.004573,0.00434,0.0044469999999999996,181933.0,11132400
bytecoin-bcn,2016-04-17,3.9e-05,4.3e-05,3.8e-05,3.8e-05,1121.0,7048300
dash,2016-04-17,6.31,6.45,6.23,6.4,206734.0,40252900
dogecoin,2016-04-17,0.000231,0.000231,0.00022400000000000002,0.000226,81586.0,23964600
ethereum,2016-04-17,8.62,9.7,8.56,9.31,24619600.0,682467000.0
lisk,2016-04-17,1.23,1.8,1.15,1.66,36480.0,
litecoin,2016-04-17,3.28,3.28,3.25,3.26,1211900.0,148864000
monero,2016-04-17,0.978342,1.08,0.969814,1.04,306365.0,11365600
nem,2016-04-17,0.001423,0.001525,0.0014210000000000002,0.0015,40530.0,12809400
ripple,2016-04-17,0.006499,0.006605,0.006488,0.006499,54782.0,226598000
siacoin,2016-04-17,0.00010800000000000001,0.00011599999999999999,0.000103,0.00011100000000000001,12111.0,1378390.0
stellar,2016-04-17,0.0019219999999999999,0.0019309999999999998,0.001846,0.0018989999999999999,14645.0,10543400
verge,2016-04-17,6.9e-05,8.2e-05,6.9e-05,7.7e-05,9763.0,750506
bitcoin,2016-04-18,427.61,429.27,427.09,428.59,55670900.0,6604150000
bitshares,2016-04-18,0.004449,0.004536999999999999,0.004404,0.004494,130159.0,11356500
bytecoin-bcn,2016-04-18,3.8e-05,4.3e-05,3.2e-05,3.5e-05,5486.0,6914130
dash,2016-04-18,6.36,6.41,6.07,6.23,211282.0,40579000
dogecoin,2016-04-18,0.000226,0.00022799999999999999,0.00021899999999999998,0.000225,136890.0,23501400
ethereum,2016-04-18,9.33,9.51,8.5,9.04,21084100.0,738916000.0
lisk,2016-04-18,1.66,1.66,0.9288350000000001,1.02,48480.0,
litecoin,2016-04-18,3.26,3.27,3.24,3.24,1317730.0,148017000
monero,2016-04-18,1.04,1.12,1.02,1.11,294792.0,12039000
nem,2016-04-18,0.001485,0.0016190000000000002,0.001485,0.001558,77865.0,13360700
ripple,2016-04-18,0.006503,0.007194,0.006503,0.006987,1066190.0,226743000
siacoin,2016-04-18,0.00011100000000000001,0.00011499999999999999,0.00010700000000000001,0.00011100000000000001,6372.0,1426610.0
steem,2016-04-18,0.6429020000000001,1.07,0.6429020000000001,0.8776809999999999,28820.0,2607840
stellar,2016-04-18,0.0018989999999999999,0.0019140000000000001,0.0018899999999999998,0.0019030000000000002,24122.0,10418700
verge,2016-04-18,7.7e-05,7.7e-05,6.4e-05,7.3e-05,15461.0,835997
bitcoin,2016-04-19,428.7,436.02,428.1,435.51,52810500.0,6622450000
bitshares,2016-04-19,0.004495,0.004521,0.0044340000000000004,0.004490999999999999,97361.0,11474200
bytecoin-bcn,2016-04-19,3.5e-05,3.9e-05,3.4e-05,3.5e-05,1606.0,6381710
dash,2016-04-19,6.24,6.44,6.21,6.39,204854.0,39811000
dogecoin,2016-04-19,0.00022400000000000002,0.000226,0.00021899999999999998,0.00022200000000000003,106188.0,23341400
ethereum,2016-04-19,9.08,9.31,8.6,8.71,12899100.0,718825000.0
lisk,2016-04-19,1.02,1.96,1.02,1.85,26391.0,
litecoin,2016-04-19,3.25,3.29,3.24,3.29,1333410.0,147546000
monero,2016-04-19,1.11,1.16,1.1,1.11,279257.0,12966100
nem,2016-04-19,0.00156,0.001627,0.0015220000000000001,0.00162,35119.0,14038600
ripple,2016-04-19,0.006987,0.007156999999999999,0.0069819999999999995,0.007118000000000001,426257.0,243613000
siacoin,2016-04-19,0.00011100000000000001,0.00011200000000000001,0.000103,0.000105,11401.0,1434020.0
steem,2016-04-19,0.8779110000000001,0.952174,0.68595,0.766538,27954.0,3874980
stellar,2016-04-19,0.0019030000000000002,0.001929,0.001893,0.001929,13111.0,10441300
verge,2016-04-19,7.3e-05,7.3e-05,5.9999999999999995e-05,6.500000000000001e-05,8718.0,790808
bitcoin,2016-04-20,435.32,443.05,434.41,441.39,72890100.0,6726370000
bitshares,2016-04-20,0.004482,0.004845,0.0044210000000000005,0.0047409999999999996,315062.0,11441900
bytecoin-bcn,2016-04-20,3.5e-05,3.9e-05,3.4e-05,3.5e-05,1255.0,6273330
dash,2016-04-20,6.4,6.52,6.31,6.35,247651.0,40880000
dogecoin,2016-04-20,0.00022200000000000003,0.000227,0.000221,0.000226,108274.0,23058500
ethereum,2016-04-20,8.69,8.83,8.31,8.47,15634700.0,688434000.0
lisk,2016-04-20,1.85,1.85,1.3,1.33,64546.0,
litecoin,2016-04-20,3.29,3.29,3.27,3.28,1638920.0,149541000
monero,2016-04-20,1.11,1.12,1.0,1.06,317076.0,12979400
nem,2016-04-20,0.0016190000000000002,0.00175,0.001607,0.0016469999999999998,123362.0,14574400
ripple,2016-04-20,0.007117,0.007259000000000001,0.007019,0.007244,1301350.0,248170000
siacoin,2016-04-20,0.000105,0.00011,0.0001,0.000102,16404.0,1348980.0
steem,2016-04-20,0.766135,0.969628,0.707862,0.8329979999999999,29098.0,4237560
stellar,2016-04-20,0.001928,0.0019489999999999998,0.0018559999999999998,0.001928,39461.0,10577700
verge,2016-04-20,6.500000000000001e-05,6.500000000000001e-05,5.3e-05,5.7999999999999994e-05,11106.0,712792
bitcoin,2016-04-21,441.42,450.55,440.95,449.43,68204700.0,6822320000
bitshares,2016-04-21,0.004748,0.004821,0.004589,0.004589,178733.0,12119800
bytecoin-bcn,2016-04-21,3.5e-05,3.9e-05,3.3e-05,3.3e-05,986.0,6371240
dash,2016-04-21,6.35,6.42,6.19,6.19,187613.0,40558500
dogecoin,2016-04-21,0.000225,0.00022799999999999999,0.00022400000000000002,0.000226,108092.0,23376200
ethereum,2016-04-21,8.45,8.72,7.96,8.1,13355400.0,670104000.0
lisk,2016-04-21,1.33,1.84,1.33,1.65,46650.0,
litecoin,2016-04-21,3.28,3.35,3.27,3.35,1688230.0,149099000
monero,2016-04-21,1.06,1.07,0.9461870000000001,0.977233,217840.0,12296600
nem,2016-04-21,0.0016469999999999998,0.0016989999999999998,0.001576,0.0015789999999999999,63276.0,14820900
ripple,2016-04-21,0.007265000000000001,0.007536,0.007265000000000001,0.0074329999999999995,1011580.0,253308000
siacoin,2016-04-21,0.000106,0.00011200000000000001,9e-05,9.4e-05,31406.0,1371400.0
steem,2016-04-21,0.8330489999999999,0.8330489999999999,0.617698,0.678366,44460.0,5542150
stellar,2016-04-21,0.0019190000000000001,0.0019850000000000002,0.0018059999999999999,0.0018739999999999998,54310.0,10525900
verge,2016-04-21,5.7999999999999994e-05,6.2e-05,4e-05,5.4000000000000005e-05,21313.0,633326
bitcoin,2016-04-22,449.69,449.81,444.15,445.74,58804400.0,6951860000
bitshares,2016-04-22,0.004601,0.0046159999999999994,0.004493,0.004528,122986.0,11745100
bytecoin-bcn,2016-04-22,3.3e-05,3.6e-05,3.2e-05,3.6e-05,1460.0,5917390
dash,2016-04-22,6.22,6.38,6.09,6.28,239961.0,39777400
dogecoin,2016-04-22,0.000226,0.000227,0.000223,0.00022400000000000002,54838.0,23484000
ethereum,2016-04-22,8.15,8.27,7.67,7.82,13309300.0,646298000.0
lisk,2016-04-22,1.65,1.98,0.948411,1.82,38998.0,
litecoin,2016-04-22,3.35,3.35,3.31,3.32,1569850.0,152137000
monero,2016-04-22,0.9684299999999999,1.01,0.951049,0.9804290000000001,142996.0,11296200
nem,2016-04-22,0.00158,0.0016359999999999999,0.001544,0.001583,27030.0,14216100
ripple,2016-04-22,0.007439,0.007439,0.007275,0.0072840000000000005,955674.0,259389000
siacoin,2016-04-22,9.4e-05,0.00010700000000000001,9.4e-05,0.00010700000000000001,6145.0,1226120.0
steem,2016-04-22,0.6788770000000001,0.7122649999999999,0.395063,0.44554099999999996,40302.0,5275460
stellar,2016-04-22,0.0018739999999999998,0.001918,0.001859,0.001917,26976.0,10282900
verge,2016-04-22,5.4000000000000005e-05,7.099999999999999e-05,5.3e-05,6.6e-05,6899.0,589273
bitcoin,2016-04-23,445.86,450.28,444.33,450.28,50485400.0,6894280000
bitshares,2016-04-23,0.004529,0.004581,0.004299,0.004413,149405.0,11561200
bytecoin-bcn,2016-04-23,3.6e-05,3.8e-05,3.6e-05,3.6e-05,460.0,6444460
dash,2016-04-23,6.28,6.52,6.18,6.51,241922.0,40127700
dogecoin,2016-04-23,0.00022400000000000002,0.000227,0.00022200000000000003,0.00022400000000000002,100389.0,23261500
ethereum,2016-04-23,7.79,8.55,7.74,8.29,14565200.0,618147000.0
lisk,2016-04-23,1.82,2.1,1.15,1.27,182681.0,
litecoin,2016-04-23,3.32,3.34,3.31,3.33,1383790.0,150997000
monero,2016-04-23,0.977764,1.05,0.977764,1.04,111624.0,11414300
nem,2016-04-23,0.001583,0.001633,0.001562,0.0016,24123.0,14245700
ripple,2016-04-23,0.007281999999999999,0.007365000000000001,0.007281999999999999,0.007345999999999999,345650.0,253925000
siacoin,2016-04-23,0.00010700000000000001,0.00010700000000000001,9.4e-05,9.499999999999999e-05,9355.0,1394580.0
steem,2016-04-23,0.445658,0.645597,0.445658,0.627526,16738.0,3964600
stellar,2016-04-23,0.001917,0.00193,0.001884,0.0019260000000000002,22819.0,10516300
verge,2016-04-23,6.6e-05,7e-05,5.7999999999999994e-05,5.9e-05,2537.0,725266
bitcoin,2016-04-24,450.56,460.15,448.93,458.56,68198400.0,6968570000
bitshares,2016-04-24,0.004413,0.004461,0.0040420000000000005,0.004116,249096.0,11267800
bytecoin-bcn,2016-04-24,3.6e-05,4e-05,3.2e-05,3.7e-05,900.0,6540430
dash,2016-04-24,6.5,6.61,6.37,6.44,236604.0,41556400
dogecoin,2016-04-24,0.00022400000000000002,0.00022799999999999999,0.00022,0.000227,144668.0,23263800
ethereum,2016-04-24,8.29,8.47,7.96,8.0,10786400.0,658203000.0
lisk,2016-04-24,1.27,1.74,0.986183,1.41,54516.0,
litecoin,2016-04-24,3.35,3.65,3.35,3.63,4502460.0,152206000
monero,2016-04-24,1.03,1.04,0.9872569999999999,1.01,117386.0,12074100
nem,2016-04-24,0.0016,0.001603,0.001525,0.001533,30483.0,14401400
ripple,2016-04-24,0.007344,0.00735,0.007223,0.0072510000000000005,472274.0,256083000
siacoin,2016-04-24,9.9e-05,0.0001,9e-05,9.2e-05,9249.0,1295030.0
steem,2016-04-24,0.572256,0.655271,0.502921,0.5638350000000001,11907.0,5738580
stellar,2016-04-24,0.0019260000000000002,0.001968,0.001884,0.001912,18230.0,10565900
verge,2016-04-24,5.9e-05,6.7e-05,5.7999999999999994e-05,5.9e-05,2226.0,645439
bitcoin,2016-04-25,459.12,466.62,453.59,461.43,87091800.0,7102490000
bitshares,2016-04-25,0.004116,0.004225,0.0035549999999999996,0.003768,450047.0,10508700
bytecoin-bcn,2016-04-25,3.7e-05,3.7e-05,3.3e-05,3.4e-05,1712.0,6617220
dash,2016-04-25,6.43,6.43,6.13,6.17,269831.0,41150900
dogecoin,2016-04-25,0.00022799999999999999,0.000231,0.00022400000000000002,0.000227,200268.0,23706900
ethereum,2016-04-25,8.01,8.09,7.24,7.55,18239900.0,635784000.0
lisk,2016-04-25,1.42,1.42,0.773489,0.773489,30326.0,
litecoin,2016-04-25,3.62,3.87,3.55,3.81,6605750.0,164835000
monero,2016-04-25,1.02,1.04,0.942687,0.953362,209133.0,11946300
nem,2016-04-25,0.001535,0.001564,0.001489,0.001518,41019.0,13815600
ripple,2016-04-25,0.00725,0.007308,0.007234,0.0072829999999999995,605219.0,252804000
siacoin,2016-04-25,9.2e-05,9.2e-05,7.4e-05,8.3e-05,32913.0,1202510.0
steem,2016-04-25,0.5645399999999999,0.565074,0.340077,0.369118,14377.0,6187940
stellar,2016-04-25,0.001912,0.001954,0.001859,0.001876,55865.0,10491200
verge,2016-04-25,5.9e-05,6.4e-05,5.6000000000000006e-05,5.9999999999999995e-05,3809.0,650691
bitcoin,2016-04-26,461.65,467.96,461.62,466.09,78971900.0,7143060000
bitshares,2016-04-26,0.003776,0.003929,0.003686,0.003861,269518.0,9642560
bytecoin-bcn,2016-04-26,3.3e-05,3.7e-05,2.8999999999999997e-05,3.3e-05,2916.0,6007770
dash,2016-04-26,6.21,6.24,5.81,6.08,249141.0,39730900
dogecoin,2016-04-26,0.000227,0.00023500000000000002,0.000226,0.00022999999999999998,154354.0,23638000
ethereum,2016-04-26,7.53,7.55,7.06,7.4,17667300.0,597819000.0
lisk,2016-04-26,0.7738619999999999,0.802259,0.70129,0.7292310000000001,16705.0,
litecoin,2016-04-26,3.8,4.11,3.79,4.05,6717450.0,172756000
monero,2016-04-26,0.9622780000000001,0.995101,0.84477,0.884295,339835.0,11259900
nem,2016-04-26,0.001516,0.001577,0.0014759999999999999,0.001532,34249.0,13641500
ripple,2016-04-26,0.007279000000000001,0.007293000000000001,0.007095000000000001,0.007095000000000001,884879.0,253812000
siacoin,2016-04-26,8.3e-05,8.8e-05,7e-05,8.4e-05,30698.0,1091760.0
steem,2016-04-26,0.369367,0.46132399999999996,0.336497,0.374183,13069.0,4304400
stellar,2016-04-26,0.0018739999999999998,0.0019100000000000002,0.001707,0.001819,93637.0,10279500
verge,2016-04-26,5.9999999999999995e-05,5.9999999999999995e-05,4.7e-05,5.5e-05,5123.0,659384
bitcoin,2016-04-27,466.26,467.08,444.13,444.69,93564900.0,7216190000
bitshares,2016-04-27,0.003861,0.004076,0.0038130000000000004,0.003979,154612.0,9860750
bytecoin-bcn,2016-04-27,3.3e-05,3.6e-05,3.1e-05,3.1e-05,325.0,5970970
dash,2016-04-27,6.1,6.62,5.95,6.28,422258.0,39041800
dogecoin,2016-04-27,0.000231,0.000233,0.000223,0.00022400000000000002,164060.0,24093100
ethereum,2016-04-27,7.39,7.97,7.32,7.76,19254500.0,587076000.0
lisk,2016-04-27,0.729496,0.8354370000000001,0.6224529999999999,0.623225,14913.0,
litecoin,2016-04-27,4.05,4.23,3.87,3.89,9435190.0,184330000
monero,2016-04-27,0.894009,0.97624,0.860762,0.9415309999999999,300067.0,10469100
nem,2016-04-27,0.001532,0.001715,0.001507,0.001645,60837.0,13791900
ripple,2016-04-27,0.007094,0.007094,0.006725,0.006725,797081.0,247354000
siacoin,2016-04-27,8.4e-05,8.9e-05,7.7e-05,8.4e-05,12346.0,1106240.0
steem,2016-04-27,0.374307,0.599489,0.351378,0.41619799999999996,12008.0,4713080
stellar,2016-04-27,0.00182,0.0018579999999999998,0.0017980000000000001,0.001832,31873.0,9982290
verge,2016-04-27,5.5e-05,5.7999999999999994e-05,5e-05,5.3e-05,3036.0,606944
bitcoin,2016-04-28,445.04,449.55,436.65,449.01,74064700.0,6889170000
bitshares,2016-04-28,0.0039840000000000006,0.004058,0.0038640000000000002,0.0039570000000000004,122357.0,10176500
bytecoin-bcn,2016-04-28,3.2e-05,3.4e-05,3.1e-05,3.1e-05,672.0,5671100
dash,2016-04-28,6.33,6.56,6.25,6.46,224846.0,40567700
dogecoin,2016-04-28,0.00022400000000000002,0.000231,0.00022200000000000003,0.00022799999999999999,131177.0,23312200
ethereum,2016-04-28,7.74,7.91,7.17,7.17,11576000.0,615316000.0
lisk,2016-04-28,0.623713,0.742672,0.45493599999999995,0.738716,6142.0,
litecoin,2016-04-28,3.88,3.88,3.69,3.79,3952590.0,176662000
monero,2016-04-28,0.943459,0.953414,0.882325,0.9047940000000001,98147.0,11056500
nem,2016-04-28,0.00164,0.0016879999999999998,0.0015869999999999999,0.001599,48880.0,14760900
ripple,2016-04-28,0.00672,0.006723999999999999,0.006666,0.006686,752872.0,234332000
siacoin,2016-04-28,8.4e-05,9.300000000000001e-05,8e-05,9e-05,20020.0,1117440.0
steem,2016-04-28,0.43088000000000004,0.5146930000000001,0.407969,0.44996499999999995,7233.0,5794610
stellar,2016-04-28,0.0018329999999999998,0.001911,0.0017989999999999998,0.0019039999999999999,44636.0,10056100
verge,2016-04-28,5.3e-05,5.7999999999999994e-05,4.9e-05,5.4000000000000005e-05,5049.0,587725
bitcoin,2016-04-29,449.41,455.38,446.02,455.1,49258500.0,6958330000
bitshares,2016-04-29,0.0039570000000000004,0.003961,0.003776,0.003924,78775.0,10105900
bytecoin-bcn,2016-04-29,3.1e-05,4e-05,3.1e-05,3.6e-05,1807.0,5664310
dash,2016-04-29,6.46,6.67,6.32,6.6,281894.0,41360700
dogecoin,2016-04-29,0.00022799999999999999,0.000229,0.000225,0.000226,95090.0,23767900
ethereum,2016-04-29,7.21,7.73,7.17,7.46,8762080.0,573124000.0
lisk,2016-04-29,0.7393689999999999,0.788671,0.514736,0.7658149999999999,14024.0,
litecoin,2016-04-29,3.79,3.85,3.72,3.81,2467080.0,172762000
monero,2016-04-29,0.9046870000000001,0.9341219999999999,0.8726719999999999,0.883684,101368.0,10610600
nem,2016-04-29,0.001599,0.001633,0.001575,0.001607,12164.0,14392900
ripple,2016-04-29,0.006689,0.006759,0.006670999999999999,0.006759,538253.0,233220000
siacoin,2016-04-29,9e-05,9.1e-05,8.2e-05,8.6e-05,5999.0,1191010.0
steem,2016-04-29,0.450283,0.46598599999999996,0.389675,0.432963,10593.0,6448330
stellar,2016-04-29,0.0019039999999999999,0.0019100000000000002,0.0018449999999999999,0.001849,11889.0,10444900
verge,2016-04-29,5.4000000000000005e-05,5.7999999999999994e-05,5e-05,5e-05,3716.0,594799
bitcoin,2016-04-30,455.18,455.59,447.7,448.32,69322600.0,7049460000
bitshares,2016-04-30,0.0039380000000000005,0.004055,0.003915999999999999,0.0039759999999999995,63684.0,10060200
bytecoin-bcn,2016-04-30,3.6e-05,4e-05,3.2e-05,3.6e-05,2295.0,6554310
dash,2016-04-30,6.62,6.86,6.56,6.83,293789.0,42428700
dogecoin,2016-04-30,0.000226,0.000231,0.000225,0.000226,78880.0,23555100
ethereum,2016-04-30,7.45,9.37,7.45,8.81,36573300.0,592992000.0
lisk,2016-04-30,0.7659520000000001,1.65,0.734653,1.27,66785.0,
litecoin,2016-04-30,3.81,3.82,3.64,3.66,2502180.0,173790000
monero,2016-04-30,0.8834639999999999,0.970719,0.8834639999999999,0.916537,127183.0,10370200
nem,2016-04-30,0.0016059999999999998,0.0016699999999999998,0.001599,0.0016010000000000002,20784.0,14456100
ripple,2016-04-30,0.006761,0.006848999999999999,0.006761,0.006812,406123.0,235757000
siacoin,2016-04-30,8.6e-05,9.1e-05,8.1e-05,8.499999999999999e-05,5912.0,1149610.0
steem,2016-04-30,0.433501,0.46810100000000004,0.40513899999999997,0.419174,3153.0,6586020
stellar,2016-04-30,0.001849,0.001912,0.001843,0.001852,24008.0,10141500
verge,2016-04-30,5e-05,5.5e-05,5e-05,5.1e-05,2338.0,554109
bitcoin,2016-05-01,448.48,452.48,447.93,451.88,40660100.0,6947430000
bitshares,2016-05-01,0.003973,0.0041259999999999995,0.003939,0.004058,108494.0,10150200
bytecoin-bcn,2016-05-01,3.6e-05,4e-05,3.2e-05,3.6e-05,407.0,6451740
dash,2016-05-01,6.82,6.87,6.69,6.79,229207.0,43733100
dogecoin,2016-05-01,0.000226,0.00022799999999999999,0.00022400000000000002,0.000226,57744.0,23493800
ethereum,2016-05-01,8.78,9.01,8.43,8.85,16713800.0,698377000.0
lisk,2016-05-01,1.27,1.63,0.559062,0.70878,19716.0,
litecoin,2016-05-01,3.66,3.72,3.64,3.71,1911590.0,166735000
monero,2016-05-01,0.916798,0.945897,0.894976,0.914293,64193.0,10770300
nem,2016-05-01,0.0016010000000000002,0.001622,0.001573,0.0016059999999999998,19104.0,14412300
ripple,2016-05-01,0.006812,0.0068189999999999995,0.006789,0.006790999999999999,241733.0,237517000
siacoin,2016-05-01,8.499999999999999e-05,9e-05,8.1e-05,8.6e-05,2704.0,1136230.0
steem,2016-05-01,0.419234,0.500108,0.40299,0.46598,6398.0,6734500
stellar,2016-05-01,0.001852,0.001906,0.001841,0.001883,6884.0,10158800
verge,2016-05-01,5.1e-05,5.7999999999999994e-05,5e-05,5.1e-05,2489.0,565435
bitcoin,2016-05-02,451.93,452.44,441.78,444.67,92127000.0,7002610000
bitshares,2016-05-02,0.004061,0.004477,0.003995,0.0042710000000000005,373711.0,10373600
bytecoin-bcn,2016-05-02,3.6e-05,3.8e-05,3.2e-05,3.4e-05,558.0,6416960
dash,2016-05-02,6.79,6.87,6.64,6.83,265828.0,43546600
dogecoin,2016-05-02,0.000225,0.000231,0.00022,0.000229,93859.0,23411900
ethereum,2016-05-02,8.89,10.32,8.85,10.16,41019200.0,708137000.0
lisk,2016-05-02,0.708871,1.4,0.676872,1.18,38309.0,
litecoin,2016-05-02,3.71,3.78,3.64,3.68,2667410.0,169120000
monero,2016-05-02,0.911209,1.0,0.895719,0.9643950000000001,212997.0,10712600
nem,2016-05-02,0.0016059999999999998,0.00162,0.001536,0.001574,17512.0,14457800
ripple,2016-05-02,0.006790999999999999,0.006803,0.006712,0.006714,585826.0,236793000
siacoin,2016-05-02,8.6e-05,8.6e-05,8e-05,8.499999999999999e-05,5819.0,1148000.0
steem,2016-05-02,0.466055,0.491174,0.390714,0.40284899999999996,20117.0,7815320
stellar,2016-05-02,0.001883,0.001905,0.0018329999999999998,0.0018679999999999999,19403.0,10330700
verge,2016-05-02,5.1e-05,5.6999999999999996e-05,4.9e-05,4.9e-05,3861.0,567568
bitcoin,2016-05-03,444.73,451.1,442.62,450.3,59366400.0,6892690000
bitshares,2016-05-03,0.004275,0.004275999999999999,0.004083,0.004109000000000001,57214.0,10921300
bytecoin-bcn,2016-05-03,3.3e-05,3.6e-05,3.2e-05,3.3e-05,1470.0,6002890
dash,2016-05-03,6.8,6.88,6.75,6.8,180138.0,43619700
dogecoin,2016-05-03,0.000227,0.000231,0.00022400000000000002,0.00022799999999999999,95401.0,23691100
ethereum,2016-05-03,10.17,10.17,9.28,9.31,21463900.0,809644000.0
lisk,2016-05-03,1.18,1.44,0.723931,0.725287,26812.0,
litecoin,2016-05-03,3.68,3.76,3.66,3.74,2363200.0,167955000
monero,2016-05-03,0.963722,0.9774790000000001,0.9082370000000001,0.9082370000000001,103842.0,11338900
nem,2016-05-03,0.001574,0.001602,0.001495,0.001578,31618.0,14166500
ripple,2016-05-03,0.006716,0.006717,0.006555,0.00656,329125.0,234192000
siacoin,2016-05-03,8.499999999999999e-05,9.9e-05,7.6e-05,9e-05,31524.0,1133220.0
steem,2016-05-03,0.40293,0.530654,0.402896,0.44371000000000005,13658.0,7178160
stellar,2016-05-03,0.0018679999999999999,0.001891,0.0018559999999999998,0.0018620000000000002,17242.0,10248500
verge,2016-05-03,4.9e-05,5.6999999999999996e-05,4.9e-05,5.1e-05,1554.0,550044
bitcoin,2016-05-04,450.18,450.38,445.63,446.72,50407300.0,6978950000
bitshares,2016-05-04,0.004108,0.004152,0.004027,0.004047,54476.0,10496500
bytecoin-bcn,2016-05-04,3.3e-05,3.7e-05,3.1e-05,3.4e-05,1035.0,5893870
dash,2016-05-04,6.79,6.9,6.76,6.84,196202.0,43558700
dogecoin,2016-05-04,0.000226,0.00022799999999999999,0.00022400000000000002,0.000225,71239.0,23581200
ethereum,2016-05-04,9.38,10.03,9.27,9.41,17622400.0,747638000.0
lisk,2016-05-04,0.725092,1.52,0.717662,1.52,51102.0,
litecoin,2016-05-04,3.74,3.78,3.73,3.75,1716110.0,170729000
monero,2016-05-04,0.91748,0.950575,0.8998440000000001,0.9164549999999999,102053.0,10803000
nem,2016-05-04,0.001578,0.001591,0.0015279999999999998,0.001535,12471.0,14197900
ripple,2016-05-04,0.006558,0.00656,0.006307,0.006323,563556.0,228655000
siacoin,2016-05-04,9e-05,0.00010700000000000001,8.499999999999999e-05,0.000103,23939.0,1210240.0
steem,2016-05-04,0.44366300000000003,0.45529,0.419155,0.42157799999999995,4005.0,8292540
stellar,2016-05-04,0.0018620000000000002,0.0018850000000000002,0.001838,0.001865,16615.0,10216600
verge,2016-05-04,5.1e-05,5.4000000000000005e-05,4.5e-05,4.9e-05,5344.0,563221
bitcoin,2016-05-05,446.71,448.51,445.88,447.98,50440800.0,6926990000
bitshares,2016-05-05,0.004047,0.004097,0.004004,0.004092,71198.0,10341000
bytecoin-bcn,2016-05-05,3.4e-05,3.6e-05,3.1e-05,3.2e-05,396.0,6181390
dash,2016-05-05,6.84,6.88,6.74,6.82,186158.0,43921600
dogecoin,2016-05-05,0.000225,0.000227,0.00021899999999999998,0.000221,149567.0,23493500
ethereum,2016-05-05,9.4,10.05,9.29,9.83,18296200.0,749038000.0
lisk,2016-05-05,1.52,1.56,1.23,1.42,34428.0,
litecoin,2016-05-05,3.74,3.76,3.71,3.71,1702120.0,170776000
monero,2016-05-05,0.9164479999999999,0.922198,0.8794799999999999,0.906841,76568.0,10799800
nem,2016-05-05,0.001535,0.001572,0.001501,0.001535,23235.0,13819400
ripple,2016-05-05,0.006323,0.006324000000000001,0.006187,0.006193,509188.0,220475000
siacoin,2016-05-05,0.000103,0.00010800000000000001,9.8e-05,0.000103,13169.0,1384970.0
steem,2016-05-05,0.42156899999999997,0.447833,0.36330999999999997,0.385345,8409.0,8248310
stellar,2016-05-05,0.001865,0.001871,0.001829,0.0018399999999999998,12585.0,10228500
verge,2016-05-05,5.3e-05,5.4000000000000005e-05,4.1e-05,4.9e-05,7681.0,589230
bitcoin,2016-05-06,447.94,461.38,447.07,459.6,72796800.0,6947800000
bitshares,2016-05-06,0.004089,0.004097,0.0038420000000000004,0.00394,155294.0,10448900
bytecoin-bcn,2016-05-06,3.2e-05,3.6e-05,3.2e-05,3.3e-05,1347.0,5690850
dash,2016-05-06,6.82,6.84,6.67,6.77,215622.0,43824200
dogecoin,2016-05-06,0.00022,0.000227,0.00021899999999999998,0.000225,92250.0,22913100
ethereum,2016-05-06,9.81,9.95,9.04,9.35,21510600.0,782261000.0
lisk,2016-05-06,1.42,1.63,0.814017,0.814017,15278.0,
litecoin,2016-05-06,3.72,3.82,3.71,3.82,1899060.0,169660000
monero,2016-05-06,0.9069940000000001,0.91905,0.868383,0.877466,71046.0,10696600
nem,2016-05-06,0.001535,0.001593,0.001515,0.00159,15647.0,13818000
ripple,2016-05-06,0.0061979999999999995,0.0064,0.006188,0.006399,680334.0,216107000
siacoin,2016-05-06,0.000103,0.00010800000000000001,9.499999999999999e-05,9.7e-05,11768.0,1392500.0
steem,2016-05-06,0.385313,0.415,0.300293,0.354715,18947.0,7838720
stellar,2016-05-06,0.0018399999999999998,0.00186,0.001829,0.001829,8634.0,10094100
verge,2016-05-06,4.9e-05,5.4000000000000005e-05,4.2e-05,4.6e-05,5367.0,552283
bitcoin,2016-05-07,459.64,460.68,457.32,458.54,38364500.0,7131120000
bitshares,2016-05-07,0.003936,0.0039700000000000004,0.0038380000000000003,0.0038929999999999998,96102.0,10057600
bytecoin-bcn,2016-05-07,3.3e-05,3.6e-05,3.2e-05,3.2e-05,458.0,5893140
dash,2016-05-07,6.75,6.78,6.53,6.58,254392.0,43408500
dogecoin,2016-05-07,0.00022400000000000002,0.000225,0.000221,0.000223,83754.0,23348400
ethereum,2016-05-07,9.32,9.48,9.21,9.37,10806500.0,743166000.0
lisk,2016-05-07,0.814081,0.85114,0.694595,0.696178,13246.0,
litecoin,2016-05-07,3.82,4.0,3.82,3.95,3278610.0,174435000
monero,2016-05-07,0.877036,0.884583,0.832369,0.880058,110546.0,10350800
nem,2016-05-07,0.0016350000000000002,0.00164,0.001527,0.0015539999999999998,18165.0,14713600
ripple,2016-05-07,0.0063950000000000005,0.006495999999999999,0.0063950000000000005,0.006490000000000001,351537.0,222997000
siacoin,2016-05-07,9.7e-05,0.00011,9.6e-05,0.00011,8649.0,1307980.0
steem,2016-05-07,0.354537,0.362611,0.30701799999999996,0.30953400000000003,5603.0,7557410
stellar,2016-05-07,0.001837,0.001846,0.0018100000000000002,0.001814,10780.0,10076000
verge,2016-05-07,4.6e-05,5.5e-05,4.6e-05,5.1e-05,3953.0,517885
bitcoin,2016-05-08,458.43,459.42,455.98,458.55,40315000.0,7114060000
bitshares,2016-05-08,0.003894,0.003922,0.0038280000000000002,0.0039049999999999996,48089.0,9951010
bytecoin-bcn,2016-05-08,3.2e-05,3.5e-05,3.2e-05,3.2e-05,429.0,5847280
dash,2016-05-08,6.58,6.77,6.55,6.69,164290.0,42348300
dogecoin,2016-05-08,0.00022200000000000003,0.000223,0.00022,0.00022200000000000003,46961.0,23110700
ethereum,2016-05-08,9.37,9.6,8.93,9.48,15031000.0,748030000.0
lisk,2016-05-08,0.696016,1.08,0.6351319999999999,0.790503,13948.0,
litecoin,2016-05-08,3.94,3.94,3.89,3.94,1783970.0,179835000
monero,2016-05-08,0.880503,0.897977,0.8353459999999999,0.8505860000000001,76975.0,10400200
nem,2016-05-08,0.0015550000000000002,0.001557,0.0014880000000000002,0.001517,34875.0,13990900
ripple,2016-05-08,0.006490000000000001,0.006492,0.006403,0.006404000000000001,389914.0,226293000
siacoin,2016-05-08,0.000105,0.000128,0.000105,0.000124,54768.0,1433220.0
steem,2016-05-08,0.30949699999999997,0.336382,0.302064,0.310248,3744.0,6868280
stellar,2016-05-08,0.001814,0.001827,0.001771,0.001796,18197.0,9951850
verge,2016-05-08,5.1e-05,5.6000000000000006e-05,4.6e-05,4.8e-05,4329.0,567782
bitcoin,2016-05-09,458.21,462.48,456.53,460.48,55493100.0,7112510000
bitshares,2016-05-09,0.003909,0.0039369999999999995,0.003438,0.003583,230015.0,9989700
bytecoin-bcn,2016-05-09,3.2e-05,3.6e-05,3.2e-05,3.2e-05,2433.0,5841860
dash,2016-05-09,6.68,6.69,6.55,6.59,172995.0,42968300
dogecoin,2016-05-09,0.00022200000000000003,0.000225,0.00022,0.00022400000000000002,75340.0,23178500
ethereum,2016-05-09,9.49,9.64,9.2,9.3,13085300.0,758000000.0
lisk,2016-05-09,0.789914,0.789914,0.745417,0.7611640000000001,10017.0,
litecoin,2016-05-09,3.94,4.08,3.9,4.06,3120940.0,179947000
monero,2016-05-09,0.848722,0.867028,0.8142149999999999,0.825393,91542.0,10032500
nem,2016-05-09,0.001506,0.0015300000000000001,0.001446,0.001475,20281.0,13557600
ripple,2016-05-09,0.006402,0.0064069999999999995,0.006386,0.006399,351209.0,223244000
siacoin,2016-05-09,0.000124,0.000133,0.00011,0.00011100000000000001,41960.0,1688510.0
steem,2016-05-09,0.31006500000000004,0.315774,0.24538800000000002,0.258957,4151.0,7152290
stellar,2016-05-09,0.001796,0.0018149999999999998,0.0017690000000000002,0.001802,7597.0,9852060
verge,2016-05-09,4.8e-05,5.2000000000000004e-05,4.1e-05,4.7e-05,6092.0,538346
bitcoin,2016-05-10,460.52,461.93,448.95,450.89,58956100.0,7150370000
bitshares,2016-05-10,0.003582,0.003665,0.003558,0.003592,108580.0,9155370
bytecoin-bcn,2016-05-10,3.2e-05,3.3e-05,2.9999999999999997e-05,2.9999999999999997e-05,780.0,5819910
dash,2016-05-10,6.59,6.81,6.52,6.79,275287.0,42439700
dogecoin,2016-05-10,0.00022200000000000003,0.00022400000000000002,0.00022,0.00022,76419.0,23148800
ethereum,2016-05-10,9.28,9.48,9.26,9.36,9321790.0,741417000.0
lisk,2016-05-10,0.7612220000000001,0.85854,0.7489279999999999,0.8335549999999999,10911.0,
litecoin,2016-05-10,4.06,4.12,3.8,3.82,3688200.0,185501000
monero,2016-05-10,0.825951,0.875618,0.812145,0.829463,134752.0,9770550
nem,2016-05-10,0.001475,0.0015300000000000001,0.0014349999999999999,0.001506,13587.0,13276900
ripple,2016-05-10,0.006399,0.006399,0.00627,0.006272,404295.0,223113000
siacoin,2016-05-10,0.00011100000000000001,0.000122,0.00010400000000000001,0.000113,21183.0,1511660.0
steem,2016-05-10,0.258959,0.26919699999999996,0.229942,0.25562199999999996,4881.0,6200040
stellar,2016-05-10,0.001802,0.001808,0.0017519999999999999,0.0017739999999999998,22841.0,9884810
verge,2016-05-10,4.7e-05,5e-05,4.1e-05,4.1e-05,4817.0,525657
bitcoin,2016-05-11,450.86,454.58,450.86,452.73,50605200.0,7002230000
bitshares,2016-05-11,0.003593,0.0036369999999999996,0.003572,0.0035979999999999996,60554.0,9184720
bytecoin-bcn,2016-05-11,3.1e-05,3.6e-05,2.8000000000000003e-05,3.6e-05,7820.0,5495500
dash,2016-05-11,6.82,6.84,6.65,6.76,214337.0,43892000
dogecoin,2016-05-11,0.00022,0.00022400000000000002,0.00022,0.00022400000000000002,71369.0,22932400
ethereum,2016-05-11,9.43,10.01,9.39,10.0,15267500.0,753600000.0
lisk,2016-05-11,0.8334969999999999,1.51,0.8334969999999999,1.22,34101.0,
litecoin,2016-05-11,3.82,3.91,3.81,3.88,2458140.0,174695000
monero,2016-05-11,0.828834,0.869361,0.82739,0.8597100000000001,51107.0,9812260
nem,2016-05-11,0.001506,0.001558,0.001491,0.001534,9375.0,13558000
ripple,2016-05-11,0.006272,0.0062770000000000005,0.006186,0.006189,476708.0,218707000
siacoin,2016-05-11,0.000117,0.000118,0.000109,0.000113,9719.0,1607710.0
steem,2016-05-11,0.255641,0.340802,0.237277,0.25223,1384.0,6344450
stellar,2016-05-11,0.001775,0.001797,0.0017670000000000001,0.001797,10744.0,9735820
verge,2016-05-11,4.1e-05,4.6e-05,3.6e-05,3.7e-05,8125.0,457447
bitcoin,2016-05-12,452.45,454.95,449.25,454.77,59849300.0,7028330000
bitshares,2016-05-12,0.003604,0.003622,0.003563,0.0035770000000000003,67489.0,9212580
bytecoin-bcn,2016-05-12,3.6e-05,4e-05,3.3e-05,3.3e-05,2314.0,6530400
dash,2016-05-12,6.76,6.84,6.61,6.78,224735.0,43524000
dogecoin,2016-05-12,0.000223,0.000236,0.000223,0.00023500000000000002,222479.0,23294500
ethereum,2016-05-12,10.0,10.51,9.86,10.06,24137700.0,798952000.0
lisk,2016-05-12,1.22,1.22,0.779563,0.81667,10514.0,
litecoin,2016-05-12,3.88,3.9,3.8,3.86,1798920.0,177543000
monero,2016-05-12,0.8598540000000001,0.887074,0.844275,0.875668,88976.0,10187100
nem,2016-05-12,0.001534,0.001588,0.001459,0.0015710000000000001,35261.0,13805700
ripple,2016-05-12,0.006188,0.006188,0.0061530000000000005,0.006167,362896.0,215780000
siacoin,2016-05-12,0.000113,0.000122,0.00010800000000000001,0.00011399999999999999,19764.0,1557130.0
steem,2016-05-12,0.252159,0.269968,0.23318200000000003,0.264839,2547.0,6478840
stellar,2016-05-12,0.001797,0.001805,0.001766,0.0018,13568.0,9855850
verge,2016-05-12,3.7e-05,4.5e-05,3.6e-05,4.1e-05,2349.0,412910
bitcoin,2016-05-13,454.85,457.06,453.45,455.67,60845000.0,7067270000
bitshares,2016-05-13,0.003582,0.0037240000000000003,0.0035259999999999996,0.0035700000000000003,175726.0,9156930
bytecoin-bcn,2016-05-13,3.3e-05,4.1e-05,3.3e-05,3.7e-05,2652.0,5899050
dash,2016-05-13,6.8,6.98,6.7,6.97,282706.0,43815200
dogecoin,2016-05-13,0.00023500000000000002,0.000245,0.000233,0.000236,336712.0,24500800
ethereum,2016-05-13,10.06,11.05,10.02,10.51,31276900.0,804647000.0
lisk,2016-05-13,0.816821,0.817354,0.7797149999999999,0.788618,12820.0,
litecoin,2016-05-13,3.86,3.96,3.83,3.93,2624100.0,176401000
monero,2016-05-13,0.8757389999999999,0.8833280000000001,0.841779,0.8477629999999999,66386.0,10381100
nem,2016-05-13,0.001556,0.001629,0.001475,0.001517,22258.0,14002000
ripple,2016-05-13,0.006167,0.00619,0.006104999999999999,0.006109000000000001,478095.0,215019000
siacoin,2016-05-13,0.00011399999999999999,0.000118,0.000109,0.00011399999999999999,16782.0,1568350.0
steem,2016-05-13,0.264899,0.47638800000000003,0.264899,0.34178800000000004,18320.0,7038380
stellar,2016-05-13,0.001801,0.0018030000000000001,0.001743,0.0017699999999999999,33122.0,9877520
verge,2016-05-13,4.1e-05,4.5e-05,3.6e-05,4.1e-05,5260.0,463885
bitcoin,2016-05-14,455.82,456.84,454.79,455.67,37209000.0,7084100000
bitshares,2016-05-14,0.003578,0.003633,0.003561,0.0036079999999999997,57682.0,9148510
bytecoin-bcn,2016-05-14,3.7e-05,4.1e-05,3.3e-05,3.3e-05,831.0,6615170
dash,2016-05-14,6.95,6.99,6.79,6.95,215702.0,44780500
dogecoin,2016-05-14,0.000236,0.00023700000000000001,0.000229,0.000231,142382.0,24608100
ethereum,2016-05-14,10.51,10.62,9.81,10.24,18808000.0,840395000.0
lisk,2016-05-14,0.7888850000000001,0.889906,0.788798,0.824642,10083.0,
litecoin,2016-05-14,3.93,4.05,3.92,4.01,2444920.0,179752000
monero,2016-05-14,0.847938,0.859677,0.8246629999999999,0.8388950000000001,27725.0,10051600
nem,2016-05-14,0.001517,0.0015300000000000001,0.0014119999999999998,0.0014349999999999999,19939.0,13657000
ripple,2016-05-14,0.006111,0.006116,0.006033,0.006072999999999999,274107.0,213073000
siacoin,2016-05-14,0.00011399999999999999,0.00011899999999999999,0.000109,0.000109,8298.0,1575200.0
steem,2016-05-14,0.345495,0.385198,0.310701,0.375596,2309.0,9480730
stellar,2016-05-14,0.0017699999999999999,0.0017929999999999999,0.00176,0.0017809999999999998,5037.0,9709270
verge,2016-05-14,4.1e-05,4.1e-05,3.2e-05,3.7e-05,3214.0,463388
bitcoin,2016-05-15,455.76,458.69,455.46,457.57,28514000.0,7084760000
bitshares,2016-05-15,0.00361,0.003646,0.0035740000000000004,0.0035740000000000004,46693.0,9229990
bytecoin-bcn,2016-05-15,3.6e-05,4e-05,3.3e-05,3.4e-05,1038.0,6565130
dash,2016-05-15,6.95,7.07,6.86,7.0,163629.0,44791400
dogecoin,2016-05-15,0.000231,0.00023500000000000002,0.000229,0.000231,98803.0,24143000
ethereum,2016-05-15,10.24,10.44,9.93,9.96,9218400.0,819399000.0
lisk,2016-05-15,0.824801,0.931774,0.777341,0.8293940000000001,9419.0,
litecoin,2016-05-15,4.01,4.1,3.97,4.06,2096570.0,183781000
monero,2016-05-15,0.8386440000000001,0.8569030000000001,0.80674,0.823823,56531.0,9941400
nem,2016-05-15,0.0014349999999999999,0.0014990000000000001,0.001415,0.00147,9596.0,12919500
ripple,2016-05-15,0.006072,0.006075,0.006006,0.0060609999999999995,304621.0,211725000
siacoin,2016-05-15,0.000109,0.000124,0.000109,0.00011899999999999999,9514.0,1515330.0
steem,2016-05-15,0.375679,0.390704,0.332301,0.37406500000000004,578.0,10638300
stellar,2016-05-15,0.0017829999999999999,0.0017829999999999999,0.00175,0.0017620000000000001,6509.0,9780640
verge,2016-05-15,3.7e-05,4.1e-05,3.6e-05,3.7e-05,2730.0,414497
bitcoin,2016-05-16,457.59,458.2,452.94,454.16,59171500.0,7114740000
bitshares,2016-05-16,0.003578,0.0036829999999999996,0.003568,0.0036590000000000004,64574.0,9149650
bytecoin-bcn,2016-05-16,3.4e-05,3.7e-05,3.3e-05,3.6e-05,1437.0,6146720
dash,2016-05-16,7.02,7.73,7.01,7.27,624372.0,45260900
dogecoin,2016-05-16,0.000231,0.00023199999999999997,0.000226,0.000229,118082.0,24086700
ethereum,2016-05-16,9.97,11.44,9.97,11.17,29079900.0,798116000.0
lisk,2016-05-16,0.829427,0.8413649999999999,0.779664,0.784433,6305.0,
litecoin,2016-05-16,4.06,4.16,3.98,4.01,3632510.0,186086000
monero,2016-05-16,0.826412,0.850339,0.8060729999999999,0.8183560000000001,107300.0,9796400
nem,2016-05-16,0.00147,0.001565,0.0014470000000000002,0.001492,29747.0,13232000
ripple,2016-05-16,0.0060609999999999995,0.00607,0.006018,0.006022,389621.0,211333000
siacoin,2016-05-16,0.00011899999999999999,0.000123,0.000113,0.000118,6362.0,1651710.0
steem,2016-05-16,0.3742,0.40126999999999996,0.34121999999999997,0.34277399999999997,823.0,10924300
stellar,2016-05-16,0.0017399999999999998,0.001768,0.0016870000000000001,0.0017239999999999998,18729.0,9544640
verge,2016-05-16,4.1e-05,4.1e-05,2.7000000000000002e-05,3.2e-05,7207.0,458116
bitcoin,2016-05-17,454.01,455.07,453.61,453.78,64100300.0,7060730000
bitshares,2016-05-17,0.003667,0.003677,0.0035840000000000004,0.003628,52428.0,9378990
bytecoin-bcn,2016-05-17,3.6e-05,3.7e-05,3.3e-05,3.3e-05,2094.0,6529890
dash,2016-05-17,7.27,7.41,7.22,7.41,233869.0,46923900
dogecoin,2016-05-17,0.00022799999999999999,0.00022999999999999998,0.00022400000000000002,0.000226,109327.0,23769400
ethereum,2016-05-17,11.19,12.49,11.15,12.2,37198700.0,896505000.0
lisk,2016-05-17,0.7840020000000001,1.71,0.48161499999999996,0.7508050000000001,12167.0,
litecoin,2016-05-17,4.0,4.03,3.97,3.98,2663640.0,183427000
monero,2016-05-17,0.818318,0.854,0.806392,0.813343,125123.0,9700450
nem,2016-05-17,0.001491,0.001507,0.001459,0.001465,24857.0,13423100
ripple,2016-05-17,0.006022,0.00606,0.006022,0.006023,319996.0,209984000
siacoin,2016-05-17,0.000118,0.00018700000000000002,0.000118,0.000172,610479.0,1643350.0
steem,2016-05-17,0.342727,0.384343,0.338889,0.382058,736.0,10303300
stellar,2016-05-17,0.0017239999999999998,0.001737,0.0016899999999999999,0.0016920000000000001,14874.0,9454680
verge,2016-05-17,3.2e-05,3.6e-05,2.7000000000000002e-05,2.8000000000000003e-05,3336.0,359560
bitcoin,2016-05-18,453.69,456.0,453.3,454.62,86850100.0,7057390000
bitshares,2016-05-18,0.0036340000000000005,0.0037479999999999996,0.0035329999999999997,0.003693,99816.0,9296390
bytecoin-bcn,2016-05-18,3.3e-05,3.7e-05,3.3e-05,3.4e-05,2211.0,5923750
dash,2016-05-18,7.4,7.43,7.27,7.39,232479.0,47795000
dogecoin,2016-05-18,0.000226,0.000229,0.00022400000000000002,0.00022799999999999999,83520.0,23595900
ethereum,2016-05-18,12.18,14.26,12.18,13.56,65389900.0,975878000.0
lisk,2016-05-18,0.7506520000000001,2.14,0.7500319999999999,1.89,50865.0,
litecoin,2016-05-18,3.98,4.04,3.98,4.0,2377740.0,182396000
monero,2016-05-18,0.813099,0.8782059999999999,0.8006270000000001,0.840542,214210.0,9638580
nem,2016-05-18,0.001465,0.001516,0.001444,0.001444,21163.0,13188200
ripple,2016-05-18,0.006022,0.006052,0.006016,0.006028,701256.0,209981000
siacoin,2016-05-18,0.000172,0.000172,0.000157,0.000164,147181.0,2392970.0
steem,2016-05-18,0.382281,0.382281,0.318782,0.343168,1927.0,11827100
stellar,2016-05-18,0.0017,0.001736,0.001693,0.0017109999999999998,5071.0,9327460
verge,2016-05-18,2.8000000000000003e-05,3.6e-05,2.7000000000000002e-05,2.7000000000000002e-05,3759.0,316121
bitcoin,2016-05-19,454.52,454.63,438.71,438.71,96027400.0,7072090000
bitshares,2016-05-19,0.00371,0.003797,0.003628,0.00379,122182.0,9491610
bytecoin-bcn,2016-05-19,3.4e-05,4e-05,3.3e-05,3.6e-05,4905.0,6135440
dash,2016-05-19,7.39,7.81,7.35,7.7,390961.0,47690800
dogecoin,2016-05-19,0.00022799999999999999,0.000234,0.00022400000000000002,0.000225,163249.0,23792400
ethereum,2016-05-19,13.54,14.87,13.34,14.77,53757500.0,1085570000.0
lisk,2016-05-19,1.89,2.3,1.32,1.43,46746.0,
litecoin,2016-05-19,4.0,4.03,3.83,3.83,3380010.0,183495000
monero,2016-05-19,0.840467,0.868031,0.8288030000000001,0.8535950000000001,139069.0,9963010
nem,2016-05-19,0.001444,0.001549,0.001443,0.001549,66759.0,12995300
ripple,2016-05-19,0.006025,0.0060420000000000005,0.005988,0.006032,797005.0,210068000
siacoin,2016-05-19,0.000164,0.000278,0.000162,0.00027,954121.0,2288070.0
steem,2016-05-19,0.343356,0.36572899999999997,0.286867,0.34769,2199.0,10923800
stellar,2016-05-19,0.0017109999999999998,0.001727,0.001639,0.001661,24544.0,9384080
verge,2016-05-19,2.7000000000000002e-05,3.6e-05,2.7000000000000002e-05,3.1e-05,1878.0,310503
bitcoin,2016-05-20,437.79,444.05,437.39,442.68,81987900.0,6813080000
bitshares,2016-05-20,0.0037869999999999996,0.0037920000000000002,0.0037090000000000005,0.0037270000000000003,72619.0,9689560
bytecoin-bcn,2016-05-20,3.5e-05,4.8e-05,3.5e-05,4.4e-05,10724.0,6378580
dash,2016-05-20,7.67,8.68,7.66,7.95,630261.0,49545300
dogecoin,2016-05-20,0.000223,0.00022799999999999999,0.00022200000000000003,0.00022799999999999999,150154.0,23239400
ethereum,2016-05-20,14.85,15.05,13.38,13.64,50544100.0,1191080000.0
lisk,2016-05-20,1.42,3.41,1.37,3.41,57689.0,
litecoin,2016-05-20,3.82,3.92,3.82,3.88,3638250.0,175409000
monero,2016-05-20,0.8587809999999999,0.986409,0.8521280000000001,0.9422219999999999,314964.0,10180100
nem,2016-05-20,0.001547,0.00175,0.001542,0.0016640000000000001,184416.0,13921600
ripple,2016-05-20,0.006028,0.006084,0.00602,0.006084,549413.0,210178000
siacoin,2016-05-20,0.000272,0.000341,0.00023999999999999998,0.000279,1076170.0,3816010.0
steem,2016-05-20,0.34696,0.433004,0.332968,0.422897,4043.0,11342600
stellar,2016-05-20,0.0016649999999999998,0.001709,0.001629,0.0016489999999999999,34740.0,9135470
verge,2016-05-20,3.1e-05,3.5e-05,2.6000000000000002e-05,3.1e-05,2886.0,348687
bitcoin,2016-05-21,442.97,443.78,441.71,443.19,42762300.0,6895230000
bitshares,2016-05-21,0.003729,0.0037670000000000004,0.0036130000000000003,0.003631,57166.0,9541630
bytecoin-bcn,2016-05-21,4.4e-05,4.8e-05,4e-05,4.4e-05,3404.0,7960600
dash,2016-05-21,7.95,8.4,7.76,8.24,362889.0,51377400
dogecoin,2016-05-21,0.00022799999999999999,0.00022799999999999999,0.00022400000000000002,0.000226,46799.0,23801100
ethereum,2016-05-21,13.69,14.05,13.12,14.02,24648400.0,1098220000.0
lisk,2016-05-21,3.41,4.81,1.96,4.08,66490.0,
litecoin,2016-05-21,3.88,3.97,3.88,3.95,1938010.0,178150000
monero,2016-05-21,0.940434,1.0,0.9343020000000001,0.975433,115767.0,11148000
nem,2016-05-21,0.001689,0.001725,0.001565,0.00162,59265.0,15204900
ripple,2016-05-21,0.00609,0.006097999999999999,0.005988,0.00599,217884.0,212346000
siacoin,2016-05-21,0.000277,0.000336,0.000277,0.000317,470098.0,3893120.0
steem,2016-05-21,0.422913,0.456625,0.373537,0.42044,4766.0,14196500
stellar,2016-05-21,0.00165,0.0016510000000000001,0.0015949999999999998,0.001634,34693.0,9053020
verge,2016-05-21,3.1e-05,3.5e-05,2.9999999999999997e-05,3.1e-05,1773.0,356481
bitcoin,2016-05-22,443.22,443.43,439.04,439.32,39657600.0,6900700000
bitshares,2016-05-22,0.003632,0.0037049999999999995,0.0034850000000000003,0.0034920000000000003,108210.0,9291920
bytecoin-bcn,2016-05-22,4.4e-05,4.8e-05,4e-05,4.4e-05,2990.0,7907110
dash,2016-05-22,8.27,8.32,8.03,8.1,308676.0,53437600
dogecoin,2016-05-22,0.000227,0.000227,0.00022200000000000003,0.00022400000000000002,67027.0,23668100
ethereum,2016-05-22,14.04,14.35,13.77,14.29,17938900.0,1126810000.0
lisk,2016-05-22,4.08,4.5,2.25,2.74,105457.0,
litecoin,2016-05-22,3.96,3.99,3.9,3.93,1849720.0,181558000
monero,2016-05-22,0.9753370000000001,0.985725,0.920184,0.9387639999999999,194865.0,11561800
nem,2016-05-22,0.00162,0.001716,0.001598,0.001698,41583.0,14581200
ripple,2016-05-22,0.005989,0.005992,0.005933,0.005936,273758.0,208835000
siacoin,2016-05-22,0.000314,0.000338,0.00029,0.000314,325189.0,4428400.0
steem,2016-05-22,0.445715,0.5219560000000001,0.42802700000000005,0.42802700000000005,9039.0,15352900
stellar,2016-05-22,0.001634,0.0016989999999999998,0.0016059999999999998,0.001626,11344.0,8963000
verge,2016-05-22,3.1e-05,3.6e-05,3.1e-05,3.2e-05,903.0,352747
bitcoin,2016-05-23,439.35,444.35,438.82,444.15,50582500.0,6842470000
bitshares,2016-05-23,0.0034909999999999997,0.003625,0.003447,0.003447,90344.0,8932550
bytecoin-bcn,2016-05-23,4.4e-05,4.7e-05,3.9e-05,4e-05,510.0,7894900
dash,2016-05-23,8.06,8.17,7.92,8.1,228942.0,52138500
dogecoin,2016-05-23,0.00022200000000000003,0.000226,0.00022200000000000003,0.000225,56105.0,23226300
ethereum,2016-05-23,14.28,14.49,13.19,13.46,23842800.0,1146470000.0
lisk,2016-05-23,2.74,3.48,2.36,2.95,108656.0,
litecoin,2016-05-23,3.92,3.97,3.9,3.97,1868020.0,180067000
monero,2016-05-23,0.9385190000000001,0.9596600000000001,0.904732,0.9147299999999999,120334.0,11125300
nem,2016-05-23,0.001695,0.0017050000000000001,0.001638,0.001661,22784.0,15255100
ripple,2016-05-23,0.005935,0.005936,0.005905,0.005909,507430.0,206946000
siacoin,2016-05-23,0.00031299999999999996,0.00032,0.000248,0.000265,286876.0,4431830.0
steem,2016-05-23,0.42857,0.488079,0.42857,0.44443299999999997,2843.0,15138100
stellar,2016-05-23,0.001626,0.0016350000000000002,0.0015789999999999999,0.001599,15998.0,8919600
verge,2016-05-23,3.2e-05,3.5e-05,2.9999999999999997e-05,3.5e-05,2914.0,360029
bitcoin,2016-05-24,444.29,447.1,443.93,445.98,65783100.0,6921460000
bitshares,2016-05-24,0.003445,0.003568,0.003243,0.003386,148712.0,8814710
bytecoin-bcn,2016-05-24,4e-05,4.3e-05,3.6e-05,4e-05,1971.0,7204020
dash,2016-05-24,8.09,8.19,7.72,7.76,312203.0,52305900
dogecoin,2016-05-24,0.000226,0.000226,0.000223,0.00022400000000000002,65383.0,23582200
ethereum,2016-05-24,13.31,13.77,12.01,12.73,41560600.0,1068670000.0
lisk,2016-05-24,2.96,6.97,0.41756899999999997,0.560052,439909.0,
litecoin,2016-05-24,3.96,3.98,3.94,3.95,1742000.0,182003000
monero,2016-05-24,0.9144709999999999,0.992032,0.901127,0.901127,220308.0,10932800
nem,2016-05-24,0.001661,0.0017010000000000003,0.001627,0.001652,25705.0,14950300
ripple,2016-05-24,0.005911,0.005964,0.005898,0.005961999999999999,471659.0,206112000
siacoin,2016-05-24,0.000265,0.000278,0.00024300000000000002,0.000245,144039.0,3760630.0
steem,2016-05-24,0.444565,0.5362600000000001,0.429608,0.5302399999999999,15787.0,16091300
stellar,2016-05-24,0.001599,0.001641,0.001577,0.0016079999999999998,22195.0,8769630
verge,2016-05-24,3.5e-05,3.5e-05,2.7000000000000002e-05,3.1e-05,3801.0,404180
bitcoin,2016-05-25,446.06,450.3,446.06,449.6,65231000.0,6950690000
bitshares,2016-05-25,0.00339,0.00359,0.00328,0.003478,259774.0,8674730
bytecoin-bcn,2016-05-25,4e-05,4e-05,3.2e-05,3.3e-05,4833.0,7236100
dash,2016-05-25,7.75,7.86,7.46,7.61,310684.0,50146500
dogecoin,2016-05-25,0.000223,0.000226,0.000221,0.00022400000000000002,92668.0,23311700
ethereum,2016-05-25,12.79,12.9,11.77,12.53,27444700.0,1027940000.0
lisk,2016-05-25,0.6213,0.6213,0.1714,0.278525,7311180.0,
litecoin,2016-05-25,3.95,4.05,3.95,4.05,2765530.0,181463000
monero,2016-05-25,0.8992389999999999,0.9180870000000001,0.8649969999999999,0.8658870000000001,87610.0,10758600
nem,2016-05-25,0.001644,0.0016710000000000002,0.001604,0.001638,40465.0,14798100
ripple,2016-05-25,0.005961999999999999,0.005965,0.005754,0.005756,517124.0,207885000
siacoin,2016-05-25,0.000245,0.00025699999999999996,0.00023700000000000001,0.00025,109325.0,3496320.0
steem,2016-05-25,0.534247,0.5815520000000001,0.457058,0.565619,4858.0,19805900
stellar,2016-05-25,0.00161,0.001611,0.001535,0.00155,23106.0,8833320
verge,2016-05-25,3.1e-05,3.1e-05,2.2e-05,2.3e-05,6687.0,356403
bitcoin,2016-05-26,449.67,453.64,447.9,453.38,65203800.0,7008500000
bitshares,2016-05-26,0.0034869999999999996,0.003744,0.003293,0.003385,238511.0,8924560
bytecoin-bcn,2016-05-26,3.6e-05,3.7e-05,3.3e-05,3.6e-05,1977.0,6496090
dash,2016-05-26,7.62,7.71,7.34,7.39,206517.0,49323000
dogecoin,2016-05-26,0.00022400000000000002,0.00022999999999999998,0.000221,0.00022799999999999999,86853.0,23431400
ethereum,2016-05-26,12.52,12.99,12.06,12.43,20764000.0,1006080000.0
lisk,2016-05-26,0.269664,0.50095,0.269568,0.50095,13981800.0,26966400.0
litecoin,2016-05-26,4.05,4.1,4.03,4.08,2530850.0,185862000
monero,2016-05-26,0.865867,0.9090600000000001,0.8424389999999999,0.860175,100025.0,10366800
nem,2016-05-26,0.001639,0.0016589999999999999,0.0014789999999999998,0.001508,68522.0,14747100
ripple,2016-05-26,0.005757,0.005757,0.005640999999999999,0.0056689999999999996,678744.0,200756000
siacoin,2016-05-26,0.00025,0.000292,0.00025,0.00027400000000000005,265496.0,3576200.0
steem,2016-05-26,0.56582,0.767267,0.498594,0.734062,20383.0,21472700
stellar,2016-05-26,0.001551,0.00156,0.001483,0.001489,38921.0,8505980
verge,2016-05-26,2.3e-05,3.2e-05,2.3e-05,2.7000000000000002e-05,2644.0,258170
bitcoin,2016-05-27,453.52,478.15,453.52,473.46,164781000.0,7070010000
bitshares,2016-05-27,0.003385,0.0034240000000000004,0.003221,0.0033439999999999998,215853.0,8662340
bytecoin-bcn,2016-05-27,3.6e-05,3.8e-05,3.3e-05,3.5e-05,1350.0,6539940
dash,2016-05-27,7.42,7.56,7.08,7.5,414196.0,48036000
dogecoin,2016-05-27,0.00022799999999999999,0.000233,0.000225,0.00022999999999999998,336255.0,23833200
ethereum,2016-05-27,12.39,12.39,10.5,11.3,57496400.0,996293000.0
lisk,2016-05-27,0.519493,0.568797,0.332442,0.385324,13013200.0,51949300.0
litecoin,2016-05-27,4.09,4.68,4.09,4.5,10821100.0,187948000
monero,2016-05-27,0.860189,0.8744430000000001,0.8305950000000001,0.8590909999999999,151612.0,10306700
nem,2016-05-27,0.0014349999999999999,0.001623,0.0014349999999999999,0.0015609999999999999,54836.0,12912500
ripple,2016-05-27,0.0056700000000000006,0.005706,0.00565,0.005679,1073760.0,197696000
siacoin,2016-05-27,0.000277,0.00028900000000000003,0.000254,0.000265,189885.0,3966220.0
steem,2016-05-27,0.734074,0.7365550000000001,0.342864,0.514634,19459.0,28500800
stellar,2016-05-27,0.0014810000000000001,0.001578,0.001444,0.001444,43506.0,8124070
verge,2016-05-27,2.7000000000000002e-05,3.3e-05,2.4e-05,2.8000000000000003e-05,2123.0,312364
bitcoin,2016-05-28,473.03,533.47,472.7,530.04,181199000.0,7375780000
bitshares,2016-05-28,0.003343,0.0034969999999999997,0.0033049999999999998,0.0034909999999999997,149461.0,8556120
bytecoin-bcn,2016-05-28,3.4e-05,4e-05,3.1e-05,3.3e-05,3005.0,6212640
dash,2016-05-28,7.47,7.94,7.41,7.85,367974.0,48377400
dogecoin,2016-05-28,0.00022999999999999998,0.00023799999999999998,0.00022799999999999999,0.00023700000000000001,364972.0,24003300
ethereum,2016-05-28,11.33,12.36,10.37,11.89,47274800.0,911724000.0
lisk,2016-05-28,0.38812800000000003,0.404473,0.278947,0.347767,7676530.0,38812800.0
litecoin,2016-05-28,4.51,4.83,4.51,4.7,11564700.0,207386000
monero,2016-05-28,0.861864,0.9214549999999999,0.846382,0.919737,174774.0,10333800
nem,2016-05-28,0.00156,0.001697,0.001483,0.0016129999999999999,74438.0,14039600
ripple,2016-05-28,0.005676,0.005738,0.005659,0.005682,889921.0,197929000
siacoin,2016-05-28,0.000265,0.000277,0.00025,0.000256,127769.0,3808490.0
steem,2016-05-28,0.5142260000000001,0.555377,0.44862700000000005,0.484494,3547.0,20416000
stellar,2016-05-28,0.001444,0.001516,0.001443,0.0014759999999999999,50704.0,7920390
verge,2016-05-28,2.8000000000000003e-05,3.2e-05,2.5e-05,3.2e-05,2397.0,323332
bitcoin,2016-05-29,527.48,553.96,512.18,526.23,148737000.0,8226500000
bitshares,2016-05-29,0.0034909999999999997,0.0035670000000000003,0.003135,0.0033350000000000003,238049.0,8935120
bytecoin-bcn,2016-05-29,3.3e-05,3.7e-05,3.2e-05,3.5e-05,805.0,6003680
dash,2016-05-29,7.85,8.53,7.76,8.19,400555.0,50832500
dogecoin,2016-05-29,0.000236,0.000246,0.000233,0.00023799999999999998,340639.0,24647500
ethereum,2016-05-29,12.11,12.69,11.78,12.35,28598400.0,974784000.0
lisk,2016-05-29,0.353642,0.409779,0.347727,0.377337,4810200.0,35364200.0
litecoin,2016-05-29,4.69,4.86,4.58,4.61,7351420.0,215630000
monero,2016-05-29,0.9283110000000001,0.956759,0.856513,0.881719,188141.0,11139000
nem,2016-05-29,0.0016120000000000002,0.001657,0.001549,0.001648,55953.0,14509500
ripple,2016-05-29,0.005682,0.005729,0.005614,0.0056619999999999995,829452.0,198119000
siacoin,2016-05-29,0.000256,0.00027400000000000005,0.00024900000000000004,0.000262,66232.0,3694100.0
steem,2016-05-29,0.482347,0.512538,0.44456,0.450608,2714.0,19573400
stellar,2016-05-29,0.001475,0.001596,0.001475,0.001497,51175.0,8090770
verge,2016-05-29,3.2e-05,3.3e-05,2.1e-05,2.6000000000000002e-05,2995.0,365220
bitcoin,2016-05-30,528.47,544.35,522.96,533.86,87958700.0,8243960000
bitshares,2016-05-30,0.0033350000000000003,0.003408,0.003322,0.0033729999999999997,68659.0,8536370
bytecoin-bcn,2016-05-30,3.5e-05,3.8e-05,3.4e-05,3.4e-05,725.0,6257120
dash,2016-05-30,8.19,8.36,8.12,8.2,212989.0,53108400
dogecoin,2016-05-30,0.00023799999999999998,0.000246,0.00023500000000000002,0.00023799999999999998,147592.0,24872700
ethereum,2016-05-30,12.33,12.88,12.27,12.73,14733800.0,992329000.0
lisk,2016-05-30,0.38014899999999996,0.392596,0.34619,0.350992,2470160.0,38014900.0
litecoin,2016-05-30,4.63,4.7,4.59,4.67,3805050.0,213115000
monero,2016-05-30,0.8805280000000001,0.9190459999999999,0.876059,0.910537,66482.0,10573600
nem,2016-05-30,0.001632,0.001736,0.001573,0.0016760000000000002,35592.0,14689500
ripple,2016-05-30,0.005664,0.005771,0.005645000000000001,0.005748,476095.0,197512000
siacoin,2016-05-30,0.000262,0.000314,0.000258,0.000314,197208.0,3784350.0
steem,2016-05-30,0.452462,0.5041100000000001,0.444284,0.444284,2945.0,18753800
stellar,2016-05-30,0.001497,0.001547,0.001489,0.00151,15509.0,8213930
verge,2016-05-30,2.6000000000000002e-05,3.2e-05,2.6000000000000002e-05,2.7000000000000002e-05,1072.0,305490
bitcoin,2016-05-31,534.19,546.62,520.66,531.39,138450000.0,8335100000
bitshares,2016-05-31,0.0033710000000000003,0.003565,0.003322,0.0034100000000000003,255346.0,8629600
bytecoin-bcn,2016-05-31,3.4e-05,3.8e-05,3.2e-05,3.7e-05,2116.0,6127850
dash,2016-05-31,8.19,8.39,7.99,8.18,341324.0,53077100
dogecoin,2016-05-31,0.000239,0.00023999999999999998,0.000227,0.000231,181107.0,24937000
ethereum,2016-05-31,12.74,14.27,12.64,14.08,42433400.0,1026410000.0
lisk,2016-05-31,0.35014,0.367233,0.302913,0.31283099999999997,3073130.0,35014000.0
litecoin,2016-05-31,4.69,4.75,4.6,4.65,5187600.0,215697000
monero,2016-05-31,0.909725,0.969137,0.9015129999999999,0.928747,156718.0,10932000
nem,2016-05-31,0.001674,0.0021969999999999997,0.0016460000000000001,0.001875,171256.0,15070100
ripple,2016-05-31,0.005746,0.005758,0.0056890000000000005,0.005706,847636.0,200360000
siacoin,2016-05-31,0.000314,0.00035800000000000003,0.000308,0.000325,304141.0,4550660.0
steem,2016-05-31,0.44389300000000004,0.5084770000000001,0.377707,0.425338,12366.0,18787500
stellar,2016-05-31,0.0015119999999999999,0.001557,0.001483,0.0015429999999999999,18898.0,8292700
verge,2016-05-31,2.7000000000000002e-05,3.2e-05,2.6000000000000002e-05,2.7000000000000002e-05,1990.0,308152
bitcoin,2016-06-01,531.11,543.08,525.64,536.92,86061800.0,8288680000
bitshares,2016-06-01,0.003409,0.003573,0.003378,0.0034920000000000003,96411.0,8728600
bytecoin-bcn,2016-06-01,3.7e-05,3.8e-05,3.2e-05,3.6e-05,771.0,6712730
dash,2016-06-01,8.18,8.37,8.08,8.26,320823.0,53022100
dogecoin,2016-06-01,0.000231,0.00023500000000000002,0.000226,0.000234,113517.0,24176000
ethereum,2016-06-01,14.11,14.32,13.44,14.0,22471300.0,1136900000.0
lisk,2016-06-01,0.31451999999999997,0.340796,0.307026,0.337991,2112400.0,31452000.0
litecoin,2016-06-01,4.65,4.77,4.62,4.74,4577160.0,214171000
monero,2016-06-01,0.9341659999999999,0.9504540000000001,0.873635,0.9148709999999999,105338.0,11234300
nem,2016-06-01,0.0018780000000000001,0.002073,0.001814,0.002034,93395.0,16898600
ripple,2016-06-01,0.0057009999999999995,0.0058119999999999995,0.00569,0.005809,1018470.0,198784000
siacoin,2016-06-01,0.000325,0.00033999999999999997,0.000308,0.000337,140587.0,4715890.0
steem,2016-06-01,0.425098,0.428482,0.38689,0.417857,3057.0,18363600
stellar,2016-06-01,0.001542,0.0015480000000000001,0.0014810000000000001,0.001525,24848.0,8461280
verge,2016-06-01,2.7000000000000002e-05,3.2e-05,2.6000000000000002e-05,2.7000000000000002e-05,1483.0,307134
bitcoin,2016-06-02,536.51,540.35,533.08,537.97,60378200.0,8375000000
bitshares,2016-06-02,0.003472,0.0035210000000000003,0.0034560000000000003,0.003481,60344.0,8888660
bytecoin-bcn,2016-06-02,3.6e-05,3.9e-05,3.6e-05,3.8e-05,1019.0,6476490
dash,2016-06-02,8.23,8.24,7.93,8.1,318685.0,53381300
dogecoin,2016-06-02,0.000234,0.000236,0.00022999999999999998,0.00022999999999999998,82275.0,24495700
ethereum,2016-06-02,13.99,14.05,13.63,13.74,10477200.0,1127830000.0
lisk,2016-06-02,0.336351,0.33733,0.320409,0.330827,1258510.0,33635100.0
litecoin,2016-06-02,4.74,4.76,4.68,4.72,2121360.0,218428000
monero,2016-06-02,0.913437,0.933852,0.907306,0.92668,39987.0,10992500
nem,2016-06-02,0.002031,0.002031,0.001925,0.00197,30940.0,18281500
ripple,2016-06-02,0.005809,0.005815,0.005757,0.005765999999999999,611429.0,202559000
siacoin,2016-06-02,0.000337,0.000346,0.00031,0.00032,140893.0,4904840.0
steem,2016-06-02,0.41731599999999996,0.420286,0.38600300000000004,0.40610300000000005,1612.0,18392700
stellar,2016-06-02,0.001526,0.0015429999999999999,0.001511,0.0015119999999999999,3798.0,8372080
verge,2016-06-02,2.7000000000000002e-05,3.2e-05,2.7000000000000002e-05,2.7000000000000002e-05,2125.0,310402
bitcoin,2016-06-03,537.68,574.64,536.92,569.19,122020000.0,8395070000
bitshares,2016-06-03,0.003475,0.003547,0.0034460000000000003,0.0035039999999999997,60825.0,8898460
bytecoin-bcn,2016-06-03,3.6e-05,4.1e-05,3.5e-05,3.7e-05,900.0,6551990
dash,2016-06-03,8.12,8.31,7.78,8.06,447007.0,52712500
dogecoin,2016-06-03,0.00023199999999999997,0.00023999999999999998,0.00022999999999999998,0.00023799999999999998,116288.0,24253400
ethereum,2016-06-03,13.74,13.87,13.25,13.85,22981500.0,1108220000.0
lisk,2016-06-03,0.330617,0.415074,0.330574,0.40941,3187760.0,33061700.0
litecoin,2016-06-03,4.72,4.87,4.71,4.86,4061990.0,217333000
monero,2016-06-03,0.926588,0.958702,0.9240809999999999,0.9452020000000001,74145.0,11159300
nem,2016-06-03,0.00197,0.002012,0.00195,0.002001,31976.0,17725900
ripple,2016-06-03,0.005765999999999999,0.00587,0.005741,0.005827000000000001,437813.0,201062000
siacoin,2016-06-03,0.00032,0.000338,0.000314,0.000327,136792.0,4673890.0
steem,2016-06-03,0.405808,0.42563199999999995,0.365412,0.36659400000000003,5467.0,18241100
stellar,2016-06-03,0.0015119999999999999,0.001551,0.001501,0.0015300000000000001,11139.0,8294730
verge,2016-06-03,2.7000000000000002e-05,2.8999999999999997e-05,2.7000000000000002e-05,2.8999999999999997e-05,614.0,311717
bitcoin,2016-06-04,569.71,590.13,564.24,572.73,94925300.0,8897080000
bitshares,2016-06-04,0.0035039999999999997,0.0036,0.0035039999999999997,0.003547,31740.0,8972670
bytecoin-bcn,2016-06-04,3.7e-05,4.1e-05,3.6e-05,3.8e-05,761.0,6626920
dash,2016-06-04,8.06,8.2,7.85,8.05,445286.0,52311100
dogecoin,2016-06-04,0.00023700000000000001,0.000244,0.000233,0.00023700000000000001,107638.0,24834000
ethereum,2016-06-04,13.86,13.95,13.42,13.74,15792400.0,1118460000.0
lisk,2016-06-04,0.41022,0.472793,0.399712,0.4439,3251570.0,41022000.0
litecoin,2016-06-04,4.86,4.9,4.77,4.81,3214800.0,224016000
monero,2016-06-04,0.9409139999999999,0.991519,0.9404379999999999,0.974353,91404.0,11340400
nem,2016-06-04,0.002002,0.002096,0.001989,0.00201,13642.0,18014600
ripple,2016-06-04,0.005829,0.005882,0.005755,0.0057799999999999995,617159.0,203232000
siacoin,2016-06-04,0.000327,0.000336,0.000324,0.00032900000000000003,68167.0,4787430.0
steem,2016-06-04,0.36902199999999996,0.43276800000000004,0.364243,0.424029,6336.0,16910500
stellar,2016-06-04,0.0015300000000000001,0.001551,0.001507,0.001527,13522.0,8391660
verge,2016-06-04,2.8999999999999997e-05,3.4e-05,2.3e-05,2.8999999999999997e-05,895.0,331900
bitcoin,2016-06-05,573.31,582.81,569.18,574.98,68874100.0,8955060000
bitshares,2016-06-05,0.00355,0.0035960000000000002,0.0035039999999999997,0.00355,83259.0,9089840
bytecoin-bcn,2016-06-05,3.9e-05,4.5e-05,3.5e-05,3.8e-05,2718.0,6957960
dash,2016-06-05,8.04,8.17,7.58,7.58,537053.0,52188400
dogecoin,2016-06-05,0.00023700000000000001,0.00023799999999999998,0.000233,0.00023700000000000001,67034.0,24816600
ethereum,2016-06-05,13.76,14.07,13.57,13.97,11088400.0,1110690000.0
lisk,2016-06-05,0.44641800000000004,0.507099,0.439566,0.48962799999999995,4247850.0,44641800.0
litecoin,2016-06-05,4.8,4.84,4.79,4.81,2257820.0,221106000
monero,2016-06-05,0.973615,1.01,0.960302,1.0,87680.0,11742600
nem,2016-06-05,0.00202,0.002066,0.001955,0.002003,31833.0,18176900
ripple,2016-06-05,0.005779,0.0058200000000000005,0.005779,0.005796,544201.0,201494000
siacoin,2016-06-05,0.00032900000000000003,0.000424,0.00032900000000000003,0.000424,640365.0,4830150.0
steem,2016-06-05,0.42466899999999996,0.425734,0.339081,0.369761,5816.0,19829900
stellar,2016-06-05,0.001526,0.001536,0.00149,0.001498,7181.0,8372630
verge,2016-06-05,2.8999999999999997e-05,2.8999999999999997e-05,2.3e-05,2.8000000000000003e-05,433.0,331276
bitcoin,2016-06-06,574.6,586.47,574.6,585.54,72138900.0,8977700000
bitshares,2016-06-06,0.003549,0.003571,0.003472,0.0034869999999999996,45787.0,9088760
bytecoin-bcn,2016-06-06,3.8e-05,4.5e-05,3.6e-05,4e-05,966.0,6935730
dash,2016-06-06,7.59,7.86,7.58,7.77,302748.0,49284900
dogecoin,2016-06-06,0.000236,0.00023799999999999998,0.000233,0.000236,112362.0,24734500
ethereum,2016-06-06,14.0,14.06,13.73,13.93,8720400.0,1130350000.0
lisk,2016-06-06,0.482042,0.489925,0.43527299999999997,0.452067,2878930.0,48204200.0
litecoin,2016-06-06,4.81,4.97,4.81,4.96,2993510.0,221912000
monero,2016-06-06,1.01,1.05,0.9871629999999999,1.01,89836.0,12135000
nem,2016-06-06,0.002003,0.002023,0.001966,0.002023,25280.0,18023000
ripple,2016-06-06,0.005795000000000001,0.0058,0.005751,0.005769,690096.0,202051000
siacoin,2016-06-06,0.000424,0.00045700000000000005,0.00042199999999999996,0.000443,463392.0,6247200.0
steem,2016-06-06,0.369551,0.3852,0.339623,0.385065,3058.0,17579500
stellar,2016-06-06,0.001498,0.001519,0.001483,0.0014960000000000002,3612.0,8217880
verge,2016-06-06,2.8000000000000003e-05,2.8999999999999997e-05,2.4e-05,2.8999999999999997e-05,994.0,323278
bitcoin,2016-06-07,585.45,590.26,567.51,576.6,107770000.0,9149580000
bitshares,2016-06-07,0.003488,0.0035740000000000004,0.003437,0.0035740000000000004,55472.0,8931760
bytecoin-bcn,2016-06-07,4e-05,4.4e-05,3.6e-05,3.6e-05,720.0,7191080
dash,2016-06-07,7.77,8.01,7.68,7.91,339881.0,50576500
dogecoin,2016-06-07,0.00023500000000000002,0.00023999999999999998,0.000234,0.00023999999999999998,185525.0,24581200
ethereum,2016-06-07,13.95,14.51,13.81,14.51,21421600.0,1126330000.0
lisk,2016-06-07,0.45222799999999996,0.45427399999999996,0.39986700000000003,0.41994499999999996,2277500.0,45222800.0
litecoin,2016-06-07,4.95,4.98,4.72,4.77,3881380.0,228462000
monero,2016-06-07,1.0,1.01,0.9587760000000001,1.01,86376.0,12082300
nem,2016-06-07,0.002023,0.00214,0.001984,0.0020239999999999998,48058.0,18208400
ripple,2016-06-07,0.005764,0.005787,0.005753,0.0057799999999999995,783409.0,201000000
siacoin,2016-06-07,0.000443,0.000651,0.000443,0.0005809999999999999,3126620.0,6541360.0
steem,2016-06-07,0.38506599999999996,0.387278,0.306079,0.34067800000000004,2662.0,18653300
stellar,2016-06-07,0.0014960000000000002,0.001509,0.001465,0.0014880000000000002,19109.0,8208440
verge,2016-06-07,2.8999999999999997e-05,2.8999999999999997e-05,2.3e-05,2.3e-05,1449.0,340796
bitcoin,2016-06-08,577.17,582.84,573.13,581.64,80265800.0,9022250000
bitshares,2016-06-08,0.0035740000000000004,0.003588,0.003493,0.003544,65664.0,9152310
bytecoin-bcn,2016-06-08,3.6e-05,4.1e-05,3.6e-05,3.9e-05,531.0,6477500
dash,2016-06-08,7.93,8.04,7.68,7.88,272918.0,51607300
dogecoin,2016-06-08,0.000239,0.00024900000000000004,0.00023700000000000001,0.000246,180955.0,25030800
ethereum,2016-06-08,14.51,14.78,14.28,14.42,16941800.0,1172230000.0
lisk,2016-06-08,0.419466,0.489529,0.39907,0.47565,2980240.0,41946600.0
litecoin,2016-06-08,4.77,4.79,4.69,4.75,3507640.0,220210000
monero,2016-06-08,1.01,1.02,0.9714870000000001,0.9999520000000001,70837.0,12232100
nem,2016-06-08,0.0020469999999999998,0.002048,0.001905,0.001968,40244.0,18425300
ripple,2016-06-08,0.0057799999999999995,0.005785,0.005753,0.00577,754945.0,201539000
siacoin,2016-06-08,0.000588,0.00066,0.000537,0.00057,1995130.0,8706200.0
steem,2016-06-08,0.341024,0.5170399999999999,0.290535,0.369452,8420.0,16818100
stellar,2016-06-08,0.0014880000000000002,0.001518,0.001475,0.001497,9521.0,8160500
verge,2016-06-08,2.3e-05,2.8999999999999997e-05,2.3e-05,2.4e-05,667.0,272151
bitcoin,2016-06-09,582.2,582.2,570.95,574.63,71301000.0,9103080000
bitshares,2016-06-09,0.0035380000000000003,0.0036829999999999996,0.0035380000000000003,0.003639,76980.0,9060250
bytecoin-bcn,2016-06-09,3.9e-05,4.2e-05,3.6e-05,3.9e-05,1101.0,7016010
dash,2016-06-09,7.88,7.94,7.72,7.82,303753.0,51262200
dogecoin,2016-06-09,0.000246,0.000269,0.000245,0.000265,520075.0,25707700
ethereum,2016-06-09,14.43,14.57,14.34,14.4,8256830.0,1166450000.0
lisk,2016-06-09,0.47378100000000006,0.494781,0.459899,0.461552,1844730.0,47378100.0
litecoin,2016-06-09,4.78,4.78,4.67,4.69,6438540.0,220448000
monero,2016-06-09,0.9944719999999999,1.22,0.9899950000000001,1.11,483161.0,12029500
nem,2016-06-09,0.001967,0.001991,0.0018059999999999999,0.0018579999999999998,69457.0,17704500
ripple,2016-06-09,0.005769,0.005789,0.00575,0.005788000000000001,520793.0,201143000
siacoin,2016-06-09,0.0005690000000000001,0.000576,0.00053,0.000553,729373.0,8458220.0
steem,2016-06-09,0.36978,0.406699,0.324058,0.390428,6334.0,18555100
stellar,2016-06-09,0.0014960000000000002,0.0015869999999999999,0.001471,0.0015869999999999999,26347.0,8208060
verge,2016-06-09,2.4e-05,2.8999999999999997e-05,2.3e-05,2.3e-05,908.0,280880
bitcoin,2016-06-10,575.84,579.13,573.33,577.47,66991900.0,9005920000
bitshares,2016-06-10,0.003614,0.003706,0.003614,0.003684,59536.0,9256260
bytecoin-bcn,2016-06-10,3.9e-05,4.3e-05,3.6e-05,3.7e-05,660.0,7063190
dash,2016-06-10,7.79,8.12,7.78,7.84,475334.0,50749400
dogecoin,2016-06-10,0.000265,0.000272,0.000258,0.00026000000000000003,337925.0,27762800
ethereum,2016-06-10,14.38,14.43,13.82,13.91,11312900.0,1162500000.0
lisk,2016-06-10,0.46116,0.467063,0.437446,0.45517700000000005,1426460.0,46116000.0
litecoin,2016-06-10,4.75,4.85,4.71,4.84,6975970.0,219324000
monero,2016-06-10,1.11,1.19,1.08,1.15,267163.0,13495300
nem,2016-06-10,0.0018579999999999998,0.001953,0.0018440000000000002,0.001888,36825.0,16722400
ripple,2016-06-10,0.005785,0.005788000000000001,0.005732,0.005736,526917.0,201707000
siacoin,2016-06-10,0.000553,0.000554,0.000492,0.000492,555567.0,8234360.0
steem,2016-06-10,0.391214,0.41414799999999996,0.366628,0.370404,7056.0,19973300
stellar,2016-06-10,0.0015869999999999999,0.0015869999999999999,0.001539,0.001573,7053.0,8707360
verge,2016-06-10,2.3e-05,2.7000000000000002e-05,2.3e-05,2.3e-05,1194.0,268524
bitcoin,2016-06-11,578.67,607.12,578.67,606.73,82357000.0,9052360000
bitshares,2016-06-11,0.003682,0.003682,0.003587,0.00364,58194.0,9431410
bytecoin-bcn,2016-06-11,3.7e-05,4.1e-05,3.7e-05,3.9e-05,388.0,6746810
dash,2016-06-11,7.83,7.95,7.61,7.9,475115.0,50999700
dogecoin,2016-06-11,0.000261,0.000262,0.00024900000000000004,0.00025299999999999997,199328.0,27363500
ethereum,2016-06-11,13.91,14.19,13.72,14.19,12176500.0,1125180000.0
lisk,2016-06-11,0.45748599999999995,0.46554700000000004,0.440058,0.45031000000000004,1298720.0,45748600.0
litecoin,2016-06-11,4.88,5.01,4.84,5.01,10294700.0,225407000
monero,2016-06-11,1.14,1.18,1.12,1.14,207863.0,13832200
nem,2016-06-11,0.001888,0.0019690000000000003,0.0018800000000000002,0.001968,13460.0,16991200
ripple,2016-06-11,0.005737,0.005765999999999999,0.005722,0.005765999999999999,398757.0,200037000
siacoin,2016-06-11,0.000492,0.000543,0.000482,0.000515,501624.0,7337300.0
steem,2016-06-11,0.371175,0.404918,0.345377,0.381708,2589.0,19275500
stellar,2016-06-11,0.001573,0.001596,0.001529,0.001576,16469.0,8627440
verge,2016-06-11,2.3e-05,2.8999999999999997e-05,2.3e-05,2.8000000000000003e-05,5223.0,270190
bitcoin,2016-06-12,609.68,684.84,607.04,672.78,277085000.0,9539850000
bitshares,2016-06-12,0.003633,0.003994,0.003616,0.003944,205157.0,9306070
bytecoin-bcn,2016-06-12,3.9e-05,4.4e-05,3.3e-05,4.1e-05,6805.0,7041970
dash,2016-06-12,7.93,8.03,7.48,7.66,897877.0,51676400
dogecoin,2016-06-12,0.00025299999999999997,0.000275,0.00025299999999999997,0.00027,595447.0,26458200
ethereum,2016-06-12,14.19,15.9,14.19,15.74,38210300.0,1148070000.0
lisk,2016-06-12,0.453317,0.453539,0.39953099999999997,0.421871,4868900.0,45331700.0
litecoin,2016-06-12,5.07,5.46,5.05,5.33,13753200.0,234022000
monero,2016-06-12,1.14,1.28,1.11,1.25,285841.0,13806400
nem,2016-06-12,0.001978,0.002152,0.001945,0.002094,74584.0,17803600
ripple,2016-06-12,0.005765999999999999,0.0058850000000000005,0.0057469999999999995,0.005852,1133540.0,201058000
siacoin,2016-06-12,0.000516,0.00059,0.000499,0.000587,915279.0,7728400.0
steem,2016-06-12,0.38348000000000004,0.419162,0.373625,0.376407,5807.0,20250800
stellar,2016-06-12,0.001576,0.0016530000000000002,0.001537,0.00162,42720.0,8647460
verge,2016-06-12,2.8000000000000003e-05,2.8000000000000003e-05,1.9e-05,2e-05,3379.0,324225
bitcoin,2016-06-13,671.65,716.0,664.49,704.38,243295000.0,10511900000
bitshares,2016-06-13,0.003942,0.003964,0.003626,0.003653,176910.0,10099400
bytecoin-bcn,2016-06-13,4e-05,4.3e-05,3.4e-05,3.9e-05,4425.0,7292530
dash,2016-06-13,7.65,7.99,7.46,7.72,600793.0,49887200
dogecoin,2016-06-13,0.00027,0.000306,0.000269,0.000298,827824.0,28278500
ethereum,2016-06-13,15.77,17.64,15.72,17.6,38023400.0,1276930000.0
lisk,2016-06-13,0.423907,0.46971899999999994,0.416775,0.469521,3322740.0,42390700.0
litecoin,2016-06-13,5.41,5.54,5.16,5.29,8668280.0,250146000
monero,2016-06-13,1.25,1.37,1.25,1.28,276844.0,15197600
nem,2016-06-13,0.002093,0.0023,0.002059,0.002219,126549.0,18838900
ripple,2016-06-13,0.005852,0.005856,0.005765,0.005824,1537720.0,204067000
siacoin,2016-06-13,0.00059,0.00066,0.00057,0.000647,1073960.0,8853470.0
steem,2016-06-13,0.375797,0.446442,0.371781,0.38724200000000003,4609.0,20174500
stellar,2016-06-13,0.00162,0.001641,0.0015429999999999999,0.0015609999999999999,37628.0,8888500
verge,2016-06-13,2e-05,2.8000000000000003e-05,2e-05,2.1e-05,2399.0,237550
bitcoin,2016-06-14,704.5,704.5,662.8,685.56,186694000.0,11028900000
bitshares,2016-06-14,0.0036509999999999997,0.004286,0.003622,0.004021,455765.0,9354910
bytecoin-bcn,2016-06-14,3.9e-05,4.2e-05,3.3e-05,3.7e-05,3146.0,6957940
dash,2016-06-14,7.71,8.41,7.63,8.2,584298.0,50283500
dogecoin,2016-06-14,0.000295,0.000344,0.00028900000000000003,0.00032,1283070.0,30866500
ethereum,2016-06-14,17.61,19.27,17.3,18.89,64412200.0,1426500000.0
lisk,2016-06-14,0.465959,0.48786999999999997,0.443978,0.46824499999999997,2677630.0,46595900.0
litecoin,2016-06-14,5.31,5.31,5.1,5.2,8488220.0,245165000
monero,2016-06-14,1.28,1.41,1.24,1.39,268605.0,15568200
nem,2016-06-14,0.002219,0.002604,0.002179,0.002376,190254.0,19971400
ripple,2016-06-14,0.005828,0.0075769999999999995,0.005797999999999999,0.007104999999999999,9904250.0,203207000
siacoin,2016-06-14,0.000646,0.0006929999999999999,0.00061,0.000641,910244.0,9732440.0
steem,2016-06-14,0.387306,0.396964,0.37684,0.380367,2085.0,21131400
stellar,2016-06-14,0.0015609999999999999,0.001825,0.001521,0.001754,176486.0,8561010
verge,2016-06-14,2.1e-05,2.8000000000000003e-05,1.4000000000000001e-05,2.1e-05,2725.0,249179
bitcoin,2016-06-15,685.68,696.3,672.56,694.47,99223800.0,10736600000
bitshares,2016-06-15,0.004037,0.004115,0.0037869999999999996,0.0038450000000000003,156999.0,10342800
bytecoin-bcn,2016-06-15,3.7e-05,4.2e-05,3.7e-05,3.9e-05,1995.0,6755140
dash,2016-06-15,8.2,8.58,8.0,8.14,491191.0,53485800
dogecoin,2016-06-15,0.00032,0.00033,0.000309,0.00031299999999999996,363588.0,33483600
ethereum,2016-06-15,18.91,18.91,17.71,18.35,19393400.0,1531790000.0
lisk,2016-06-15,0.470228,0.475469,0.447165,0.46101000000000003,1291530.0,47022800.0
litecoin,2016-06-15,5.22,5.24,5.11,5.24,3917000.0,241446000
monero,2016-06-15,1.37,1.5,1.33,1.46,334636.0,16664500
nem,2016-06-15,0.002376,0.0025,0.0022949999999999997,0.002436,89352.0,21384700
ripple,2016-06-15,0.007093,0.007166,0.0068709999999999995,0.006887000000000001,3269290.0,247316000
siacoin,2016-06-15,0.000646,0.000672,0.00064,0.00065,486566.0,9752000.0
steem,2016-06-15,0.381112,0.405612,0.349607,0.350005,3460.0,21127600
stellar,2016-06-15,0.001754,0.001755,0.0015890000000000001,0.001668,31927.0,9622540
verge,2016-06-15,2.1e-05,2.7000000000000002e-05,2e-05,2.3e-05,187.0,243464
bitcoin,2016-06-16,696.52,773.72,696.52,766.31,271634000.0,10908900000
bitshares,2016-06-16,0.0038770000000000002,0.004012,0.0038420000000000004,0.004012,207470.0,9934680
bytecoin-bcn,2016-06-16,3.9e-05,4.6e-05,3.7e-05,4.3e-05,4205.0,7023560
dash,2016-06-16,8.16,8.68,8.16,8.59,368946.0,53254500
dogecoin,2016-06-16,0.000312,0.000335,0.000312,0.000335,398411.0,32640300
ethereum,2016-06-16,18.36,20.83,18.36,20.59,38531000.0,1488420000.0
lisk,2016-06-16,0.46338900000000005,0.470683,0.444695,0.45501099999999994,2348370.0,46338900.0
litecoin,2016-06-16,5.25,5.66,5.25,5.66,9930590.0,242907000
monero,2016-06-16,1.47,1.63,1.43,1.58,349747.0,17829600
nem,2016-06-16,0.002436,0.0027010000000000003,0.002412,0.002695,93485.0,21927200
ripple,2016-06-16,0.006889,0.0069180000000000005,0.006624,0.0066760000000000005,3072370.0,240194000
siacoin,2016-06-16,0.0006519999999999999,0.000869,0.0006519999999999999,0.0008529999999999999,1717450.0,9867410.0
steem,2016-06-16,0.351744,0.435857,0.351744,0.404713,4504.0,19803600
stellar,2016-06-16,0.001667,0.0017219999999999998,0.001615,0.0017219999999999998,30780.0,9145780
verge,2016-06-16,2.8000000000000003e-05,2.9999999999999997e-05,2.2e-05,2.4e-05,1786.0,326909
bitcoin,2016-06-17,768.49,775.36,716.56,748.91,363321000.0,12038900000
bitshares,2016-06-17,0.004011,0.004067,0.003698,0.0038640000000000002,272055.0,10277800
bytecoin-bcn,2016-06-17,4.3e-05,4.6e-05,3.3e-05,3.8e-05,6125.0,7706380
dash,2016-06-17,8.66,8.91,8.1,8.36,545419.0,56515800
dogecoin,2016-06-17,0.000332,0.000341,0.000315,0.000321,688175.0,34808700
ethereum,2016-06-17,20.65,21.52,13.57,15.38,199408000.0,1674540000.0
lisk,2016-06-17,0.455809,0.46446899999999997,0.366158,0.436197,4509350.0,45580900.0
litecoin,2016-06-17,5.67,5.95,5.28,5.59,12383200.0,262382000
monero,2016-06-17,1.57,1.79,1.48,1.75,643511.0,19121000
nem,2016-06-17,0.0026969999999999997,0.002825,0.002441,0.002564,176445.0,24274200
ripple,2016-06-17,0.006681,0.00677,0.0066370000000000005,0.006693000000000001,2143830.0,234544000
siacoin,2016-06-17,0.000843,0.0009939999999999999,0.000766,0.000973,2837720.0,12792800.0
steem,2016-06-17,0.40558099999999997,0.44581099999999996,0.279405,0.311305,11844.0,23190300
stellar,2016-06-17,0.0017230000000000001,0.001829,0.0016420000000000002,0.001697,60976.0,9451880
verge,2016-06-17,2.4e-05,3.1e-05,1.6e-05,2.2e-05,4448.0,281874
bitcoin,2016-06-18,748.76,777.99,733.93,756.23,252718000.0,11732600000
bitshares,2016-06-18,0.0038640000000000002,0.003995,0.0037579999999999996,0.003978,228749.0,9903090
bytecoin-bcn,2016-06-18,3.8e-05,3.9e-05,3.2e-05,3.4e-05,2566.0,6929240
dash,2016-06-18,8.36,8.62,8.05,8.16,448647.0,54565000
dogecoin,2016-06-18,0.00032,0.00032900000000000003,0.000314,0.000324,303988.0,33532600
ethereum,2016-06-18,15.38,15.38,9.96,11.33,133937000.0,1247530000.0
lisk,2016-06-18,0.43518500000000004,0.44670600000000005,0.339231,0.348261,2777730.0,43518500.0
litecoin,2016-06-18,5.6,5.69,5.49,5.56,7878070.0,259298000
monero,2016-06-18,1.77,2.34,1.77,2.01,2663250.0,21492400
nem,2016-06-18,0.002573,0.003041,0.002509,0.003041,216735.0,23156400
ripple,2016-06-18,0.006693000000000001,0.006705,0.006529000000000001,0.0066040000000000005,1190870.0,234992000
siacoin,2016-06-18,0.000973,0.000986,0.000797,0.0008289999999999999,1110810.0,14815700.0
steem,2016-06-18,0.311079,0.327469,0.278814,0.303056,765.0,18059400
stellar,2016-06-18,0.001697,0.0017989999999999998,0.0016539999999999999,0.0017579999999999998,37093.0,9311890
verge,2016-06-18,2.2e-05,2.9999999999999997e-05,2.2e-05,2.3e-05,566.0,264900
bitcoin,2016-06-19,756.69,766.62,745.63,763.78,136185000.0,11859800000
bitshares,2016-06-19,0.003935,0.004529,0.003879,0.00417,460992.0,10084000
bytecoin-bcn,2016-06-19,3.4e-05,3.8e-05,2.9999999999999997e-05,3.2e-05,3643.0,6049870
dash,2016-06-19,8.16,8.32,7.94,7.99,556704.0,53314500
dogecoin,2016-06-19,0.000324,0.00033999999999999997,0.000319,0.000338,442660.0,33998500
ethereum,2016-06-19,11.17,13.18,10.64,12.23,69783600.0,906292000.0
lisk,2016-06-19,0.348124,0.38511999999999996,0.344974,0.363063,1392140.0,34812400.0
litecoin,2016-06-19,5.56,5.63,5.51,5.59,3760240.0,257369000
monero,2016-06-19,2.03,2.06,1.81,1.87,663871.0,24740500
nem,2016-06-19,0.003041,0.005522999999999999,0.003012,0.005004,2144130.0,27365600
ripple,2016-06-19,0.006585,0.00698,0.006561,0.006813,2413110.0,231180000
siacoin,2016-06-19,0.0008289999999999999,0.000953,0.000796,0.0009390000000000001,586536.0,12647500.0
steem,2016-06-19,0.303332,0.339543,0.282141,0.335555,3845.0,17875700
stellar,2016-06-19,0.0017579999999999998,0.0018579999999999998,0.001721,0.001831,57599.0,9642670
verge,2016-06-19,2.3e-05,2.8999999999999997e-05,2.2e-05,2.3e-05,881.0,267825
bitcoin,2016-06-20,763.93,764.08,732.73,737.23,174511000.0,11976700000
bitshares,2016-06-20,0.0041719999999999995,0.004254,0.003956,0.004025,249987.0,10693900
bytecoin-bcn,2016-06-20,3.2e-05,4.3e-05,3.1e-05,3.7e-05,2766.0,5753860
dash,2016-06-20,7.99,8.31,7.9,8.29,572251.0,52181400
dogecoin,2016-06-20,0.000337,0.000342,0.000322,0.000323,516209.0,35354400
ethereum,2016-06-20,12.24,12.45,10.52,11.84,58143600.0,993503000.0
lisk,2016-06-20,0.36343200000000003,0.36343200000000003,0.304333,0.323785,1692310.0,36343200.0
litecoin,2016-06-20,5.63,5.63,5.27,5.29,4154880.0,260458000
monero,2016-06-20,1.86,1.91,1.72,1.83,570846.0,22717200
nem,2016-06-20,0.004954999999999999,0.006525,0.004842,0.005594,2068320.0,44596400
ripple,2016-06-20,0.006818,0.006893000000000001,0.006626000000000001,0.006626000000000001,1710410.0,239363000
siacoin,2016-06-20,0.0009400000000000001,0.000951,0.00086,0.000901,571516.0,14369500.0
steem,2016-06-20,0.33578800000000003,0.33578800000000003,0.239225,0.304109,3416.0,20082800
stellar,2016-06-20,0.001835,0.001923,0.0017469999999999999,0.0017739999999999998,77260.0,10065200
verge,2016-06-20,2.3e-05,2.9999999999999997e-05,1.4999999999999999e-05,2.2e-05,1287.0,270851
bitcoin,2016-06-21,735.88,735.88,639.07,666.65,309944000.0,11540000000
bitshares,2016-06-21,0.0040030000000000005,0.0047,0.003854,0.003992,736430.0,10260900
bytecoin-bcn,2016-06-21,3.7e-05,4.1e-05,2.7000000000000002e-05,3.4e-05,5106.0,6723520
dash,2016-06-21,8.27,8.42,7.64,7.78,568810.0,54017900
dogecoin,2016-06-21,0.000324,0.000327,0.000297,0.000307,662975.0,33952300
ethereum,2016-06-21,11.82,13.42,11.29,13.31,69245600.0,960014000.0
lisk,2016-06-21,0.323081,0.353871,0.312605,0.328391,1779370.0,32308100.0
litecoin,2016-06-21,5.27,5.29,4.7,4.82,11984800.0,244250000
monero,2016-06-21,1.83,1.87,1.56,1.61,543359.0,22278200
nem,2016-06-21,0.005633,0.005799,0.004389,0.0044,1400580.0,50700100
ripple,2016-06-21,0.00663,0.006634999999999999,0.0059759999999999995,0.0061719999999999995,3258040.0,232764000
siacoin,2016-06-21,0.000901,0.000901,0.000763,0.0008289999999999999,799704.0,13808400.0
steem,2016-06-21,0.303419,0.303419,0.223794,0.223794,3362.0,18408500
stellar,2016-06-21,0.001761,0.001967,0.0016829999999999998,0.0017109999999999998,124214.0,9661820
verge,2016-06-21,2.2e-05,2.7000000000000002e-05,1.9e-05,2e-05,616.0,261531
bitcoin,2016-06-22,665.91,678.67,587.48,596.12,266393000.0,10445300000
bitshares,2016-06-22,0.004006,0.004272,0.003722,0.003722,322576.0,10269300
bytecoin-bcn,2016-06-22,3.4e-05,3.4e-05,2.6000000000000002e-05,2.6000000000000002e-05,1669.0,6061460
dash,2016-06-22,7.75,8.02,7.29,7.34,552499.0,50640100
dogecoin,2016-06-22,0.000307,0.000315,0.000258,0.000266,441160.0,32205000
ethereum,2016-06-22,13.2,15.79,13.1,13.1,96994100.0,1072510000.0
lisk,2016-06-22,0.328588,0.432411,0.313612,0.351084,3608690.0,32858800.0
litecoin,2016-06-22,4.83,4.92,3.88,3.91,11522400.0,223663000
monero,2016-06-22,1.61,1.72,1.49,1.5,376492.0,19621200
nem,2016-06-22,0.004412,0.004947999999999999,0.003943,0.0040880000000000005,708990.0,39707300
ripple,2016-06-22,0.006179,0.006790000000000001,0.006084,0.006495,5052140.0,216925000
siacoin,2016-06-22,0.000805,0.000941,0.00079,0.0008789999999999999,1091890.0,12362100.0
steem,2016-06-22,0.20418499999999998,0.285018,0.191699,0.207594,1828.0,12567000
stellar,2016-06-22,0.001709,0.001761,0.0016190000000000002,0.00162,70192.0,9377330
verge,2016-06-22,2e-05,2.6000000000000002e-05,1.8e-05,1.8e-05,1341.0,235930
bitcoin,2016-06-23,597.44,629.33,558.14,623.98,253462000.0,9373190000
bitshares,2016-06-23,0.00381,0.0038810000000000003,0.0035979999999999996,0.003843,334048.0,9767310
bytecoin-bcn,2016-06-23,2.7000000000000002e-05,3.2e-05,2.4e-05,3.2e-05,3283.0,4821160
dash,2016-06-23,7.38,7.51,6.91,7.24,425205.0,48274600
dogecoin,2016-06-23,0.000265,0.000283,0.000244,0.00028,501034.0,27807200
ethereum,2016-06-23,13.22,13.79,12.56,13.68,30806400.0,1074240000.0
lisk,2016-06-23,0.348071,0.368174,0.33960100000000004,0.35896300000000003,1644910.0,34807100.0
litecoin,2016-06-23,3.92,3.95,3.47,3.85,11138900.0,181586000
monero,2016-06-23,1.49,1.57,1.4,1.56,198638.0,18208400
nem,2016-06-23,0.004135,0.005379999999999999,0.0038020000000000003,0.005122,661495.0,37217300
ripple,2016-06-23,0.006519,0.006638,0.006253,0.006381,3207640.0,228886000
siacoin,2016-06-23,0.000884,0.0008960000000000001,0.000807,0.0008900000000000001,648656.0,13613800.0
steem,2016-06-23,0.212338,0.28425700000000004,0.21055,0.2828,6362.0,13255000
stellar,2016-06-23,0.001641,0.001686,0.001558,0.001666,37747.0,8999480
verge,2016-06-23,1.8e-05,2.8000000000000003e-05,1.7e-05,2.5e-05,1720.0,212124
bitcoin,2016-06-24,625.58,681.73,625.27,665.3,224317000.0,9816730000
bitshares,2016-06-24,0.00385,0.004004,0.00373,0.003804,165144.0,9870650
bytecoin-bcn,2016-06-24,3.2e-05,3.9e-05,2.8000000000000003e-05,3.9e-05,2988.0,5698830
dash,2016-06-24,7.24,7.64,6.88,7.13,552216.0,47338400
dogecoin,2016-06-24,0.000283,0.000292,0.000273,0.000281,459727.0,29641700
ethereum,2016-06-24,13.68,14.57,13.22,14.33,33332900.0,1112590000.0
lisk,2016-06-24,0.361483,0.382345,0.332903,0.380581,2135610.0,36148300.0
litecoin,2016-06-24,3.85,4.33,3.85,4.28,9364750.0,178563000
monero,2016-06-24,1.56,1.66,1.52,1.59,241911.0,19077300
nem,2016-06-24,0.005181,0.007559000000000001,0.005144,0.007508,1781030.0,46628200
ripple,2016-06-24,0.006379999999999999,0.006561,0.0063479999999999995,0.0064340000000000005,2408230.0,223996000
siacoin,2016-06-24,0.000886,0.000949,0.000824,0.0009019999999999999,847850.0,13680100.0
steem,2016-06-24,0.28347100000000003,0.291077,0.241083,0.24228899999999998,4240.0,17943800
stellar,2016-06-24,0.001666,0.001847,0.0016359999999999999,0.001786,80904.0,9137990
verge,2016-06-24,2.5e-05,2.7000000000000002e-05,2e-05,2.1e-05,1490.0,296365
bitcoin,2016-06-25,665.28,691.73,646.56,665.12,126656000.0,10442000000
bitshares,2016-06-25,0.003824,0.003914,0.003647,0.00374,208326.0,9804430
bytecoin-bcn,2016-06-25,3.4e-05,4e-05,2.8999999999999997e-05,3.7e-05,1307.0,6084870
dash,2016-06-25,7.11,7.25,6.65,6.86,463260.0,46535500
dogecoin,2016-06-25,0.000283,0.000297,0.00027400000000000005,0.00028399999999999996,338125.0,29666300
ethereum,2016-06-25,14.3,14.58,14.02,14.28,15383100.0,1163530000.0
lisk,2016-06-25,0.37901399999999996,0.3955,0.349076,0.354808,1435150.0,37901400.0
litecoin,2016-06-25,4.27,4.44,3.92,4.23,6057000.0,198221000
monero,2016-06-25,1.58,1.65,1.51,1.55,168083.0,19305300
nem,2016-06-25,0.007613,0.00796,0.006282,0.0074069999999999995,1985250.0,68521300
ripple,2016-06-25,0.0064269999999999996,0.006536,0.006383,0.006414,1175110.0,225631000
siacoin,2016-06-25,0.0009,0.001127,0.0009,0.001125,1639300.0,13905700.0
steem,2016-06-25,0.23496599999999998,0.276025,0.20781,0.226911,5090.0,15079500
stellar,2016-06-25,0.001789,0.001846,0.00172,0.0017879999999999999,52335.0,9814370
verge,2016-06-25,2.1e-05,3.3e-05,2.1e-05,2.6000000000000002e-05,705.0,253647
bitcoin,2016-06-26,665.93,665.98,616.93,629.37,109225000.0,10454900000
bitshares,2016-06-26,0.00374,0.004021,0.003732,0.0038,345565.0,9589270
bytecoin-bcn,2016-06-26,3.7e-05,3.9e-05,3.3e-05,3.8e-05,1666.0,6612650
dash,2016-06-26,6.86,7.18,6.72,6.78,275629.0,44928500
dogecoin,2016-06-26,0.00028700000000000004,0.000294,0.000275,0.000285,234233.0,30076500
ethereum,2016-06-26,14.26,14.37,13.66,13.85,14747600.0,1160590000.0
lisk,2016-06-26,0.357125,0.358169,0.322216,0.323548,750518.0,35712500.0
litecoin,2016-06-26,4.24,4.24,3.97,4.07,4480920.0,196813000
monero,2016-06-26,1.56,1.61,1.46,1.48,75189.0,19071300
nem,2016-06-26,0.007393,0.007393,0.006326,0.006817,919578.0,66539200
ripple,2016-06-26,0.006409000000000001,0.006478,0.006354,0.0064,1236360.0,225021000
siacoin,2016-06-26,0.001125,0.001132,0.0009289999999999999,0.0010019999999999999,2565030.0,17386800.0
steem,2016-06-26,0.227149,0.25445999999999996,0.19767200000000001,0.19785999999999998,4335.0,14776700
stellar,2016-06-26,0.0017879999999999999,0.002141,0.0017879999999999999,0.002026,394757.0,9807240
verge,2016-06-26,2.6000000000000002e-05,2.9999999999999997e-05,2e-05,2.6000000000000002e-05,527.0,311106
bitcoin,2016-06-27,629.35,655.27,620.52,655.27,122134000.0,9882840000
bitshares,2016-06-27,0.0038060000000000004,0.003973,0.003796,0.003942,150889.0,9759310
bytecoin-bcn,2016-06-27,3.3e-05,4.4e-05,3.3e-05,3.9e-05,6834.0,5995620
dash,2016-06-27,6.78,7.04,6.68,7.01,264512.0,44373000
dogecoin,2016-06-27,0.000283,0.000288,0.000278,0.000288,171751.0,29646000
ethereum,2016-06-27,13.81,14.12,13.75,13.88,10994700.0,1124170000.0
lisk,2016-06-27,0.323184,0.340674,0.293645,0.307191,973053.0,32318400.0
litecoin,2016-06-27,4.05,4.16,4.03,4.12,2749620.0,187984000
monero,2016-06-27,1.48,1.49,1.38,1.48,184373.0,18138600
nem,2016-06-27,0.006814,0.011612,0.0067,0.011271999999999999,3121330.0,61321900
ripple,2016-06-27,0.006402,0.006429000000000001,0.006364,0.006398,1136160.0,226280000
siacoin,2016-06-27,0.001004,0.001052,0.000974,0.0009939999999999999,1002790.0,15506000.0
steem,2016-06-27,0.197915,0.23797600000000002,0.19381099999999998,0.206546,2214.0,13048500
stellar,2016-06-27,0.00202,0.002863,0.0019399999999999999,0.002657,543934.0,11081200
verge,2016-06-27,2.6000000000000002e-05,3.2e-05,2.5e-05,2.6000000000000002e-05,2852.0,308687
bitcoin,2016-06-28,658.1,659.25,637.77,647.0,138385000.0,10336800000
bitshares,2016-06-28,0.003947,0.005359,0.003947,0.004718,2542750.0,10120200
bytecoin-bcn,2016-06-28,3.9e-05,4.6e-05,3.3e-05,3.8e-05,9508.0,7116120
dash,2016-06-28,7.06,7.16,6.88,6.91,286458.0,46253800
dogecoin,2016-06-28,0.00028900000000000003,0.000305,0.000285,0.000301,691171.0,30297000
ethereum,2016-06-28,13.93,13.98,11.72,12.18,43436600.0,1134340000.0
lisk,2016-06-28,0.308894,0.321442,0.275904,0.290045,1291760.0,30889400.0
litecoin,2016-06-28,4.14,4.18,4.07,4.1,2867420.0,192051000
monero,2016-06-28,1.48,1.51,1.43,1.49,173566.0,18129100
nem,2016-06-28,0.011525,0.015529,0.010537000000000001,0.012825,9830870.0,103728000
ripple,2016-06-28,0.0064069999999999995,0.006829000000000001,0.0064069999999999995,0.006773,3149120.0,226469000
siacoin,2016-06-28,0.000978,0.0010119999999999999,0.000852,0.000906,1948120.0,15245100.0
steem,2016-06-28,0.207378,0.243523,0.20534499999999997,0.234085,5700.0,13854200
stellar,2016-06-28,0.002545,0.0026449999999999998,0.002278,0.002333,849604.0,13962800
verge,2016-06-28,2.6000000000000002e-05,3.2e-05,2.5e-05,2.6000000000000002e-05,1887.0,310891
bitcoin,2016-06-29,644.12,644.68,628.28,639.89,142456000.0,10119600000
bitshares,2016-06-29,0.004716,0.005438,0.004369,0.005082,1429400.0,12092900
bytecoin-bcn,2016-06-29,3.9e-05,5e-05,3.8e-05,5e-05,8485.0,7019170
dash,2016-06-29,6.92,7.05,6.86,6.99,255225.0,45323300
dogecoin,2016-06-29,0.000298,0.000301,0.00028399999999999996,0.000296,351281.0,31226600
ethereum,2016-06-29,12.17,13.04,11.69,12.61,26982800.0,991926000.0
lisk,2016-06-29,0.288189,0.310452,0.282851,0.302058,822309.0,28818900.0
litecoin,2016-06-29,4.1,4.1,4.03,4.06,2211450.0,190440000
monero,2016-06-29,1.49,1.6,1.46,1.55,314944.0,18335500
nem,2016-06-29,0.012534,0.012778,0.008759000000000001,0.010399,6424080.0,112803000
ripple,2016-06-29,0.006775,0.006936,0.006670000000000001,0.006776999999999999,2063960.0,239467000
siacoin,2016-06-29,0.000909,0.0009310000000000001,0.000692,0.000799,1654190.0,14217600.0
steem,2016-06-29,0.23344600000000001,0.2736,0.21399200000000002,0.22987800000000003,2240.0,15798800
stellar,2016-06-29,0.0023469999999999997,0.00235,0.002002,0.0020399999999999997,299766.0,12872500
verge,2016-06-29,2.6000000000000002e-05,3.2e-05,2.5e-05,2.6000000000000002e-05,2321.0,308572
bitcoin,2016-06-30,640.59,675.4,636.61,673.34,138980000.0,10066400000
bitshares,2016-06-30,0.005034,0.005259000000000001,0.004705,0.00488,744005.0,12911100
bytecoin-bcn,2016-06-30,4.5e-05,5e-05,3.9e-05,4.7e-05,1760.0,8053410
dash,2016-06-30,6.99,7.24,6.94,7.13,331408.0,45834900
dogecoin,2016-06-30,0.000295,0.000306,0.00029,0.000304,359916.0,30915400
ethereum,2016-06-30,12.6,12.74,12.25,12.46,15801300.0,1027260000.0
lisk,2016-06-30,0.30306500000000003,0.321947,0.30306500000000003,0.311289,1019150.0,30306500.0
litecoin,2016-06-30,4.08,4.21,4.04,4.19,2864910.0,189371000
monero,2016-06-30,1.54,1.61,1.5,1.61,232728.0,18945900
nem,2016-06-30,0.010413,0.012911,0.009008,0.012527,4287380.0,93721500
ripple,2016-06-30,0.006778,0.006956,0.006640000000000001,0.006657,1046580.0,239570000
siacoin,2016-06-30,0.000798,0.0008710000000000001,0.000753,0.000776,731193.0,12506400.0
steem,2016-06-30,0.22959699999999997,0.278549,0.22959699999999997,0.273518,4997.0,15737600
stellar,2016-06-30,0.002048,0.002187,0.00203,0.002143,152025.0,11236200
verge,2016-06-30,2.6000000000000002e-05,4e-05,2.5e-05,3.4e-05,5061.0,305683
bitcoin,2016-07-01,672.51,686.15,669.59,676.3,134431000.0,10570600000
bitshares,2016-07-01,0.004877,0.0050490000000000005,0.004715,0.004818,337853.0,12507900
bytecoin-bcn,2016-07-01,4.2e-05,4.8e-05,4e-05,4.1e-05,2448.0,7572140
dash,2016-07-01,7.13,7.39,7.11,7.24,251575.0,46722200
dogecoin,2016-07-01,0.000304,0.000309,0.000297,0.000302,270360.0,31947800
ethereum,2016-07-01,12.44,12.49,11.73,12.2,17236500.0,1014220000.0
lisk,2016-07-01,0.307417,0.328363,0.305697,0.32422,564870.0,30741700.0
litecoin,2016-07-01,4.19,4.33,4.18,4.26,6987180.0,194823000
monero,2016-07-01,1.59,1.7,1.58,1.66,148728.0,19525900
nem,2016-07-01,0.012402,0.012844,0.009496,0.010477,3648490.0,111615000
ripple,2016-07-01,0.006651000000000001,0.006837,0.006633,0.0067870000000000005,993538.0,235073000
siacoin,2016-07-01,0.000775,0.000826,0.000704,0.000772,810905.0,12171400.0
steem,2016-07-01,0.273169,0.273188,0.20535599999999998,0.205448,6191.0,18962100
stellar,2016-07-01,0.002117,0.0021219999999999998,0.002015,0.0020350000000000004,77519.0,11615800
verge,2016-07-01,3.4e-05,4.7e-05,3.4e-05,4e-05,1939.0,403587
bitcoin,2016-07-02,676.73,703.7,676.4,703.7,112354000.0,10639600000
bitshares,2016-07-02,0.0048200000000000005,0.004893,0.0046890000000000005,0.004784,264911.0,12362400
bytecoin-bcn,2016-07-02,4.1e-05,4.8e-05,3.9e-05,4.7e-05,2680.0,7332530
dash,2016-07-02,7.23,7.43,7.09,7.18,279444.0,47384100
dogecoin,2016-07-02,0.000302,0.000306,0.000298,0.000306,159445.0,31718000
ethereum,2016-07-02,12.22,12.22,11.95,12.13,8987070.0,996510000.0
lisk,2016-07-02,0.32661,0.32700500000000005,0.300888,0.31057199999999996,570125.0,32661000.0
litecoin,2016-07-02,4.28,4.61,4.24,4.59,16646200.0,198801000
monero,2016-07-02,1.66,1.79,1.64,1.75,228270.0,20444700
nem,2016-07-02,0.010467,0.010944,0.0101,0.010535,1213810.0,94204800
ripple,2016-07-02,0.006788,0.006809,0.006691,0.006698999999999999,503769.0,239945000
siacoin,2016-07-02,0.000778,0.000867,0.000775,0.000826,639552.0,12255100.0
steem,2016-07-02,0.204875,0.235075,0.200936,0.219718,6802.0,14401000
stellar,2016-07-02,0.0020350000000000004,0.002071,0.002002,0.0020399999999999997,46649.0,11164600
verge,2016-07-02,4e-05,4.8e-05,2.8000000000000003e-05,2.8000000000000003e-05,6136.0,483254
bitcoin,2016-07-03,704.97,704.97,649.01,658.66,129512000.0,11086100000
bitshares,2016-07-03,0.004782,0.004804,0.0044009999999999995,0.0045060000000000005,201563.0,12265700
bytecoin-bcn,2016-07-03,4.1e-05,4.6e-05,3.9e-05,4.4e-05,945.0,7422120
dash,2016-07-03,7.19,7.31,6.99,7.01,259776.0,47136900
dogecoin,2016-07-03,0.000306,0.000307,0.000277,0.00028199999999999997,472627.0,32095700
ethereum,2016-07-03,12.12,12.15,11.59,11.72,10588700.0,989132000.0
lisk,2016-07-03,0.3111,0.316021,0.29990500000000003,0.301406,407208.0,31110000.0
litecoin,2016-07-03,4.66,4.66,4.19,4.25,7659710.0,216679000
monero,2016-07-03,1.75,1.85,1.7,1.7,326072.0,21541800
nem,2016-07-03,0.010537999999999999,0.011183,0.010190000000000001,0.010768000000000002,1352360.0,94844700
ripple,2016-07-03,0.006714,0.006734,0.006581999999999999,0.006606999999999999,536311.0,237324000
siacoin,2016-07-03,0.0008269999999999999,0.0008320000000000001,0.0007559999999999999,0.0007830000000000001,328870.0,13064600.0
steem,2016-07-03,0.220002,0.240642,0.182036,0.23556999999999997,13493.0,15657000
stellar,2016-07-03,0.0020350000000000004,0.002041,0.0018679999999999999,0.001928,49340.0,11161200
verge,2016-07-03,2.8000000000000003e-05,3.9e-05,2.6000000000000002e-05,3.3e-05,1737.0,339638
bitcoin,2016-07-04,658.8,683.66,650.51,683.66,92008400.0,10362700000
bitshares,2016-07-04,0.004536999999999999,0.0047009999999999994,0.004415,0.0047009999999999994,198280.0,11638200
bytecoin-bcn,2016-07-04,4.4e-05,4.6e-05,3.9e-05,4.1e-05,1729.0,8006450
dash,2016-07-04,7.02,7.24,6.91,7.08,189054.0,46064500
dogecoin,2016-07-04,0.00028399999999999996,0.000292,0.00028,0.00028900000000000003,181751.0,29775000
ethereum,2016-07-04,11.7,11.88,11.39,11.47,12943500.0,954849000.0
lisk,2016-07-04,0.302731,0.306661,0.29682800000000004,0.306661,419023.0,30273100.0
litecoin,2016-07-04,4.27,4.54,4.21,4.54,5062640.0,198695000
monero,2016-07-04,1.7,1.8,1.66,1.71,151474.0,20912300
nem,2016-07-04,0.010759999999999999,0.011465000000000001,0.010754999999999999,0.010891,1053260.0,96841800
ripple,2016-07-04,0.006620999999999999,0.008447,0.006599,0.007028,875970.0,234021000
siacoin,2016-07-04,0.000784,0.000802,0.000772,0.000793,200809.0,12413300.0
steem,2016-07-04,0.236015,0.35735100000000003,0.221633,0.240103,27477.0,17003300
stellar,2016-07-04,0.001929,0.002,0.001843,0.001935,99562.0,10582900
verge,2016-07-04,3.3e-05,4.1e-05,3.3e-05,3.4e-05,2230.0,398853
bitcoin,2016-07-05,683.21,683.49,665.07,670.63,130476000.0,10749100000
bitshares,2016-07-05,0.004668,0.004688,0.004393,0.004493,161823.0,11974500
bytecoin-bcn,2016-07-05,4.2e-05,6.500000000000001e-05,4e-05,5.4000000000000005e-05,30885.0,7559400
dash,2016-07-05,7.09,7.09,6.83,6.99,237373.0,46521100
dogecoin,2016-07-05,0.00028900000000000003,0.000295,0.00028399999999999996,0.00028700000000000004,182004.0,30398000
ethereum,2016-07-05,11.46,11.52,9.58,10.61,45526900.0,935730000.0
lisk,2016-07-05,0.30543000000000003,0.306843,0.278945,0.290506,1223650.0,30543000.0
litecoin,2016-07-05,4.56,4.56,4.36,4.45,4707390.0,212025000
monero,2016-07-05,1.71,1.74,1.64,1.73,154989.0,21078100
nem,2016-07-05,0.01085,0.010995,0.009086,0.009415,1359130.0,97650000
ripple,2016-07-05,0.0070290000000000005,0.007064,0.006659,0.006698999999999999,598865.0,248438000
siacoin,2016-07-05,0.000794,0.000796,0.000708,0.000737,520280.0,12592600.0
steem,2016-07-05,0.239643,0.25476,0.22128,0.25149699999999997,13622.0,17527400
stellar,2016-07-05,0.0019320000000000001,0.00196,0.001834,0.0018690000000000002,81723.0,10599300
verge,2016-07-05,3.4e-05,3.4e-05,2.7000000000000002e-05,3.4e-05,969.0,410381
bitcoin,2016-07-06,670.42,681.9,670.42,677.33,134961000.0,10550300000
bitshares,2016-07-06,0.004492,0.004496,0.004339,0.0044469999999999996,95576.0,11523600
bytecoin-bcn,2016-07-06,5.4000000000000005e-05,6.2e-05,4.6e-05,4.7e-05,24571.0,9699950
dash,2016-07-06,6.94,7.13,6.9,6.98,243442.0,45565800
dogecoin,2016-07-06,0.000288,0.00029,0.000278,0.00028399999999999996,1777410.0,30204400
ethereum,2016-07-06,10.58,11.11,10.28,10.53,18137300.0,864063000.0
lisk,2016-07-06,0.289433,0.297862,0.282543,0.286694,714117.0,28943300.0
litecoin,2016-07-06,4.46,4.51,4.42,4.47,3238960.0,207751000
monero,2016-07-06,1.73,1.98,1.72,1.94,510090.0,21273100
nem,2016-07-06,0.009461,0.009977,0.009082,0.009398,806001.0,85150500
ripple,2016-07-06,0.006716,0.006743000000000001,0.006687,0.006691,600195.0,237386000
siacoin,2016-07-06,0.000741,0.000742,0.000681,0.0006889999999999999,402315.0,11787100.0
steem,2016-07-06,0.24123899999999998,0.254333,0.23226799999999997,0.253098,7717.0,17911900
stellar,2016-07-06,0.0018690000000000002,0.0019370000000000001,0.001831,0.001846,45332.0,10253100
verge,2016-07-06,3.4e-05,4.1e-05,2.7000000000000002e-05,3.4e-05,2661.0,409261
bitcoin,2016-07-07,678.09,682.43,611.83,640.56,258091000.0,10673400000
bitshares,2016-07-07,0.0044340000000000004,0.004456,0.0039299999999999995,0.004063000000000001,247241.0,11375400
bytecoin-bcn,2016-07-07,4.7e-05,5.1e-05,3.9e-05,4e-05,4252.0,8494720
dash,2016-07-07,6.98,7.19,6.77,7.03,425808.0,45914000
dogecoin,2016-07-07,0.00028399999999999996,0.00028399999999999996,0.000267,0.000275,238794.0,29792800
ethereum,2016-07-07,10.54,10.57,9.8,10.11,15407200.0,861144000.0
lisk,2016-07-07,0.286821,0.287186,0.258312,0.274167,578750.0,28682100.0
litecoin,2016-07-07,4.5,4.53,3.95,4.11,6277860.0,209306000
monero,2016-07-07,1.94,2.11,1.82,1.9,1565910.0,23934100
nem,2016-07-07,0.009346,0.009406999999999999,0.007315,0.0076489999999999995,2017560.0,84109800
ripple,2016-07-07,0.006689,0.006698999999999999,0.006495,0.0065980000000000006,789693.0,236421000
siacoin,2016-07-07,0.0006900000000000001,0.00074,0.000621,0.000677,733647.0,10992800.0
steem,2016-07-07,0.25316700000000003,0.37818,0.230541,0.29986799999999997,42259.0,19090100
stellar,2016-07-07,0.001847,0.001855,0.001697,0.0017399999999999998,71044.0,10130000
verge,2016-07-07,3.4e-05,4.1e-05,2.9999999999999997e-05,3.2e-05,640.0,407321
bitcoin,2016-07-08,640.69,666.71,636.47,666.52,141970000.0,10086900000
bitshares,2016-07-08,0.004064,0.0044,0.0040149999999999995,0.0043630000000000006,206372.0,10427500
bytecoin-bcn,2016-07-08,4.1e-05,5.2000000000000004e-05,4e-05,4.8e-05,2626.0,7331060
dash,2016-07-08,6.98,7.48,6.95,7.45,314761.0,45903300
dogecoin,2016-07-08,0.000275,0.000281,0.000272,0.000277,247412.0,28867000
ethereum,2016-07-08,10.12,11.52,9.96,11.39,20039800.0,827090000.0
lisk,2016-07-08,0.274223,0.294076,0.27275,0.281619,658829.0,27422300.0
litecoin,2016-07-08,4.12,4.23,4.08,4.22,5033530.0,191626000
monero,2016-07-08,1.9,2.02,1.86,1.98,433750.0,23471600
nem,2016-07-08,0.007697,0.008945999999999999,0.007697,0.008166,1307980.0,69275900
ripple,2016-07-08,0.006609,0.0067150000000000005,0.006562999999999999,0.0067150000000000005,604076.0,233586000
siacoin,2016-07-08,0.000678,0.000717,0.000678,0.000714,127261.0,10831200.0
steem,2016-07-08,0.300143,0.359037,0.255134,0.324707,21950.0,22981500
stellar,2016-07-08,0.0017399999999999998,0.00187,0.00173,0.00187,63067.0,9543160
verge,2016-07-08,3.2e-05,3.8e-05,2.6000000000000002e-05,2.7000000000000002e-05,509.0,384188
bitcoin,2016-07-09,666.38,666.38,633.4,650.96,180536000.0,10493800000
bitshares,2016-07-09,0.004326,0.004331000000000001,0.00412,0.004254,115364.0,11099500
bytecoin-bcn,2016-07-09,4.8e-05,5.2000000000000004e-05,4.1e-05,4.6e-05,1926.0,8662400
dash,2016-07-09,7.47,7.47,7.01,7.36,268561.0,49132300
dogecoin,2016-07-09,0.000276,0.000279,0.000265,0.00027,146328.0,28952000
ethereum,2016-07-09,11.42,11.46,10.73,10.97,17254800.0,933946000.0
lisk,2016-07-09,0.281596,0.284193,0.26882,0.280532,380355.0,28159600.0
litecoin,2016-07-09,4.24,4.24,3.97,4.16,6256370.0,197337000
monero,2016-07-09,1.99,1.99,1.84,1.96,307833.0,24528700
nem,2016-07-09,0.008176000000000001,0.008303,0.007914000000000001,0.008034,403571.0,73583800
ripple,2016-07-09,0.006717,0.006718000000000001,0.006624,0.006679000000000001,577447.0,237423000
siacoin,2016-07-09,0.000714,0.0007160000000000001,0.000687,0.000711,159885.0,11443000.0
steem,2016-07-09,0.324527,0.584774,0.32311599999999996,0.546358,49507.0,25225900
stellar,2016-07-09,0.0018239999999999999,0.00183,0.001732,0.0017629999999999998,29463.0,10003800
verge,2016-07-09,2.7000000000000002e-05,3.3e-05,2.5e-05,3.2e-05,594.0,327326
bitcoin,2016-07-10,650.6,652.29,641.26,649.36,102532000.0,10247300000
bitshares,2016-07-10,0.004236,0.004978,0.004236,0.004724,759926.0,10869700
bytecoin-bcn,2016-07-10,4.6e-05,5e-05,4.2e-05,4.6e-05,4363.0,8332740
dash,2016-07-10,7.35,7.49,7.3,7.42,268877.0,48381600
dogecoin,2016-07-10,0.00027,0.00027400000000000005,0.000267,0.000272,116616.0,28420400
ethereum,2016-07-10,10.96,11.01,10.78,10.95,5479240.0,896899000.0
lisk,2016-07-10,0.280361,0.295689,0.273856,0.295689,535278.0,28036100.0
litecoin,2016-07-10,4.12,4.15,4.06,4.1,3039620.0,191996000
monero,2016-07-10,1.96,1.96,1.86,1.91,224404.0,24175800
nem,2016-07-10,0.008038,0.008368,0.007906,0.00815,350326.0,72338200
ripple,2016-07-10,0.006672,0.0066760000000000005,0.006620999999999999,0.006673999999999999,571047.0,235818000
siacoin,2016-07-10,0.000704,0.000714,0.000665,0.000671,128334.0,11319800.0
steem,2016-07-10,0.533428,0.776451,0.533428,0.557304,141994.0,42063300
stellar,2016-07-10,0.0017629999999999998,0.001887,0.0017510000000000002,0.001852,52317.0,9671470
verge,2016-07-10,3.2e-05,3.7e-05,2.6000000000000002e-05,3.2e-05,232.0,386494
bitcoin,2016-07-11,648.48,659.63,644.98,647.66,107910000.0,10215200000
bitshares,2016-07-11,0.004721,0.004789,0.004516,0.0046700000000000005,407446.0,12112700
bytecoin-bcn,2016-07-11,4.6e-05,5e-05,4.2e-05,5e-05,3018.0,8353240
dash,2016-07-11,7.44,8.05,7.41,7.96,672593.0,48979600
dogecoin,2016-07-11,0.000272,0.000293,0.000265,0.000267,223700.0,28598400
ethereum,2016-07-11,10.94,11.01,10.26,10.46,13098000.0,895670000.0
lisk,2016-07-11,0.29631,0.355268,0.29631,0.33407800000000004,2383010.0,29631000.0
litecoin,2016-07-11,4.12,4.19,4.06,4.09,3282920.0,192038000
monero,2016-07-11,1.91,2.03,1.89,1.98,213005.0,23651500
nem,2016-07-11,0.008154,0.00845,0.007984,0.008119,465964.0,73382400
ripple,2016-07-11,0.006670999999999999,0.006690000000000001,0.006529999999999999,0.006534000000000001,722627.0,235803000
siacoin,2016-07-11,0.000671,0.000677,0.000601,0.0006190000000000001,549354.0,10820000.0
steem,2016-07-11,0.557299,0.968643,0.552609,0.9626290000000001,158519.0,44510700
stellar,2016-07-11,0.0018510000000000002,0.0018809999999999999,0.001755,0.001809,73548.0,10154900
verge,2016-07-11,3.2e-05,3.7e-05,2.6000000000000002e-05,2.6000000000000002e-05,915.0,381657
bitcoin,2016-07-12,648.28,675.26,646.78,664.55,138173000.0,10213100000
bitshares,2016-07-12,0.0046689999999999995,0.005122,0.0046689999999999995,0.004989,745547.0,11981600
bytecoin-bcn,2016-07-12,4.6e-05,5.2000000000000004e-05,4.1e-05,4.7e-05,4481.0,8311570
dash,2016-07-12,7.97,8.26,7.82,7.84,474628.0,52526000
dogecoin,2016-07-12,0.000268,0.000271,0.000259,0.000265,382756.0,28176100
ethereum,2016-07-12,10.45,10.76,10.43,10.52,11127700.0,855555000.0
lisk,2016-07-12,0.334368,0.340208,0.314506,0.314506,993582.0,33436800.0
litecoin,2016-07-12,4.09,4.21,4.09,4.15,2734250.0,190754000
monero,2016-07-12,1.98,2.08,1.95,1.99,347642.0,24548500
nem,2016-07-12,0.008124,0.009512,0.008124,0.009321,1668430.0,73117100
ripple,2016-07-12,0.006534000000000001,0.006593000000000001,0.00635,0.00635,977958.0,230954000
siacoin,2016-07-12,0.0006190000000000001,0.000629,0.000586,0.000602,408557.0,10028100.0
steem,2016-07-12,0.985028,2.75,0.941051,2.75,908656.0,79675000
stellar,2016-07-12,0.0018170000000000003,0.002041,0.001811,0.001991,206642.0,9964790
verge,2016-07-12,2.6000000000000002e-05,3.3e-05,2.6000000000000002e-05,2.7000000000000002e-05,877.0,314448
bitcoin,2016-07-13,664.8,668.7,654.47,654.47,131449000.0,10474500000
bitshares,2016-07-13,0.005029,0.006026,0.004958,0.005778,2722640.0,12904900
bytecoin-bcn,2016-07-13,5.1e-05,5.1e-05,4.2e-05,4.6e-05,1866.0,9240990
dash,2016-07-13,7.86,7.97,7.72,7.84,289681.0,51798100
dogecoin,2016-07-13,0.000264,0.000268,0.000261,0.000263,228096.0,27737500
ethereum,2016-07-13,10.51,10.59,10.4,10.5,6715660.0,860770000.0
lisk,2016-07-13,0.316228,0.331422,0.310311,0.31614699999999996,522491.0,31622800.0
litecoin,2016-07-13,4.16,4.18,4.13,4.14,2215370.0,194119000
monero,2016-07-13,1.98,2.0,1.9,1.93,294296.0,24510200
nem,2016-07-13,0.009293000000000001,0.009427,0.00864,0.00868,653997.0,83638400
ripple,2016-07-13,0.00635,0.006437000000000001,0.00635,0.006411,942245.0,224434000
siacoin,2016-07-13,0.000598,0.00063,0.0005769999999999999,0.000617,343532.0,9708850.0
steem,2016-07-13,2.64,4.93,2.19,4.06,1938650.0,216204000
stellar,2016-07-13,0.001971,0.002315,0.00197,0.002164,472760.0,10810000
verge,2016-07-13,2.7000000000000002e-05,3.3e-05,2.6000000000000002e-05,2.6000000000000002e-05,5088.0,328591
bitcoin,2016-07-14,652.92,662.9,652.92,658.08,98511400.0,10288400000
bitshares,2016-07-14,0.005792,0.005940999999999999,0.005365999999999999,0.0054,1095770.0,14863300
bytecoin-bcn,2016-07-14,4.6e-05,5e-05,4.2e-05,4.6e-05,2165.0,8309600
dash,2016-07-14,7.86,7.91,7.7,7.75,194024.0,51797100
dogecoin,2016-07-14,0.000263,0.000267,0.000259,0.000262,161058.0,27671300
ethereum,2016-07-14,10.6,11.68,10.6,11.51,23621900.0,868509000.0
lisk,2016-07-14,0.315678,0.331694,0.315203,0.328441,679860.0,31567800.0
litecoin,2016-07-14,4.14,4.18,4.12,4.15,1663660.0,193166000
monero,2016-07-14,1.94,2.03,1.93,2.01,172552.0,24010100
nem,2016-07-14,0.008694,0.008855,0.0073939999999999995,0.008095999999999999,894330.0,78243100
ripple,2016-07-14,0.006408,0.006425,0.006377000000000001,0.006385,682894.0,226514000
siacoin,2016-07-14,0.000617,0.000724,0.000609,0.000724,567293.0,10034300.0
steem,2016-07-14,4.12,4.54,3.37,3.71,1876740.0,339597000
stellar,2016-07-14,0.002154,0.002195,0.0019579999999999997,0.002039,208913.0,11817600
verge,2016-07-14,2.6000000000000002e-05,3.3e-05,2.6000000000000002e-05,2.6000000000000002e-05,998.0,318732
bitcoin,2016-07-15,659.17,667.08,659.04,663.25,81673100.0,10387900000
bitshares,2016-07-15,0.005367,0.005519,0.005103,0.005248,581654.0,13773800
bytecoin-bcn,2016-07-15,4.6e-05,5.3e-05,4.2e-05,5.2000000000000004e-05,3274.0,8371060
dash,2016-07-15,7.73,8.34,7.69,8.09,365346.0,50959600
dogecoin,2016-07-15,0.000261,0.000266,0.000261,0.000264,120831.0,27422200
ethereum,2016-07-15,11.5,12.43,11.49,11.95,26838900.0,942817000.0
lisk,2016-07-15,0.328962,0.33878600000000003,0.325728,0.327406,418795.0,32896200.0
litecoin,2016-07-15,4.15,4.18,4.15,4.16,1668020.0,193859000
monero,2016-07-15,2.01,2.03,1.94,1.99,189098.0,24905300
nem,2016-07-15,0.008092,0.008341,0.007994,0.008158,458812.0,72828300
ripple,2016-07-15,0.0063880000000000004,0.006451999999999999,0.0063880000000000004,0.006442,753167.0,226387000
siacoin,2016-07-15,0.0007070000000000001,0.000801,0.0006929999999999999,0.000779,661272.0,11526800.0
steem,2016-07-15,3.76,4.25,3.04,3.22,979248.0,314387000
stellar,2016-07-15,0.002039,0.002069,0.001946,0.001977,55698.0,11187400
verge,2016-07-15,2.6000000000000002e-05,3.3e-05,2.6000000000000002e-05,2.7000000000000002e-05,915.0,318209
bitcoin,2016-07-16,663.78,666.46,659.33,660.77,50330200.0,10461700000
bitshares,2016-07-16,0.005239,0.005442,0.005117,0.005201,340129.0,13446400
bytecoin-bcn,2016-07-16,4.7e-05,5.3e-05,4.7e-05,5e-05,2243.0,8482010
dash,2016-07-16,8.09,8.34,8.06,8.26,284036.0,53338100
dogecoin,2016-07-16,0.000262,0.000266,0.00026000000000000003,0.000262,82476.0,27540100
ethereum,2016-07-16,11.92,11.94,11.59,11.65,10445700.0,977658000.0
lisk,2016-07-16,0.327652,0.330081,0.315362,0.322902,452985.0,32765200.0
litecoin,2016-07-16,4.15,4.16,4.11,4.13,1378140.0,193834000
monero,2016-07-16,2.0,2.02,1.97,1.98,69994.0,24821700
nem,2016-07-16,0.008115,0.008312,0.007863,0.007903,301630.0,73032200
ripple,2016-07-16,0.006442,0.006572,0.00644,0.006572,659904.0,228282000
siacoin,2016-07-16,0.000778,0.000778,0.0007160000000000001,0.000735,307901.0,12706400.0
steem,2016-07-16,3.22,3.84,2.67,3.25,879048.0,272022000
stellar,2016-07-16,0.001973,0.002001,0.001906,0.0019260000000000002,34167.0,10821800
verge,2016-07-16,2.7000000000000002e-05,3.3e-05,2.6000000000000002e-05,3.2e-05,400.0,325887
bitcoin,2016-07-17,661.99,682.37,661.99,679.46,74407900.0,10434700000
bitshares,2016-07-17,0.005195,0.005239,0.00495,0.004956,209480.0,13334200
bytecoin-bcn,2016-07-17,4.9e-05,5.9999999999999995e-05,4.8e-05,5.9999999999999995e-05,8094.0,8934740
dash,2016-07-17,8.25,8.33,8.06,8.12,248488.0,54402400
dogecoin,2016-07-17,0.000262,0.000264,0.00025699999999999996,0.000263,125107.0,27546900
ethereum,2016-07-17,11.62,11.67,11.01,11.16,17921600.0,953762000.0
lisk,2016-07-17,0.322463,0.327572,0.30877,0.31546199999999996,432248.0,32246300.0
litecoin,2016-07-17,4.14,4.21,4.13,4.19,2155230.0,193199000
monero,2016-07-17,1.98,2.01,1.95,1.99,167463.0,24567700
nem,2016-07-17,0.007904000000000001,0.007973000000000001,0.007626000000000001,0.00772,352705.0,71140300
ripple,2016-07-17,0.006571,0.006591,0.006516,0.0065379999999999995,529265.0,232855000
siacoin,2016-07-17,0.000731,0.000737,0.000697,0.000697,154949.0,11954300.0
steem,2016-07-17,3.24,3.64,2.93,3.28,622397.0,276548000
stellar,2016-07-17,0.0019260000000000002,0.001947,0.001895,0.001925,40947.0,10566000
verge,2016-07-17,2.6000000000000002e-05,3.4e-05,2e-05,2.8000000000000003e-05,1111.0,319787
bitcoin,2016-07-18,679.81,681.55,668.63,673.11,69465000.0,10716800000
bitshares,2016-07-18,0.004943,0.005267,0.0048200000000000005,0.005182,331604.0,12688300
bytecoin-bcn,2016-07-18,5.9999999999999995e-05,5.9999999999999995e-05,4.8e-05,4.9e-05,2256.0,10898400
dash,2016-07-18,8.15,8.29,8.1,8.22,273466.0,53774400
dogecoin,2016-07-18,0.000263,0.000263,0.000251,0.000252,232515.0,27704300
ethereum,2016-07-18,11.17,11.61,10.95,11.03,15931900.0,917151000.0
lisk,2016-07-18,0.315753,0.323676,0.30536199999999997,0.30900500000000003,523435.0,31575300.0
litecoin,2016-07-18,4.2,4.2,4.14,4.15,1577810.0,196145000
monero,2016-07-18,1.99,2.02,1.94,1.95,108747.0,24730000
nem,2016-07-18,0.0077,0.007770999999999999,0.00746,0.007542,196177.0,69302900
ripple,2016-07-18,0.0065379999999999995,0.006540000000000001,0.006481000000000001,0.006481999999999999,442793.0,231705000
siacoin,2016-07-18,0.000701,0.000709,0.000664,0.000683,193099.0,11494400.0
steem,2016-07-18,3.28,3.32,2.49,2.53,1131470.0,283738000
stellar,2016-07-18,0.001927,0.0019920000000000003,0.001906,0.001982,36209.0,10569300
verge,2016-07-18,2.8000000000000003e-05,3.4e-05,2.1e-05,2.7000000000000002e-05,636.0,336788
bitcoin,2016-07-19,672.74,673.28,667.63,672.86,61203300.0,10606500000
bitshares,2016-07-19,0.005196,0.005520000000000001,0.0050100000000000006,0.005507,358203.0,13337400
bytecoin-bcn,2016-07-19,4.9e-05,5.9e-05,4.9e-05,5.4000000000000005e-05,2230.0,8889970
dash,2016-07-19,8.22,8.57,8.18,8.5,410793.0,54269700
dogecoin,2016-07-19,0.000252,0.00025499999999999996,0.00024300000000000002,0.000245,257203.0,26540400
ethereum,2016-07-19,11.05,12.01,11.01,11.62,21730000.0,907135000.0
lisk,2016-07-19,0.307052,0.31739,0.30341,0.314261,472702.0,30705200.0
litecoin,2016-07-19,4.15,4.17,4.14,4.15,1563330.0,194028000
monero,2016-07-19,1.95,1.96,1.85,1.9,206251.0,24268200
nem,2016-07-19,0.007556,0.007556,0.006501000000000001,0.006758,775842.0,68000700
ripple,2016-07-19,0.006479,0.0064849999999999994,0.006397,0.006405,550843.0,229590000
siacoin,2016-07-19,0.000682,0.0006889999999999999,0.000655,0.000668,174794.0,11185200.0
steem,2016-07-19,2.53,4.59,2.46,4.28,3642210.0,222018000
stellar,2016-07-19,0.0019850000000000002,0.0019850000000000002,0.0018969999999999998,0.0019,38329.0,10889700
verge,2016-07-19,2.6000000000000002e-05,3.3e-05,2.1e-05,2.7000000000000002e-05,1447.0,323913
bitcoin,2016-07-20,672.81,672.93,663.36,665.68,94636400.0,10608600000
bitshares,2016-07-20,0.005493,0.00581,0.005332,0.005490999999999999,576582.0,14100300
bytecoin-bcn,2016-07-20,5.4000000000000005e-05,5.9999999999999995e-05,4.7e-05,4.8e-05,6171.0,9764540
dash,2016-07-20,8.53,8.57,8.31,8.44,287009.0,56317100
dogecoin,2016-07-20,0.000245,0.00024700000000000004,0.00023999999999999998,0.000244,174826.0,25812900
ethereum,2016-07-20,11.59,12.99,11.57,12.45,60226100.0,952143000.0
lisk,2016-07-20,0.31437800000000005,0.31651399999999996,0.307138,0.311413,522077.0,31437800.0
litecoin,2016-07-20,4.15,4.16,4.11,4.13,1908710.0,193958000
monero,2016-07-20,1.9,1.93,1.73,1.76,368224.0,23690500
nem,2016-07-20,0.006756,0.00735,0.006725,0.007206000000000001,404954.0,60800600
ripple,2016-07-20,0.006404000000000001,0.006422,0.006379999999999999,0.0063950000000000005,790117.0,226959000
siacoin,2016-07-20,0.000668,0.000732,0.000659,0.000687,289871.0,10982000.0
steem,2016-07-20,4.3,4.63,3.73,3.94,1595060.0,381768000
stellar,2016-07-20,0.0019,0.001913,0.001849,0.0018620000000000002,29104.0,10740700
verge,2016-07-20,2.1e-05,3.3e-05,2e-05,2.7000000000000002e-05,1105.0,255630
bitcoin,2016-07-21,665.23,666.22,660.41,665.01,60491800.0,10490300000
bitshares,2016-07-21,0.00549,0.0056229999999999995,0.0052179999999999995,0.005492,372620.0,14095200
bytecoin-bcn,2016-07-21,4.8e-05,5.7999999999999994e-05,4.8e-05,5.4000000000000005e-05,3785.0,8671820
dash,2016-07-21,8.43,9.06,8.32,8.96,435825.0,55692500
dogecoin,2016-07-21,0.000242,0.00024300000000000002,0.000234,0.00023700000000000001,252756.0,25465300
ethereum,2016-07-21,12.46,12.71,11.99,12.65,24636900.0,1024000000.0
lisk,2016-07-21,0.311736,0.319809,0.307494,0.31802199999999997,473950.0,31173600.0
litecoin,2016-07-21,4.13,4.14,4.11,4.12,1422410.0,193228000
monero,2016-07-21,1.77,1.81,1.72,1.74,143002.0,22060100
nem,2016-07-21,0.007215000000000001,0.00728,0.006670000000000001,0.006802,345004.0,64930600
ripple,2016-07-21,0.00639,0.006564,0.006374,0.006416,811193.0,226463000
siacoin,2016-07-21,0.000684,0.0007099999999999999,0.000684,0.0007,161759.0,11269700.0
steem,2016-07-21,3.94,3.94,3.37,3.45,849505.0,354690000
stellar,2016-07-21,0.0018809999999999999,0.0018809999999999999,0.001814,0.0018390000000000001,33817.0,10634500
verge,2016-07-21,2.7000000000000002e-05,3.3e-05,2e-05,2.2e-05,298.0,328189
bitcoin,2016-07-22,664.92,666.58,646.72,650.62,134169000.0,10486600000
bitshares,2016-07-22,0.005488,0.005488,0.00506,0.005234,232567.0,14090700
bytecoin-bcn,2016-07-22,5.4000000000000005e-05,5.7999999999999994e-05,4.9e-05,5.2000000000000004e-05,2002.0,9790960
dash,2016-07-22,8.95,9.55,8.89,9.25,867493.0,59167400
dogecoin,2016-07-22,0.000239,0.00023999999999999998,0.000234,0.00023700000000000001,216280.0,25146700
ethereum,2016-07-22,12.66,14.81,12.54,14.66,74779500.0,1040640000.0
lisk,2016-07-22,0.31860900000000003,0.32988,0.301346,0.308312,999888.0,31860900.0
litecoin,2016-07-22,4.13,4.14,4.03,4.04,2677970.0,192936000
monero,2016-07-22,1.73,1.85,1.72,1.83,183573.0,21524900
nem,2016-07-22,0.006843000000000001,0.006926000000000001,0.006391,0.00673,469661.0,61584000
ripple,2016-07-22,0.006417,0.006423000000000001,0.0063030000000000004,0.0063030000000000004,780192.0,228111000
siacoin,2016-07-22,0.000697,0.000745,0.000697,0.0007030000000000001,296044.0,11510900.0
steem,2016-07-22,3.44,3.53,3.19,3.35,914603.0,313516000
stellar,2016-07-22,0.0018399999999999998,0.001888,0.001809,0.0018239999999999999,28249.0,10404200
verge,2016-07-22,2.2e-05,3.3e-05,2.2e-05,3.2e-05,1695.0,274558
bitcoin,2016-07-23,650.73,656.37,648.52,655.56,69532200.0,10263700000
bitshares,2016-07-23,0.005234,0.0052840000000000005,0.005104999999999999,0.005281,126053.0,13438700
bytecoin-bcn,2016-07-23,5.2000000000000004e-05,5.6999999999999996e-05,4.8e-05,5.4000000000000005e-05,2463.0,9477620
dash,2016-07-23,9.27,9.47,9.07,9.31,435897.0,61282500
dogecoin,2016-07-23,0.00023700000000000001,0.000251,0.00023199999999999997,0.000251,328851.0,24987500
ethereum,2016-07-23,14.67,14.9,14.05,14.3,32489700.0,1206190000.0
lisk,2016-07-23,0.308363,0.313587,0.305819,0.311837,413449.0,30836300.0
litecoin,2016-07-23,4.04,4.06,4.03,4.06,1568890.0,189102000
monero,2016-07-23,1.83,1.91,1.81,1.89,132721.0,22802400
nem,2016-07-23,0.006742000000000001,0.007639,0.006684999999999999,0.007226000000000001,651708.0,60675500
ripple,2016-07-23,0.0063030000000000004,0.006335,0.00627,0.0063170000000000006,356569.0,224076000
siacoin,2016-07-23,0.000704,0.000711,0.000687,0.000698,149564.0,11644600.0
steem,2016-07-23,3.39,3.9,3.34,3.78,908794.0,312765000
stellar,2016-07-23,0.001829,0.002207,0.001816,0.002084,184081.0,10338800
verge,2016-07-23,3.2e-05,3.2e-05,2.6000000000000002e-05,2.6000000000000002e-05,177.0,397956
bitcoin,2016-07-24,655.41,663.11,652.79,661.28,118184000.0,10338600000
bitshares,2016-07-24,0.005273,0.005318,0.005154,0.005301,138430.0,13539300
bytecoin-bcn,2016-07-24,5.4000000000000005e-05,5.7999999999999994e-05,5.1e-05,5.4000000000000005e-05,4463.0,9847620
dash,2016-07-24,9.36,9.78,9.21,9.21,370757.0,61901200
dogecoin,2016-07-24,0.000254,0.000254,0.00024300000000000002,0.00024900000000000004,273570.0,26693600
ethereum,2016-07-24,14.3,14.44,12.32,12.75,77750800.0,1176250000.0
ethereum-classic,2016-07-24,0.7523449999999999,0.959354,0.737342,0.9288139999999999,17769300.0,
lisk,2016-07-24,0.31254099999999996,0.31254099999999996,0.278923,0.287238,1022570.0,31254100.0
litecoin,2016-07-24,4.06,4.08,4.04,4.07,1839420.0,190145000
monero,2016-07-24,1.9,1.94,1.83,1.88,161485.0,23663800
nem,2016-07-24,0.007226000000000001,0.007226000000000001,0.006758,0.006881,227133.0,65035800
ripple,2016-07-24,0.006328,0.006333,0.006228,0.006286,315687.0,224965000
siacoin,2016-07-24,0.000698,0.0007030000000000001,0.000638,0.000667,248237.0,11569400.0
steem,2016-07-24,3.81,3.81,3.45,3.5,418707.0,355802000
stellar,2016-07-24,0.002102,0.002297,0.001987,0.0022530000000000002,365060.0,11883800
verge,2016-07-24,2.6000000000000002e-05,3.3e-05,2.6000000000000002e-05,2.7000000000000002e-05,1225.0,321689
bitcoin,2016-07-25,661.26,661.83,653.39,654.1,78176500.0,10431900000
bitshares,2016-07-25,0.0053,0.005308,0.005024,0.005024,114897.0,13610000
bytecoin-bcn,2016-07-25,5.4000000000000005e-05,5.6999999999999996e-05,4.9e-05,5.4000000000000005e-05,3222.0,9812390
dash,2016-07-25,9.24,9.27,8.99,9.13,314414.0,61086400
dogecoin,2016-07-25,0.000246,0.00024900000000000004,0.000241,0.000245,108561.0,25895800
ethereum,2016-07-25,12.74,13.86,12.68,13.84,36673800.0,1048920000.0
ethereum-classic,2016-07-25,0.9319930000000001,0.9328620000000001,0.452446,0.602402,9308400.0,76700600.0
lisk,2016-07-25,0.287642,0.293929,0.281837,0.29233400000000004,347584.0,28764200.0
litecoin,2016-07-25,4.07,4.08,4.03,4.03,1535980.0,190621000
monero,2016-07-25,1.86,1.89,1.82,1.85,94316.0,23229400
nem,2016-07-25,0.00686,0.007039,0.006706,0.00701,191396.0,61739600
ripple,2016-07-25,0.006293,0.006297,0.006225,0.006246,881632.0,223721000
siacoin,2016-07-25,0.000668,0.000682,0.000653,0.00066,118743.0,11085800.0
steem,2016-07-25,3.5,3.54,2.99,3.31,619883.0,330798000
stellar,2016-07-25,0.002274,0.002336,0.002092,0.002143,126331.0,12854900
verge,2016-07-25,2.7000000000000002e-05,2.8999999999999997e-05,2.6000000000000002e-05,2.6000000000000002e-05,247.0,325605
bitcoin,2016-07-26,654.23,656.23,645.88,651.78,225135000.0,10321900000
bitshares,2016-07-26,0.004989,0.00503,0.004758,0.004817,261488.0,12812500
bytecoin-bcn,2016-07-26,5.4000000000000005e-05,5.6999999999999996e-05,5.1e-05,5.4000000000000005e-05,6014.0,9689220
dash,2016-07-26,9.15,9.21,8.63,8.86,531920.0,60513500
dogecoin,2016-07-26,0.000246,0.000246,0.000236,0.00023999999999999998,206520.0,25866300
ethereum,2016-07-26,13.82,13.85,11.73,11.99,94428800.0,1137660000.0
ethereum-classic,2016-07-26,0.604737,2.85,0.600358,2.55,103066000.0,49768300.0
lisk,2016-07-26,0.294655,0.306711,0.252299,0.286238,1755040.0,29465500.0
litecoin,2016-07-26,4.04,4.05,3.93,3.97,2545920.0,189020000
monero,2016-07-26,1.85,1.86,1.7,1.83,268872.0,23060800
nem,2016-07-26,0.006959999999999999,0.007045,0.0063869999999999994,0.006586,437248.0,62637000
ripple,2016-07-26,0.006246,0.00625,0.005983,0.005998,1547830.0,222062000
siacoin,2016-07-26,0.000661,0.000676,0.000624,0.000648,354516.0,11004700.0
steem,2016-07-26,3.35,3.35,2.74,2.81,699366.0,320431000
stellar,2016-07-26,0.002148,0.002173,0.001913,0.001939,85306.0,12142500
verge,2016-07-26,2.6000000000000002e-05,3.1e-05,2.5e-05,2.6000000000000002e-05,982.0,321543
bitcoin,2016-07-27,651.63,657.46,648.45,654.35,147461000.0,10281900000
bitshares,2016-07-27,0.004801,0.004897,0.004629,0.004807,157330.0,12329000
bytecoin-bcn,2016-07-27,5.4000000000000005e-05,5.6999999999999996e-05,5e-05,5.4000000000000005e-05,3525.0,9747960
dash,2016-07-27,8.9,9.33,8.77,9.15,378749.0,58881400
dogecoin,2016-07-27,0.00023999999999999998,0.000241,0.000234,0.00023700000000000001,153832.0,25293600
ethereum,2016-07-27,12.05,13.31,11.84,12.97,58278800.0,992645000.0
ethereum-classic,2016-07-27,2.46,2.46,1.26,1.6,62645700.0,202315000.0
lisk,2016-07-27,0.282479,0.299581,0.27276500000000004,0.277287,891245.0,28247900.0
litecoin,2016-07-27,3.96,3.99,3.93,3.96,1847300.0,185692000
monero,2016-07-27,1.83,1.95,1.76,1.94,257870.0,22861700
nem,2016-07-27,0.006569,0.0069819999999999995,0.0065379999999999995,0.006644,304369.0,59122000
ripple,2016-07-27,0.0059960000000000005,0.0060079999999999995,0.005954,0.0059689999999999995,1370090.0,213166000
siacoin,2016-07-27,0.000653,0.000659,0.0006309999999999999,0.000646,290687.0,10888200.0
steem,2016-07-27,2.8,2.92,2.64,2.77,448176.0,270869000
stellar,2016-07-27,0.0019379999999999998,0.002016,0.001882,0.0019309999999999998,42518.0,10958500
verge,2016-07-27,2.6000000000000002e-05,3.2e-05,2.5e-05,2.6000000000000002e-05,342.0,316670
bitcoin,2016-07-28,654.49,657.6,654.49,655.03,86428400.0,10328100000
bitshares,2016-07-28,0.004804999999999999,0.005000999999999999,0.00479,0.004907,95720.0,12340800
bytecoin-bcn,2016-07-28,5.4000000000000005e-05,5.9e-05,5.4000000000000005e-05,5.6000000000000006e-05,2672.0,9765840
dash,2016-07-28,9.15,9.35,9.15,9.31,237187.0,60591800
dogecoin,2016-07-28,0.00023500000000000002,0.00023999999999999998,0.000233,0.00023799999999999998,84122.0,24728600
ethereum,2016-07-28,12.98,12.99,12.49,12.84,24603900.0,1069560000.0
ethereum-classic,2016-07-28,1.56,1.92,1.37,1.73,40291300.0,128530000.0
lisk,2016-07-28,0.280569,0.284907,0.265464,0.279725,922646.0,28056900.0
litecoin,2016-07-28,3.97,3.99,3.96,3.97,1728410.0,185791000
monero,2016-07-28,1.94,1.95,1.83,1.85,190937.0,24317300
nem,2016-07-28,0.006626999999999999,0.006706,0.006529999999999999,0.006628,132462.0,59639600
ripple,2016-07-28,0.005973,0.005986,0.005947,0.005974,1264650.0,212328000
siacoin,2016-07-28,0.000644,0.000671,0.000625,0.000656,261200.0,10759700.0
steem,2016-07-28,2.77,2.86,2.67,2.67,273779.0,270744000
stellar,2016-07-28,0.0019309999999999998,0.001986,0.0019010000000000001,0.001948,26246.0,10918200
verge,2016-07-28,2.6000000000000002e-05,3.3e-05,2.6000000000000002e-05,2.6000000000000002e-05,1274.0,322626
bitcoin,2016-07-29,655.11,657.8,654.79,656.99,60703500.0,10338900000
bitshares,2016-07-29,0.004905,0.005152,0.004895,0.004951,139267.0,12597300
bytecoin-bcn,2016-07-29,5.6000000000000006e-05,5.9e-05,5.4000000000000005e-05,5.5e-05,1667.0,10062100
dash,2016-07-29,9.32,9.47,9.3,9.46,212714.0,61710300
dogecoin,2016-07-29,0.00023700000000000001,0.000239,0.00023500000000000002,0.00023799999999999998,98147.0,24952300
ethereum,2016-07-29,12.84,12.87,12.55,12.79,14082300.0,1058220000.0
ethereum-classic,2016-07-29,1.71,1.8,1.55,1.64,20745500.0,140887000.0
lisk,2016-07-29,0.27983800000000003,0.283453,0.266561,0.283074,639088.0,27983800.0
litecoin,2016-07-29,3.97,4.1,3.96,4.08,1744370.0,186270000
monero,2016-07-29,1.85,1.95,1.82,1.89,106495.0,23201700
nem,2016-07-29,0.006626999999999999,0.006657,0.006533,0.006589,65604.0,59642700
ripple,2016-07-29,0.005974,0.006111999999999999,0.0059689999999999995,0.006111,779667.0,212370000
siacoin,2016-07-29,0.000656,0.000674,0.0006519999999999999,0.000663,147683.0,10987900.0
steem,2016-07-29,2.67,2.67,2.17,2.19,550348.0,262823000
stellar,2016-07-29,0.0019489999999999998,0.0020399999999999997,0.001939,0.002013,20761.0,11018800
verge,2016-07-29,2.6000000000000002e-05,3.3e-05,2.6000000000000002e-05,2.6000000000000002e-05,645.0,322177
bitcoin,2016-07-30,657.01,658.22,654.21,655.05,38456100.0,10370100000
bitshares,2016-07-30,0.004951,0.004998,0.004866,0.004915,101706.0,12715700
bytecoin-bcn,2016-07-30,5.5e-05,5.9e-05,5.4000000000000005e-05,5.5e-05,1600.0,9982280
dash,2016-07-30,9.45,9.48,9.19,9.22,275617.0,62575400
dogecoin,2016-07-30,0.00023799999999999998,0.00023999999999999998,0.00023500000000000002,0.000239,58987.0,25030300
ethereum,2016-07-30,12.8,12.8,12.46,12.46,9047810.0,1055410000.0
ethereum-classic,2016-07-30,1.66,1.71,1.55,1.57,10061600.0,136213000.0
lisk,2016-07-30,0.283188,0.287657,0.274773,0.280692,372036.0,28318800.0
litecoin,2016-07-30,4.08,4.09,4.06,4.06,1388580.0,191389000
monero,2016-07-30,1.91,1.94,1.87,1.91,71012.0,23864700
nem,2016-07-30,0.006589,0.00677,0.006559000000000001,0.006726,87991.0,59304900
ripple,2016-07-30,0.006111999999999999,0.006164,0.0061070000000000004,0.006121,442025.0,217281000
siacoin,2016-07-30,0.0006580000000000001,0.000668,0.0006450000000000001,0.000647,82112.0,11048400.0
steem,2016-07-30,2.17,2.58,2.16,2.42,471240.0,215885000
stellar,2016-07-30,0.002013,0.002027,0.001924,0.0019399999999999999,29195.0,11380300
verge,2016-07-30,2.6000000000000002e-05,2.7000000000000002e-05,2.6000000000000002e-05,2.6000000000000002e-05,408.0,321548
bitcoin,2016-07-31,655.1,655.28,624.37,624.68,110818000.0,10340900000
bitshares,2016-07-31,0.004914,0.004928,0.004334,0.004609,325927.0,12622500
bytecoin-bcn,2016-07-31,5.5e-05,5.9e-05,5.1e-05,5.1e-05,3725.0,9897180
dash,2016-07-31,9.18,9.57,9.0,9.51,318887.0,60871400
dogecoin,2016-07-31,0.00023799999999999998,0.000239,0.00022999999999999998,0.00022999999999999998,89187.0,25124700
ethereum,2016-07-31,12.44,12.51,11.55,11.88,25441400.0,1026310000.0
ethereum-classic,2016-07-31,1.57,1.91,1.56,1.8,29167500.0,129265000.0
lisk,2016-07-31,0.28067800000000004,0.28067800000000004,0.26506599999999997,0.26908699999999997,610372.0,28067800.0
litecoin,2016-07-31,4.08,4.08,3.97,4.01,1921460.0,191302000
monero,2016-07-31,1.91,1.94,1.8,1.82,147277.0,23977300
nem,2016-07-31,0.006739,0.006775,0.006534000000000001,0.006658,141660.0,60650100
ripple,2016-07-31,0.006118,0.006122,0.005944,0.005945000000000001,648205.0,217502000
siacoin,2016-07-31,0.000647,0.00065,0.0006230000000000001,0.0006309999999999999,145890.0,10884000.0
steem,2016-07-31,2.46,2.57,2.2,2.31,419088.0,246968000
stellar,2016-07-31,0.0019399999999999999,0.001962,0.001864,0.001916,41971.0,10967500
verge,2016-07-31,2.6000000000000002e-05,3.2e-05,1.9e-05,1.9e-05,1805.0,325186
bitcoin,2016-08-01,624.6,626.12,605.88,606.27,121887000.0,9860620000
bitshares,2016-08-01,0.004594,0.004711,0.004427,0.004427,263186.0,11799400
bytecoin-bcn,2016-08-01,5.1e-05,5.6000000000000006e-05,5e-05,5.5e-05,3127.0,9172440
dash,2016-08-01,9.45,10.48,9.45,9.9,1088710.0,62649200
dogecoin,2016-08-01,0.00022999999999999998,0.000233,0.000223,0.000223,130186.0,24276800
ethereum,2016-08-01,11.89,12.01,10.94,10.94,23999500.0,981735000.0
ethereum-classic,2016-08-01,1.79,2.34,1.78,2.34,45924200.0,147548000.0
lisk,2016-08-01,0.269075,0.269609,0.23620700000000003,0.23620700000000003,948289.0,26907500.0
litecoin,2016-08-01,4.06,4.06,3.86,3.86,1991690.0,190585000
monero,2016-08-01,1.82,1.83,1.69,1.7,170108.0,22827700
nem,2016-08-01,0.006659,0.006692,0.006228,0.006295,228840.0,59935500
ripple,2016-08-01,0.005942,0.005942,0.0059039999999999995,0.005906000000000001,958956.0,211241000
siacoin,2016-08-01,0.000634,0.0006360000000000001,0.000614,0.000614,97674.0,10696300.0
steem,2016-08-01,2.31,2.4,2.08,2.08,351990.0,233635000
stellar,2016-08-01,0.0019149999999999998,0.001956,0.0018739999999999998,0.0018739999999999998,44883.0,10824100
verge,2016-08-01,1.9e-05,2.5e-05,1.9e-05,1.9e-05,552.0,231296
bitcoin,2016-08-02,606.4,612.85,531.33,547.47,330933000.0,9574320000
bitshares,2016-08-02,0.004438,0.004455,0.0038880000000000004,0.004036,332061.0,11401100
bytecoin-bcn,2016-08-02,5.5e-05,5.9999999999999995e-05,4.3e-05,4.4e-05,13510.0,9911570
dash,2016-08-02,10.02,10.24,9.06,9.16,1182910.0,66476200
dogecoin,2016-08-02,0.000223,0.00022799999999999999,0.00020299999999999997,0.000206,225484.0,23500600
ethereum,2016-08-02,10.95,11.14,8.2,8.79,88803300.0,903978000.0
ethereum-classic,2016-08-02,2.36,3.53,2.31,2.76,147855000.0,194318000.0
lisk,2016-08-02,0.241655,0.241829,0.17968599999999998,0.188918,1625750.0,24165500.0
litecoin,2016-08-02,3.87,3.89,3.52,3.64,5039290.0,181673000
monero,2016-08-02,1.7,1.74,1.43,1.49,303492.0,21299600
nem,2016-08-02,0.006278,0.006331,0.004811,0.004997,730517.0,56505200
ripple,2016-08-02,0.005911,0.005933,0.005686,0.00569,1553690.0,210140000
siacoin,2016-08-02,0.000612,0.000621,0.0004940000000000001,0.000509,247423.0,10337000.0
steem,2016-08-02,2.17,2.69,1.93,2.07,1315190.0,221987000
stellar,2016-08-02,0.0018859999999999999,0.001906,0.001693,0.001736,68214.0,10659000
verge,2016-08-02,1.9e-05,2.3e-05,1.6e-05,1.7e-05,384.0,236098
bitcoin,2016-08-03,548.66,573.36,541.55,566.36,207982000.0,8663670000
bitshares,2016-08-03,0.004031,0.004169,0.003952000000000001,0.0041340000000000005,196423.0,10354300
bytecoin-bcn,2016-08-03,4.4e-05,5.3e-05,4.4e-05,4.9e-05,7288.0,8031870
dash,2016-08-03,9.29,9.64,9.11,9.33,719797.0,61646200
dogecoin,2016-08-03,0.00020899999999999998,0.000218,0.000206,0.00021400000000000002,191331.0,22075900
ethereum,2016-08-03,8.88,10.42,8.88,10.29,53979400.0,733204000.0
ethereum-classic,2016-08-03,2.78,3.2,2.36,2.6,74184500.0,228712000.0
lisk,2016-08-03,0.191166,0.239709,0.190651,0.22071,1685460.0,19116600.0
litecoin,2016-08-03,3.64,3.74,3.59,3.72,2875880.0,170828000
monero,2016-08-03,1.49,1.65,1.47,1.57,190375.0,18765200
nem,2016-08-03,0.005039,0.005274,0.004939,0.005146,450543.0,45354300
ripple,2016-08-03,0.005688,0.0057009999999999995,0.00563,0.005646,1570660.0,202199000
siacoin,2016-08-03,0.000515,0.00055,0.000515,0.000533,146329.0,8712740.0
steem,2016-08-03,2.07,2.23,2.01,2.09,296707.0,213191000
stellar,2016-08-03,0.001773,0.001847,0.001755,0.0018039999999999998,74611.0,10022200
verge,2016-08-03,1.7e-05,2.3e-05,1.7e-05,1.8e-05,237.0,207668
bitcoin,2016-08-04,566.33,579.5,565.78,578.29,125292000.0,8943870000
bitshares,2016-08-04,0.0041340000000000005,0.004225,0.003963,0.004159,176395.0,10620500
bytecoin-bcn,2016-08-04,5e-05,5.2000000000000004e-05,4.7e-05,4.8e-05,1649.0,8980010
dash,2016-08-04,9.32,9.55,9.21,9.53,413348.0,61830600
dogecoin,2016-08-04,0.000213,0.000217,0.00021099999999999998,0.000215,143676.0,22441100
ethereum,2016-08-04,10.31,11.29,10.16,11.04,38151400.0,851992000.0
ethereum-classic,2016-08-04,2.59,2.76,2.1,2.34,43516500.0,213375000.0
lisk,2016-08-04,0.219519,0.24611100000000002,0.21942399999999998,0.230607,844272.0,21951900.0
litecoin,2016-08-04,3.71,3.75,3.71,3.75,1593350.0,174289000
monero,2016-08-04,1.57,1.9,1.57,1.85,497557.0,19787700
nem,2016-08-04,0.005151,0.0056549999999999994,0.005151,0.005288,371559.0,46362300
ripple,2016-08-04,0.005646,0.0058200000000000005,0.005644,0.005816,1007960.0,200728000
siacoin,2016-08-04,0.000536,0.0005650000000000001,0.000533,0.0005480000000000001,193820.0,9101370.0
steem,2016-08-04,2.09,2.21,2.01,2.06,213422.0,217720000
stellar,2016-08-04,0.001801,0.0019030000000000002,0.001801,0.0018789999999999998,29099.0,10179800
verge,2016-08-04,1.8e-05,2.5e-05,1.8e-05,2.2e-05,923.0,222823
bitcoin,2016-08-05,578.28,578.28,569.98,575.04,66127900.0,9133690000
bitshares,2016-08-05,0.004174000000000001,0.004194,0.004035,0.004159,124859.0,10723000
bytecoin-bcn,2016-08-05,4.8e-05,5.2000000000000004e-05,4.7e-05,4.7e-05,2490.0,8697500
dash,2016-08-05,9.53,9.83,9.45,9.72,284062.0,63292400
dogecoin,2016-08-05,0.000215,0.00021899999999999998,0.000212,0.000218,123728.0,22650500
ethereum,2016-08-05,11.02,11.18,10.76,10.93,15487900.0,910856000.0
ethereum-classic,2016-08-05,2.35,2.6,2.28,2.59,20254400.0,193412000.0
lisk,2016-08-05,0.23060100000000003,0.23481300000000002,0.22231599999999999,0.22666799999999998,453612.0,23060100.0
litecoin,2016-08-05,3.74,3.74,3.7,3.73,1162030.0,175755000
monero,2016-08-05,1.85,1.86,1.77,1.79,134743.0,23238600
nem,2016-08-05,0.005298,0.005339,0.005167000000000001,0.005282,116694.0,47682700
ripple,2016-08-05,0.005821,0.00645,0.0058130000000000005,0.006447,697388.0,206997000
siacoin,2016-08-05,0.0005480000000000001,0.000566,0.000538,0.00056,150148.0,9318970.0
steem,2016-08-05,2.06,2.13,1.99,2.09,236386.0,216605000
stellar,2016-08-05,0.0018789999999999998,0.001956,0.0018219999999999998,0.0019,69207.0,10622200
verge,2016-08-05,2.2e-05,2.5e-05,1.9e-05,1.9e-05,926.0,276235
bitcoin,2016-08-06,575.03,588.4,569.47,587.78,80797300.0,9083510000
bitshares,2016-08-06,0.004159,0.00456,0.004159,0.004543,201109.0,10686800
bytecoin-bcn,2016-08-06,4.7e-05,9e-05,4.7e-05,5e-05,15264.0,8577750
dash,2016-08-06,9.71,10.71,9.69,10.55,638130.0,64524400
dogecoin,2016-08-06,0.000218,0.000234,0.00021600000000000002,0.000231,278089.0,23032600
ethereum,2016-08-06,10.92,10.94,10.29,10.88,16712600.0,902752000.0
ethereum-classic,2016-08-06,2.59,2.86,2.57,2.7,22874700.0,213044000.0
lisk,2016-08-06,0.22664,0.23446999999999998,0.21957600000000002,0.23188899999999998,464599.0,22664000.0
litecoin,2016-08-06,3.72,3.77,3.7,3.76,1371060.0,174833000
monero,2016-08-06,1.79,1.93,1.74,1.88,268046.0,22548300
nem,2016-08-06,0.0052829999999999995,0.0053549999999999995,0.005108,0.005326,181672.0,47550300
ripple,2016-08-06,0.006448000000000001,0.00656,0.006239,0.006337,2164530.0,229290000
siacoin,2016-08-06,0.00056,0.00056,0.000541,0.000549,81829.0,9546960.0
steem,2016-08-06,2.07,2.09,1.99,2.04,205746.0,218742000
stellar,2016-08-06,0.0019,0.001982,0.0018789999999999998,0.001956,60717.0,10740000
verge,2016-08-06,1.9e-05,2.4e-05,1.7e-05,2.4e-05,177.0,231712
bitcoin,2016-08-07,587.77,597.51,586.82,592.69,82398400.0,9285940000
bitshares,2016-08-07,0.004536,0.004692,0.004449,0.0044859999999999995,172540.0,11655600
bytecoin-bcn,2016-08-07,5e-05,5.7999999999999994e-05,4.9e-05,5.5e-05,10123.0,9128100
dash,2016-08-07,10.59,10.65,10.13,10.35,458848.0,70393200
dogecoin,2016-08-07,0.000231,0.000277,0.000225,0.000264,1567680.0,24396200
ethereum,2016-08-07,10.86,11.09,10.78,10.91,16551000.0,898340000.0
ethereum-classic,2016-08-07,2.7,2.74,2.06,2.15,31153900.0,222683000.0
lisk,2016-08-07,0.23091199999999998,0.24167199999999997,0.216196,0.223336,576337.0,23091200.0
litecoin,2016-08-07,3.76,3.81,3.75,3.78,1335400.0,176649000
monero,2016-08-07,1.88,2.0,1.8,1.9,268531.0,23712300
nem,2016-08-07,0.005326,0.005423,0.004933,0.005018,246072.0,47930600
ripple,2016-08-07,0.006337,0.006337,0.006156,0.006178,1303100.0,225317000
siacoin,2016-08-07,0.0005549999999999999,0.000559,0.000539,0.000542,79723.0,9489600.0
steem,2016-08-07,2.04,2.33,1.92,2.12,409223.0,218224000
stellar,2016-08-07,0.001956,0.00198,0.0018629999999999999,0.001888,18833.0,11058200
verge,2016-08-07,2e-05,2.9999999999999997e-05,1.8e-05,1.9e-05,1313.0,250225
bitcoin,2016-08-08,592.74,592.99,588.05,591.05,61194100.0,9365440000
bitshares,2016-08-08,0.004477,0.004554,0.004365,0.004449,81657.0,11504700
bytecoin-bcn,2016-08-08,5.5e-05,5.7999999999999994e-05,5.3e-05,5.7999999999999994e-05,5486.0,9981070
dash,2016-08-08,10.34,10.51,10.1,10.38,453814.0,68797400
dogecoin,2016-08-08,0.000259,0.000259,0.000233,0.00023700000000000001,600323.0,27356500
ethereum,2016-08-08,10.91,11.33,10.86,11.25,14956700.0,903184000.0
ethereum-classic,2016-08-08,2.16,2.38,2.05,2.19,15781200.0,178435000.0
lisk,2016-08-08,0.223359,0.22812,0.21701700000000002,0.22575900000000002,426308.0,22335900.0
litecoin,2016-08-08,3.77,3.8,3.75,3.79,1379300.0,177444000
monero,2016-08-08,1.9,1.99,1.84,1.9,199176.0,23901200
nem,2016-08-08,0.005004,0.00517,0.004986,0.005006,123853.0,45039100
ripple,2016-08-08,0.0061600000000000005,0.00618,0.006021,0.006027,722628.0,219052000
siacoin,2016-08-08,0.000545,0.000545,0.0005269999999999999,0.000532,84446.0,9335640.0
steem,2016-08-08,2.09,2.19,1.97,2.01,254909.0,225361000
stellar,2016-08-08,0.001887,0.0019100000000000002,0.0018239999999999999,0.001848,26338.0,10669300
verge,2016-08-08,1.9e-05,2.8999999999999997e-05,1.8e-05,2e-05,430.0,234890
bitcoin,2016-08-09,591.04,591.09,584.79,587.8,92228100.0,9339660000
bitshares,2016-08-09,0.00445,0.004503,0.004297,0.004364,139392.0,11434100
bytecoin-bcn,2016-08-09,5.9e-05,5.9999999999999995e-05,5.4000000000000005e-05,5.9999999999999995e-05,6437.0,10603100
dash,2016-08-09,10.35,10.56,10.29,10.3,365466.0,68887400
dogecoin,2016-08-09,0.000233,0.000241,0.000231,0.00023700000000000001,302290.0,24557700
ethereum,2016-08-09,11.27,12.45,11.2,12.24,36656600.0,933431000.0
ethereum-classic,2016-08-09,2.17,2.22,1.79,1.95,23612300.0,179978000.0
lisk,2016-08-09,0.22576100000000002,0.23093899999999998,0.21851199999999998,0.22551100000000002,573920.0,22576100.0
litecoin,2016-08-09,3.78,3.78,3.74,3.76,1878160.0,177889000
monero,2016-08-09,1.9,2.05,1.89,2.05,245059.0,23990400
nem,2016-08-09,0.005006,0.006043,0.004925,0.005501,627845.0,45057700
ripple,2016-08-09,0.006027,0.006181,0.0060030000000000005,0.006163,1105300.0,214298000
siacoin,2016-08-09,0.000532,0.000539,0.0005099999999999999,0.0005099999999999999,126176.0,9119760.0
steem,2016-08-09,2.0,2.04,1.77,1.8,399471.0,217081000
stellar,2016-08-09,0.001849,0.001893,0.001841,0.001871,24533.0,10450600
verge,2016-08-09,2e-05,2.7000000000000002e-05,1.8e-05,1.8e-05,314.0,251670
bitcoin,2016-08-10,587.65,599.98,586.37,592.1,102905000.0,9286960000
bitshares,2016-08-10,0.004368,0.0047020000000000005,0.004333,0.0045520000000000005,160149.0,11224000
bytecoin-bcn,2016-08-10,5.9e-05,6.1e-05,5.5e-05,5.5e-05,4325.0,10745000
dash,2016-08-10,10.32,10.51,10.23,10.44,357513.0,68670400
dogecoin,2016-08-10,0.00023999999999999998,0.00024900000000000004,0.00023500000000000002,0.000239,263827.0,25280700
ethereum,2016-08-10,12.23,12.46,11.98,12.14,28096300.0,1012910000.0
ethereum-classic,2016-08-10,1.94,2.04,1.64,1.71,20082200.0,160983000.0
lisk,2016-08-10,0.225171,0.284758,0.22289099999999998,0.26317199999999996,1901840.0,22517100.0
litecoin,2016-08-10,3.76,3.81,3.72,3.72,1656370.0,176955000
monero,2016-08-10,2.05,2.05,1.95,2.01,210706.0,25834000
nem,2016-08-10,0.0054399999999999995,0.00596,0.005435,0.005549,339475.0,48959600
ripple,2016-08-10,0.006147,0.006221,0.006109000000000001,0.006194,865808.0,218562000
siacoin,2016-08-10,0.000513,0.000518,0.0004969999999999999,0.000502,147918.0,8819540.0
steem,2016-08-10,1.8,1.87,1.51,1.55,330841.0,197118000
stellar,2016-08-10,0.001871,0.001934,0.001861,0.0018920000000000002,34674.0,10574400
verge,2016-08-10,1.8e-05,2.4e-05,1.8e-05,2.1e-05,579.0,226585
bitcoin,2016-08-11,592.12,597.54,589.12,589.12,74514400.0,9358770000
bitshares,2016-08-11,0.004539,0.0046429999999999996,0.004497999999999999,0.004543,108301.0,11665000
bytecoin-bcn,2016-08-11,5.5e-05,5.9999999999999995e-05,5.1e-05,5.9999999999999995e-05,3047.0,9978410
dash,2016-08-11,10.44,11.22,10.4,11.08,534511.0,69495500
dogecoin,2016-08-11,0.000242,0.00024300000000000002,0.00023500000000000002,0.00023500000000000002,190175.0,25539400
ethereum,2016-08-11,12.14,12.27,11.63,11.69,17505000.0,1005720000.0
ethereum-classic,2016-08-11,1.72,1.96,1.59,1.85,17263000.0,142268000.0
lisk,2016-08-11,0.261966,0.275339,0.234129,0.24665700000000002,820562.0,26196600.0
litecoin,2016-08-11,3.72,3.75,3.64,3.74,2374230.0,174921000
monero,2016-08-11,2.02,2.05,1.9,1.98,129604.0,25436700
nem,2016-08-11,0.00555,0.005847,0.005526,0.005666,130541.0,49947700
ripple,2016-08-11,0.006196,0.006217,0.006162,0.006189,407711.0,220318000
siacoin,2016-08-11,0.000503,0.000584,0.000503,0.000559,269640.0,8651150.0
steem,2016-08-11,1.59,1.68,1.48,1.49,299620.0,175662000
stellar,2016-08-11,0.0018899999999999998,0.0019140000000000001,0.001866,0.001889,24310.0,10683700
verge,2016-08-11,2.1e-05,2.5e-05,1.8e-05,1.8e-05,815.0,260599
bitcoin,2016-08-12,588.8,589.91,583.81,587.56,69218000.0,9307250000
bitshares,2016-08-12,0.004548,0.004614,0.004409000000000001,0.004614,152836.0,11689100
bytecoin-bcn,2016-08-12,5.6999999999999996e-05,5.9999999999999995e-05,5.3e-05,5.4000000000000005e-05,3533.0,10296500
dash,2016-08-12,11.09,12.86,10.77,12.59,2030400.0,73849400
dogecoin,2016-08-12,0.00023799999999999998,0.00023999999999999998,0.000234,0.000239,136558.0,25172100
ethereum,2016-08-12,11.69,12.04,11.64,11.78,13690100.0,968865000.0
ethereum-classic,2016-08-12,1.84,2.09,1.8,1.85,15418800.0,152797000.0
lisk,2016-08-12,0.245975,0.263524,0.23400700000000002,0.251822,660290.0,24597500.0
litecoin,2016-08-12,3.74,3.75,3.69,3.71,2025430.0,175966000
monero,2016-08-12,1.98,1.99,1.89,1.95,122922.0,24956600
nem,2016-08-12,0.005678,0.007088,0.0056689999999999996,0.006686,782251.0,51100000
ripple,2016-08-12,0.006188,0.006189,0.006101,0.006123,646843.0,220047000
siacoin,2016-08-12,0.000559,0.0005650000000000001,0.000518,0.000519,101781.0,9639410.0
steem,2016-08-12,1.48,1.59,1.34,1.4,357417.0,165057000
stellar,2016-08-12,0.001889,0.001893,0.001715,0.001831,75248.0,10676200
verge,2016-08-12,1.8e-05,2.4e-05,1.8e-05,2e-05,272.0,225177
bitcoin,2016-08-13,587.36,589.77,584.98,585.59,43563000.0,9285530000
bitshares,2016-08-13,0.004622,0.005443,0.0045899999999999995,0.005058,1470630.0,11878900
bytecoin-bcn,2016-08-13,5.4000000000000005e-05,6.2e-05,5.3e-05,6.2e-05,6229.0,9824290
dash,2016-08-13,12.56,13.61,12.09,12.91,1847650.0,83697900
dogecoin,2016-08-13,0.00023999999999999998,0.000241,0.00023700000000000001,0.000239,98769.0,25290800
ethereum,2016-08-13,11.77,11.79,11.51,11.57,7539490.0,975999000.0
ethereum-classic,2016-08-13,1.86,1.93,1.82,1.87,3822490.0,153918000.0
lisk,2016-08-13,0.25111999999999995,0.26411,0.24950300000000003,0.258177,405034.0,25112000.0
litecoin,2016-08-13,3.71,3.75,3.68,3.71,2473190.0,174620000
monero,2016-08-13,1.95,2.02,1.93,1.98,123245.0,24686400
nem,2016-08-13,0.006756,0.006972,0.00633,0.006562,321962.0,60806800
ripple,2016-08-13,0.0061189999999999994,0.006141,0.0060799999999999995,0.006092,602600.0,217594000
siacoin,2016-08-13,0.000519,0.000541,0.000515,0.000518,57457.0,8964060.0
steem,2016-08-13,1.42,1.64,1.36,1.59,342685.0,158633000
stellar,2016-08-13,0.001831,0.002114,0.0018100000000000002,0.002038,224229.0,10350300
verge,2016-08-13,2e-05,2.4e-05,1.8e-05,1.8e-05,1266.0,245732
bitcoin,2016-08-14,585.59,585.67,564.78,570.47,60851100.0,9258730000
bitshares,2016-08-14,0.005063000000000001,0.005246,0.004918,0.004979,250426.0,13012000
bytecoin-bcn,2016-08-14,6.2e-05,6.3e-05,5.4000000000000005e-05,5.7999999999999994e-05,9073.0,11270000
dash,2016-08-14,12.82,15.05,12.74,14.48,3708120.0,85451600
dogecoin,2016-08-14,0.000239,0.000252,0.000236,0.000245,405881.0,25229000
ethereum,2016-08-14,11.58,11.69,11.1,11.19,8680160.0,960855000.0
ethereum-classic,2016-08-14,1.87,1.98,1.87,1.93,6985300.0,154946000.0
lisk,2016-08-14,0.25751999999999997,0.258682,0.23488299999999998,0.23917399999999997,320443.0,25752000.0
litecoin,2016-08-14,3.72,3.72,3.61,3.65,2655030.0,175008000
monero,2016-08-14,1.98,2.09,1.88,2.01,396280.0,25091800
nem,2016-08-14,0.00657,0.006735,0.006254,0.0064930000000000005,297574.0,59133000
ripple,2016-08-14,0.006092,0.006093,0.005968,0.005994,499048.0,216630000
siacoin,2016-08-14,0.000518,0.000524,0.0004969999999999999,0.0005059999999999999,86652.0,8976860.0
steem,2016-08-14,1.59,1.63,1.45,1.47,175338.0,180246000
stellar,2016-08-14,0.002042,0.002144,0.001957,0.0020050000000000003,109736.0,11542600
verge,2016-08-14,1.8e-05,2.3e-05,1.7e-05,1.7e-05,252.0,220091
bitcoin,2016-08-15,570.49,573.58,563.24,567.24,57262300.0,9021180000
bitshares,2016-08-15,0.0049770000000000005,0.005018,0.004755,0.004787,248746.0,12793500
bytecoin-bcn,2016-08-15,5.7999999999999994e-05,5.9e-05,5e-05,5.5e-05,3522.0,10565300
dash,2016-08-15,14.52,14.94,12.6,13.3,3240540.0,96808800
dogecoin,2016-08-15,0.000248,0.00025,0.00023500000000000002,0.00023799999999999998,355769.0,26215500
ethereum,2016-08-15,11.2,11.31,11.0,11.22,7500840.0,929558000.0
ethereum-classic,2016-08-15,1.93,2.0,1.83,1.86,7282060.0,159898000.0
lisk,2016-08-15,0.239258,0.260601,0.238565,0.255094,491626.0,23925800.0
litecoin,2016-08-15,3.65,3.68,3.57,3.58,3314040.0,171883000
monero,2016-08-15,2.01,2.2,1.98,2.18,849798.0,25383800
nem,2016-08-15,0.006490000000000001,0.006576,0.0063170000000000006,0.006351,172606.0,58406800
ripple,2016-08-15,0.005993,0.006062,0.0059689999999999995,0.006045,488337.0,213098000
siacoin,2016-08-15,0.000505,0.000513,0.0004940000000000001,0.000499,46133.0,8771760.0
steem,2016-08-15,1.46,1.54,1.43,1.47,215974.0,166091000
stellar,2016-08-15,0.001997,0.002066,0.001978,0.002019,73171.0,11289700
verge,2016-08-15,1.7e-05,2.6000000000000002e-05,1.7e-05,1.8e-05,251.0,215489
bitcoin,2016-08-16,567.24,581.74,566.72,577.44,58405200.0,8970770000
bitshares,2016-08-16,0.004787,0.00512,0.004787,0.005065999999999999,127300.0,12303300
bytecoin-bcn,2016-08-16,5.5e-05,5.6000000000000006e-05,5e-05,5.2000000000000004e-05,1925.0,9885390
dash,2016-08-16,13.23,13.32,11.48,12.87,2724180.0,88224700
dogecoin,2016-08-16,0.000242,0.000263,0.00023500000000000002,0.000258,707776.0,25588100
ethereum,2016-08-16,11.23,11.24,11.0,11.14,7051510.0,932162000.0
ethereum-classic,2016-08-16,1.87,1.9,1.8,1.86,4062150.0,154786000.0
lisk,2016-08-16,0.255159,0.26283,0.25342,0.25492800000000004,367910.0,25515900.0
litecoin,2016-08-16,3.59,3.65,3.58,3.64,2302180.0,168951000
monero,2016-08-16,2.18,2.27,2.08,2.2,760398.0,27615300
nem,2016-08-16,0.006281,0.006370000000000001,0.006043,0.006193,144676.0,56531000
ripple,2016-08-16,0.006045,0.006188,0.00603,0.00614,1249860.0,214957000
siacoin,2016-08-16,0.000499,0.0005099999999999999,0.0004940000000000001,0.000502,29070.0,8685080.0
steem,2016-08-16,1.48,1.52,1.37,1.39,218341.0,170316000
stellar,2016-08-16,0.002022,0.002062,0.0019440000000000002,0.002016,35420.0,11430500
verge,2016-08-16,1.8e-05,2.3e-05,1.7e-05,1.7e-05,4586.0,219274
bitcoin,2016-08-17,577.76,580.89,571.43,573.22,54443000.0,9138030000
bitshares,2016-08-17,0.005067,0.005967,0.005067,0.005763,1262250.0,13023900
bytecoin-bcn,2016-08-17,5.2000000000000004e-05,5.6000000000000006e-05,5.2000000000000004e-05,5.2000000000000004e-05,1387.0,9356610
dash,2016-08-17,12.91,13.05,12.25,12.55,1054880.0,86139000
dogecoin,2016-08-17,0.000263,0.000263,0.00024300000000000002,0.00024700000000000004,312708.0,27742800
ethereum,2016-08-17,11.13,11.15,10.75,10.75,8833760.0,924591000.0
ethereum-classic,2016-08-17,1.86,1.87,1.72,1.74,5087980.0,154458000.0
lisk,2016-08-17,0.255986,0.274629,0.254772,0.268315,534461.0,25598600.0
litecoin,2016-08-17,3.65,3.65,3.59,3.6,1830120.0,171832000
monero,2016-08-17,2.2,2.29,2.13,2.24,449444.0,27893300
nem,2016-08-17,0.006214,0.006389,0.00617,0.006254,77010.0,55927500
ripple,2016-08-17,0.006144,0.006157999999999999,0.006099,0.006109000000000001,1352830.0,218481000
siacoin,2016-08-17,0.000502,0.0005139999999999999,0.0004980000000000001,0.0005,37205.0,8749990.0
steem,2016-08-17,1.39,1.76,1.38,1.55,533559.0,161015000
stellar,2016-08-17,0.002016,0.00202,0.0019440000000000002,0.001993,26694.0,11399300
verge,2016-08-17,1.7e-05,2.4e-05,1.7e-05,1.8e-05,951.0,215670
bitcoin,2016-08-18,573.71,577.79,573.43,574.32,59896600.0,9074760000
bitshares,2016-08-18,0.00576,0.0058200000000000005,0.005579,0.005745,428100.0,14805700
bytecoin-bcn,2016-08-18,5.2000000000000004e-05,5.6000000000000006e-05,5.2000000000000004e-05,5.2000000000000004e-05,720.0,9435910
dash,2016-08-18,12.45,14.18,12.45,13.86,2019880.0,83107600
dogecoin,2016-08-18,0.00024700000000000004,0.000252,0.000241,0.00024700000000000004,170275.0,26118200
ethereum,2016-08-18,10.75,11.01,10.74,10.76,6935800.0,892903000.0
ethereum-classic,2016-08-18,1.74,1.78,1.65,1.69,4469650.0,144697000.0
lisk,2016-08-18,0.268203,0.32719899999999996,0.266977,0.30338200000000004,2061090.0,26820300.0
litecoin,2016-08-18,3.6,3.64,3.6,3.61,1645410.0,169884000
monero,2016-08-18,2.24,2.26,2.15,2.19,381203.0,28372900
nem,2016-08-18,0.006253,0.006670999999999999,0.006253,0.006414,155516.0,56279200
ripple,2016-08-18,0.0061,0.006123,0.006044,0.006122,1080170.0,216891000
siacoin,2016-08-18,0.000499,0.000533,0.000499,0.000522,72095.0,8724490.0
steem,2016-08-18,1.55,1.58,1.44,1.49,215321.0,181196000
stellar,2016-08-18,0.001997,0.002013,0.00196,0.0019760000000000003,19780.0,11290300
verge,2016-08-18,1.8e-05,2.8999999999999997e-05,1.8e-05,2.3e-05,2278.0,226536
bitcoin,2016-08-19,574.34,578.24,574.18,575.63,50631600.0,9085820000
bitshares,2016-08-19,0.005742000000000001,0.005748,0.0054789999999999995,0.0055130000000000005,240016.0,14761400
bytecoin-bcn,2016-08-19,5.2000000000000004e-05,5.6000000000000006e-05,5.1e-05,5.2000000000000004e-05,1295.0,9341910
dash,2016-08-19,13.83,14.83,13.3,13.78,2879380.0,92310700
dogecoin,2016-08-19,0.00024700000000000004,0.00024700000000000004,0.00023199999999999997,0.000233,311444.0,26120200
ethereum,2016-08-19,10.75,10.8,10.73,10.75,5390850.0,893156000.0
ethereum-classic,2016-08-19,1.68,1.81,1.61,1.79,6186480.0,139926000.0
lisk,2016-08-19,0.302657,0.327331,0.287348,0.295615,1353530.0,30265700.0
litecoin,2016-08-19,3.61,3.62,3.6,3.6,1433570.0,170319000
monero,2016-08-19,2.19,2.34,2.18,2.3,313760.0,27739300
nem,2016-08-19,0.0064150000000000006,0.006933,0.0064150000000000006,0.006836,159428.0,57736600
ripple,2016-08-19,0.0061200000000000004,0.0061990000000000005,0.006093,0.0061189999999999994,1356390.0,217641000
siacoin,2016-08-19,0.000522,0.000524,0.000502,0.000512,57517.0,9139610.0
steem,2016-08-19,1.49,1.56,1.41,1.48,254769.0,175531000
stellar,2016-08-19,0.0019760000000000003,0.001984,0.0019309999999999998,0.001963,17689.0,11171700
verge,2016-08-19,2.3e-05,2.8999999999999997e-05,1.8e-05,1.8e-05,899.0,285846
bitcoin,2016-08-20,576.08,582.82,575.46,581.7,45301400.0,9114500000
bitshares,2016-08-20,0.0055130000000000005,0.005919,0.005487,0.0057729999999999995,226026.0,14173000
bytecoin-bcn,2016-08-20,5.2000000000000004e-05,5.7999999999999994e-05,5.2000000000000004e-05,5.2000000000000004e-05,2796.0,9344200
dash,2016-08-20,13.75,14.09,12.93,13.1,1451660.0,91807800
dogecoin,2016-08-20,0.000236,0.000241,0.00023199999999999997,0.00023799999999999998,167039.0,24949200
ethereum,2016-08-20,10.75,11.3,10.75,11.25,7443540.0,893814000.0
ethereum-classic,2016-08-20,1.78,1.78,1.68,1.74,3315060.0,147957000.0
lisk,2016-08-20,0.29649200000000003,0.30756100000000003,0.280679,0.284063,571840.0,29649200.0
litecoin,2016-08-20,3.61,3.63,3.6,3.62,1642330.0,170236000
monero,2016-08-20,2.3,2.55,2.28,2.44,1869560.0,29221300
nem,2016-08-20,0.006834999999999999,0.0068390000000000005,0.0063100000000000005,0.006537,104600.0,61519400
ripple,2016-08-20,0.0061259999999999995,0.006148,0.006085,0.006114,399635.0,217849000
siacoin,2016-08-20,0.0005110000000000001,0.000517,0.000504,0.000512,41105.0,8975280.0
steem,2016-08-20,1.48,1.48,1.42,1.44,129005.0,175835000
stellar,2016-08-20,0.00197,0.001972,0.001898,0.00193,21147.0,11135900
verge,2016-08-20,1.8e-05,2.8999999999999997e-05,1.8e-05,2.3e-05,466.0,224764
bitcoin,2016-08-21,581.94,584.16,580.22,581.31,38299400.0,9208210000
bitshares,2016-08-21,0.005777,0.005946,0.005639,0.005796,248641.0,14853500
bytecoin-bcn,2016-08-21,5.2000000000000004e-05,5.7999999999999994e-05,5.2000000000000004e-05,5.2000000000000004e-05,1442.0,9480060
dash,2016-08-21,13.09,13.69,12.97,13.41,1177950.0,87463500
dogecoin,2016-08-21,0.00023799999999999998,0.000239,0.00023199999999999997,0.00023199999999999997,121065.0,25164200
ethereum,2016-08-21,11.25,11.25,10.99,11.18,4355660.0,936015000.0
ethereum-classic,2016-08-21,1.75,1.77,1.7,1.72,1866780.0,145110000.0
lisk,2016-08-21,0.283969,0.319193,0.27768899999999996,0.311191,709913.0,28396900.0
litecoin,2016-08-21,3.62,3.63,3.6,3.62,1321380.0,170829000
monero,2016-08-21,2.44,2.6,2.4,2.54,790717.0,30968100
nem,2016-08-21,0.006495,0.006606999999999999,0.006222,0.006325,85870.0,58457900
ripple,2016-08-21,0.006116,0.006117,0.006012,0.006052,411952.0,217500000
siacoin,2016-08-21,0.000512,0.000517,0.000505,0.0005059999999999999,23553.0,9002800.0
steem,2016-08-21,1.44,1.5,1.39,1.42,199210.0,171757000
stellar,2016-08-21,0.00193,0.001954,0.0019,0.0019079999999999998,17520.0,10909800
verge,2016-08-21,2.3e-05,2.8999999999999997e-05,1.7e-05,2.3e-05,523.0,289759
bitcoin,2016-08-22,581.31,588.45,580.59,586.75,72844000.0,9199410000
bitshares,2016-08-22,0.0058119999999999995,0.0059700000000000005,0.005749,0.005832,283248.0,14942500
bytecoin-bcn,2016-08-22,5.2000000000000004e-05,5.7999999999999994e-05,4.7e-05,5.3e-05,6086.0,9412360
dash,2016-08-22,13.41,14.45,13.41,14.21,1409370.0,89571100
dogecoin,2016-08-22,0.00023500000000000002,0.00023799999999999998,0.00022200000000000003,0.000229,375078.0,24786100
ethereum,2016-08-22,11.19,11.34,11.07,11.12,6588920.0,930708000.0
ethereum-classic,2016-08-22,1.73,1.74,1.62,1.67,4757220.0,143596000.0
lisk,2016-08-22,0.314687,0.315035,0.275683,0.28883200000000003,853216.0,31468700.0
litecoin,2016-08-22,3.62,3.66,3.6,3.66,2685030.0,170790000
monero,2016-08-22,2.53,5.23,2.53,3.99,18149400.0,32141200
nem,2016-08-22,0.006331,0.00643,0.006155,0.006214,111892.0,56980200
ripple,2016-08-22,0.006055,0.006072,0.005883,0.006,686434.0,215346000
siacoin,2016-08-22,0.0005070000000000001,0.0005099999999999999,0.000475,0.000493,85889.0,8922560.0
steem,2016-08-22,1.42,1.44,1.32,1.33,202850.0,170846000
stellar,2016-08-22,0.0019100000000000002,0.001956,0.0018989999999999999,0.0019190000000000001,13561.0,10798700
verge,2016-08-22,2.3e-05,2.8999999999999997e-05,1.7e-05,1.8e-05,472.0,289448
bitcoin,2016-08-23,586.77,589.47,581.63,583.41,85349200.0,9286930000
bitshares,2016-08-23,0.005834000000000001,0.005845,0.0053,0.005439,321798.0,15001600
bytecoin-bcn,2016-08-23,5.3e-05,5.7999999999999994e-05,4.6e-05,5.2000000000000004e-05,8266.0,9548650
dash,2016-08-23,14.35,14.35,12.63,13.42,1404690.0,95908200
dogecoin,2016-08-23,0.000229,0.000234,0.00022200000000000003,0.000227,331014.0,24212000
ethereum,2016-08-23,11.14,11.23,10.9,11.03,6489380.0,927065000.0
ethereum-classic,2016-08-23,1.67,1.68,1.56,1.6,6292880.0,139367000.0
lisk,2016-08-23,0.286723,0.293268,0.249138,0.273221,1423260.0,28672300.0
litecoin,2016-08-23,3.66,4.01,3.66,3.93,12154100.0,173066000
monero,2016-08-23,4.03,5.32,4.0,4.72,21058200.0,51189700
nem,2016-08-23,0.006185,0.006268,0.005441,0.005559000000000001,195676.0,55667600
ripple,2016-08-23,0.006002,0.0060539999999999995,0.00596,0.006019,979256.0,213430000
siacoin,2016-08-23,0.000493,0.0005,0.00046699999999999997,0.00046699999999999997,90180.0,8691250.0
steem,2016-08-23,1.33,1.33,1.11,1.16,277370.0,161323000
stellar,2016-08-23,0.001924,0.001941,0.0018780000000000001,0.0018780000000000001,16207.0,10874100
verge,2016-08-23,1.8e-05,2.8000000000000003e-05,1.8e-05,1.8e-05,293.0,222636
bitcoin,2016-08-24,583.41,583.59,579.86,580.18,56328200.0,9234800000
bitshares,2016-08-24,0.005431,0.005474000000000001,0.005311,0.005354,131549.0,13964800
bytecoin-bcn,2016-08-24,5.2000000000000004e-05,5.7999999999999994e-05,5.2000000000000004e-05,5.2000000000000004e-05,2597.0,9479430
dash,2016-08-24,13.49,13.62,12.95,13.28,797964.0,90187900
dogecoin,2016-08-24,0.000227,0.00023500000000000002,0.00022400000000000002,0.000231,225706.0,24028800
ethereum,2016-08-24,11.02,11.15,11.01,11.04,4423420.0,918039000.0
ethereum-classic,2016-08-24,1.61,1.64,1.44,1.44,6191350.0,133732000.0
lisk,2016-08-24,0.270852,0.283418,0.25951399999999997,0.262965,760046.0,27085200.0
litecoin,2016-08-24,3.93,3.95,3.84,3.86,4425210.0,185610000
monero,2016-08-24,4.66,5.07,4.36,4.42,6796020.0,59342000
nem,2016-08-24,0.00562,0.0057740000000000005,0.005529999999999999,0.005764,68332.0,50575500
ripple,2016-08-24,0.0060149999999999995,0.006059,0.005989,0.006052,1118660.0,213912000
siacoin,2016-08-24,0.000468,0.000472,0.00044,0.000454,153027.0,8272870.0
steem,2016-08-24,1.17,1.19,1.06,1.13,187072.0,142324000
stellar,2016-08-24,0.0018780000000000001,0.001912,0.001866,0.001888,6614.0,10614500
verge,2016-08-24,1.8e-05,2.3e-05,1.8e-05,1.8e-05,197.0,221808
bitcoin,2016-08-25,580.18,580.45,575.17,577.76,136130000.0,9184700000
bitshares,2016-08-25,0.005344,0.005834000000000001,0.005342,0.00576,212297.0,13743300
bytecoin-bcn,2016-08-25,5.2000000000000004e-05,5.6000000000000006e-05,4.6e-05,4.6e-05,5118.0,9440090
dash,2016-08-25,13.31,13.45,12.3,12.31,935742.0,89033500
dogecoin,2016-08-25,0.000231,0.00023500000000000002,0.000225,0.000229,151207.0,24429700
ethereum,2016-08-25,11.03,11.39,11.02,11.36,8552380.0,918977000.0
ethereum-classic,2016-08-25,1.44,1.45,1.26,1.37,9500860.0,120071000.0
lisk,2016-08-25,0.26300300000000004,0.26727,0.254714,0.258311,466409.0,26300300.0
litecoin,2016-08-25,3.86,3.87,3.78,3.8,3206370.0,182248000
monero,2016-08-25,4.46,4.51,3.73,4.15,7337870.0,56851200
nem,2016-08-25,0.005758,0.006045,0.005703,0.005867,132621.0,51825000
ripple,2016-08-25,0.0060490000000000006,0.006085,0.006028,0.006079,716326.0,215106000
siacoin,2016-08-25,0.000454,0.00045599999999999997,0.00043200000000000004,0.00044100000000000004,52423.0,8038230.0
steem,2016-08-25,1.12,1.13,0.9753,0.9753,241623.0,137150000
stellar,2016-08-25,0.001889,0.001893,0.001861,0.0018739999999999998,10012.0,10676800
verge,2016-08-25,1.8e-05,2.2e-05,1.7e-05,1.8e-05,91.0,218960
bitcoin,2016-08-26,577.75,580.62,576.86,579.65,48856800.0,9147170000
bitshares,2016-08-26,0.005738,0.005772,0.005561,0.005674,140419.0,14756400
bytecoin-bcn,2016-08-26,4.6e-05,5.2000000000000004e-05,4.6e-05,5e-05,932.0,8400480
dash,2016-08-26,12.29,12.86,11.96,12.74,736721.0,82202600
dogecoin,2016-08-26,0.00022799999999999999,0.000233,0.000227,0.000231,139823.0,24087000
ethereum,2016-08-26,11.35,11.45,11.21,11.3,5857850.0,946092000.0
ethereum-classic,2016-08-26,1.37,1.47,1.31,1.44,6251250.0,114207000.0
lisk,2016-08-26,0.25827100000000003,0.275373,0.255627,0.267094,499319.0,25827100.0
litecoin,2016-08-26,3.8,3.85,3.79,3.83,2392690.0,179722000
monero,2016-08-26,4.13,4.62,4.09,4.18,6023340.0,52650700
nem,2016-08-26,0.005886,0.006129,0.005854,0.0058579999999999995,93546.0,52973900
ripple,2016-08-26,0.006083,0.006097,0.006019,0.00603,578722.0,216329000
siacoin,2016-08-26,0.00044100000000000004,0.000488,0.000424,0.00047000000000000004,140121.0,7826260.0
steem,2016-08-26,0.978825,1.02,0.911641,0.9300360000000001,279220.0,121274000
stellar,2016-08-26,0.0018559999999999998,0.001936,0.001854,0.001888,49643.0,10494800
verge,2016-08-26,1.8e-05,1.8e-05,1.8e-05,1.8e-05,46.0,220054
bitcoin,2016-08-27,579.45,579.85,568.63,569.95,59698300.0,9174990000
bitshares,2016-08-27,0.005705,0.005705,0.005408,0.005408,113255.0,14671600
bytecoin-bcn,2016-08-27,4.6e-05,5e-05,4.1e-05,4.6e-05,2651.0,8426620
dash,2016-08-27,12.75,12.86,12.33,12.57,2547960.0,85354600
dogecoin,2016-08-27,0.000231,0.000231,0.00022400000000000002,0.00022400000000000002,93230.0,24463300
ethereum,2016-08-27,11.29,11.29,11.14,11.15,15108400.0,941585000.0
ethereum-classic,2016-08-27,1.44,1.46,1.35,1.35,3494870.0,119989000.0
lisk,2016-08-27,0.267362,0.271405,0.259954,0.260085,390922.0,26736200.0
litecoin,2016-08-27,3.82,3.83,3.73,3.74,6505780.0,180864000
monero,2016-08-27,4.25,5.3,4.21,5.3,8004280.0,54133400
nem,2016-08-27,0.0058579999999999995,0.0058590000000000005,0.005508,0.005711,170161.0,52722200
ripple,2016-08-27,0.006018,0.0060420000000000005,0.005971,0.005975,233262.0,214005000
siacoin,2016-08-27,0.000462,0.00049,0.000449,0.000449,79158.0,8212710.0
steem,2016-08-27,0.925003,0.957126,0.8358030000000001,0.867134,199784.0,115538000
stellar,2016-08-27,0.001888,0.001913,0.0018440000000000002,0.0018620000000000002,16953.0,10675300
verge,2016-08-27,1.8e-05,2.3e-05,1.7e-05,1.7e-05,101.0,219250
bitcoin,2016-08-28,569.83,574.04,569.74,573.91,86301600.0,9023610000
bitshares,2016-08-28,0.005392,0.0055780000000000005,0.005253,0.005327,206225.0,13869300
bytecoin-bcn,2016-08-28,4.6e-05,5.1e-05,4.1e-05,4.6e-05,2848.0,8321470
dash,2016-08-28,12.59,12.8,12.19,12.42,932715.0,84279100
dogecoin,2016-08-28,0.000226,0.00022999999999999998,0.00022,0.000229,240313.0,23913900
ethereum,2016-08-28,11.15,11.15,10.92,10.93,5303040.0,929690000.0
ethereum-classic,2016-08-28,1.35,1.36,1.29,1.32,4837510.0,112287000.0
lisk,2016-08-28,0.262736,0.263787,0.24895799999999998,0.258404,443494.0,26273600.0
litecoin,2016-08-28,3.74,3.76,3.73,3.74,2380150.0,176715000
monero,2016-08-28,5.3,9.51,5.09,9.51,49325800.0,67611100
nem,2016-08-28,0.00571,0.006038,0.005542,0.005945000000000001,240770.0,51394100
ripple,2016-08-28,0.005974,0.006000999999999999,0.005954999999999999,0.005963,592108.0,212447000
siacoin,2016-08-28,0.000449,0.00046399999999999995,0.00044,0.000443,76341.0,7998430.0
steem,2016-08-28,0.8661139999999999,0.877229,0.77473,0.784111,148232.0,109168000
stellar,2016-08-28,0.001861,0.001882,0.001743,0.001808,47598.0,10520700
verge,2016-08-28,1.7e-05,2.3e-05,1.7e-05,1.7e-05,365.0,215468
bitcoin,2016-08-29,574.07,576.28,573.47,574.11,110398000.0,9091830000
bitshares,2016-08-29,0.005324000000000001,0.007509,0.005303,0.007305,2569250.0,13694100
bytecoin-bcn,2016-08-29,4.6e-05,6.9e-05,4.6e-05,5.2000000000000004e-05,20017.0,8359670
dash,2016-08-29,12.36,12.79,10.91,11.68,1761660.0,82747200
dogecoin,2016-08-29,0.000227,0.00022999999999999998,0.00022,0.000225,217469.0,24018800
ethereum,2016-08-29,10.92,11.15,10.79,10.98,8130540.0,910698000.0
ethereum-classic,2016-08-29,1.32,1.34,1.23,1.26,6289800.0,109994000.0
lisk,2016-08-29,0.25713,0.268801,0.249092,0.267988,513229.0,25713000.0
litecoin,2016-08-29,3.74,3.79,3.74,3.76,2610000.0,176842000
monero,2016-08-29,9.35,10.69,8.07,8.5,46191400.0,119391000
nem,2016-08-29,0.005927,0.006012,0.005779,0.005828,118219.0,53338500
ripple,2016-08-29,0.005961,0.00614,0.005938000000000001,0.006131,1527760.0,211999000
siacoin,2016-08-29,0.000442,0.000465,0.000442,0.00044800000000000005,102034.0,7895520.0
steem,2016-08-29,0.784101,1.2,0.707396,1.06,639514.0,99578900
stellar,2016-08-29,0.001819,0.001877,0.001786,0.00183,29491.0,10283500
verge,2016-08-29,1.7e-05,2.8999999999999997e-05,1.7e-05,2.3e-05,948.0,216950
bitcoin,2016-08-30,574.11,578.36,574.11,577.5,70342400.0,9093530000
bitshares,2016-08-30,0.00719,0.007567,0.006248,0.006447,1366360.0,18496600
bytecoin-bcn,2016-08-30,5.6999999999999996e-05,5.7999999999999994e-05,5.2000000000000004e-05,5.2000000000000004e-05,4574.0,10332800
dash,2016-08-30,11.65,11.9,11.43,11.77,761521.0,78030000
dogecoin,2016-08-30,0.00022400000000000002,0.000234,0.000223,0.000233,242014.0,23651600
ethereum,2016-08-30,10.99,11.3,10.96,11.23,7221260.0,917474000.0
ethereum-classic,2016-08-30,1.26,1.31,1.15,1.24,6984970.0,105167000.0
lisk,2016-08-30,0.26719699999999996,0.267349,0.25197600000000003,0.253725,436321.0,26719700.0
litecoin,2016-08-30,3.77,3.82,3.75,3.8,2315030.0,178314000
monero,2016-08-30,8.49,9.17,7.95,8.49,15534600.0,108444000
nem,2016-08-30,0.005853,0.005946,0.005759,0.005867,95943.0,52675100
ripple,2016-08-30,0.0061200000000000004,0.006129,0.006006,0.006026,928043.0,217656000
siacoin,2016-08-30,0.00044800000000000005,0.00046100000000000004,0.00044,0.000446,60706.0,8017140.0
steem,2016-08-30,1.06,1.15,0.838707,0.936955,372159.0,135642000
stellar,2016-08-30,0.00183,0.001883,0.00182,0.00185,16263.0,10345900
verge,2016-08-30,2.3e-05,2.8999999999999997e-05,1.8e-05,2.5e-05,830.0,286127
bitcoin,2016-08-31,577.59,577.86,573.64,575.47,75840900.0,9149730000
bitshares,2016-08-31,0.006465,0.006592,0.005802000000000001,0.005968,578919.0,16632800
bytecoin-bcn,2016-08-31,5.2000000000000004e-05,6.3e-05,5.2000000000000004e-05,6.1e-05,3115.0,9482470
dash,2016-08-31,11.77,12.2,11.45,11.89,961216.0,78856900
dogecoin,2016-08-31,0.000233,0.000236,0.00023199999999999997,0.00023500000000000002,181570.0,24686500
ethereum,2016-08-31,11.24,11.68,11.18,11.67,11073700.0,938406000.0
ethereum-classic,2016-08-31,1.24,1.28,1.17,1.18,6098980.0,103201000.0
lisk,2016-08-31,0.253234,0.257544,0.245352,0.25304699999999997,429425.0,25323400.0
litecoin,2016-08-31,3.81,3.81,3.78,3.8,1678550.0,180189000
monero,2016-08-31,8.51,8.86,7.49,8.58,20057400.0,108774000
nem,2016-08-31,0.005868,0.005888,0.005529,0.005698,159010.0,52810100
ripple,2016-08-31,0.006036,0.006045,0.005915,0.006012,1169040.0,214671000
siacoin,2016-08-31,0.000446,0.00045099999999999996,0.00042699999999999997,0.00043099999999999996,60748.0,7985130.0
steem,2016-08-31,0.9538639999999999,0.996726,0.883518,0.910217,145839.0,123126000
stellar,2016-08-31,0.00185,0.001925,0.0018219999999999998,0.001906,28165.0,10459700
verge,2016-08-31,2.5e-05,2.8999999999999997e-05,1.9e-05,2.1e-05,738.0,316463
bitcoin,2016-09-01,575.55,576.31,571.81,572.3,76923400.0,9118280000
bitshares,2016-09-01,0.005965,0.006083,0.005815,0.005838,255727.0,15348700
bytecoin-bcn,2016-09-01,6.1e-05,6.3e-05,5.3e-05,5.6999999999999996e-05,9343.0,11105700
dash,2016-09-01,11.89,11.93,11.37,11.45,651970.0,79693100
dogecoin,2016-09-01,0.00023500000000000002,0.000236,0.00022999999999999998,0.00023199999999999997,203953.0,24902600
ethereum,2016-09-01,11.67,12.58,11.65,11.99,24051500.0,974844000.0
ethereum-classic,2016-09-01,1.19,1.49,1.17,1.44,13501800.0,99255000.0
lisk,2016-09-01,0.253704,0.25455700000000003,0.24630100000000002,0.24630100000000002,472887.0,25370400.0
litecoin,2016-09-01,3.8,3.85,3.79,3.83,2241890.0,179752000
monero,2016-09-01,8.52,8.84,7.85,8.0,12152000.0,108975000
nem,2016-09-01,0.005699,0.005761,0.005459,0.005569,121379.0,51288500
ripple,2016-09-01,0.006013,0.00603,0.00598,0.005984000000000001,660021.0,213837000
siacoin,2016-09-01,0.00043499999999999995,0.000449,0.00042800000000000005,0.00044100000000000004,50991.0,7799320.0
steem,2016-09-01,0.910429,0.919683,0.75631,0.814077,189554.0,118347000
stellar,2016-09-01,0.001906,0.00193,0.001875,0.001887,25272.0,10776700
verge,2016-09-01,2.1e-05,2.6000000000000002e-05,1.8e-05,1.8e-05,887.0,258054
bitcoin,2016-09-02,572.41,575.64,570.81,575.54,79910800.0,9069550000
bitshares,2016-09-02,0.005836,0.005958,0.00555,0.005707,295482.0,15017300
bytecoin-bcn,2016-09-02,5.6999999999999996e-05,6.3e-05,5.2000000000000004e-05,5.7999999999999994e-05,3883.0,10422500
dash,2016-09-02,11.46,11.55,11.33,11.36,790593.0,76804400
dogecoin,2016-09-02,0.00023199999999999997,0.00023700000000000001,0.000231,0.00023500000000000002,164747.0,24555600
ethereum,2016-09-02,11.96,12.31,11.88,12.11,9368300.0,999757000.0
ethereum-classic,2016-09-02,1.46,1.48,1.37,1.39,6325890.0,121870000.0
lisk,2016-09-02,0.24645999999999998,0.251408,0.24365599999999998,0.249354,387282.0,24646000.0
litecoin,2016-09-02,3.84,3.84,3.81,3.82,1984050.0,181757000
monero,2016-09-02,7.97,10.61,7.82,10.21,27999500.0,102027000
nem,2016-09-02,0.005587,0.005818,0.005542,0.005618,69772.0,50281600
ripple,2016-09-02,0.005979,0.005985,0.005959000000000001,0.0059700000000000005,583636.0,211170000
siacoin,2016-09-02,0.000442,0.000446,0.000433,0.000437,30090.0,7941110.0
steem,2016-09-02,0.795169,0.9055540000000001,0.779359,0.822189,222109.0,104099000
stellar,2016-09-02,0.001887,0.001913,0.001857,0.0018850000000000002,15997.0,10668700
verge,2016-09-02,1.8e-05,2.3e-05,1.8e-05,2e-05,266.0,220050
bitcoin,2016-09-03,575.55,599.5,574.06,598.21,159014000.0,9120440000
bitshares,2016-09-03,0.005707,0.0057350000000000005,0.005307,0.005327,295928.0,14683700
bytecoin-bcn,2016-09-03,5.7999999999999994e-05,6.3e-05,5.2000000000000004e-05,5.4000000000000005e-05,9221.0,10477200
dash,2016-09-03,11.37,11.54,10.85,11.45,1215250.0,76249000
dogecoin,2016-09-03,0.000234,0.00023700000000000001,0.00023199999999999997,0.000236,270431.0,24738100
ethereum,2016-09-03,12.11,12.36,11.35,11.76,13358800.0,1012580000.0
ethereum-classic,2016-09-03,1.4,1.4,1.32,1.34,4659540.0,116853000.0
lisk,2016-09-03,0.24874200000000002,0.249766,0.237081,0.243732,566146.0,24874200.0
litecoin,2016-09-03,3.83,3.91,3.81,3.89,2484220.0,181349000
monero,2016-09-03,10.19,15.04,9.9,10.59,66593800.0,130422000
nem,2016-09-03,0.005582999999999999,0.005795000000000001,0.0055520000000000005,0.005725,91693.0,50250100
ripple,2016-09-03,0.005967,0.005992,0.005928,0.005964,698318.0,210725000
siacoin,2016-09-03,0.000437,0.000455,0.00043099999999999996,0.00044400000000000006,54414.0,7879120.0
steem,2016-09-03,0.8260870000000001,0.87849,0.803517,0.823506,149084.0,108926000
stellar,2016-09-03,0.0018850000000000002,0.0019260000000000002,0.001846,0.001902,16975.0,10655800
verge,2016-09-03,2e-05,2.3e-05,1.7e-05,1.8e-05,83.0,249103
bitcoin,2016-09-04,598.59,611.84,596.85,608.63,97942900.0,9486370000
bitshares,2016-09-04,0.005331,0.005519,0.004588,0.005409000000000001,591831.0,13718200
bytecoin-bcn,2016-09-04,5.4000000000000005e-05,6.1e-05,5.4000000000000005e-05,5.5e-05,8619.0,9796850
dash,2016-09-04,11.36,11.56,10.72,11.39,966253.0,76192100
dogecoin,2016-09-04,0.000236,0.000239,0.00023199999999999997,0.00023500000000000002,290452.0,25032000
ethereum,2016-09-04,11.75,11.79,11.47,11.68,7220550.0,982952000.0
ethereum-classic,2016-09-04,1.34,1.46,1.32,1.46,3690740.0,112345000.0
lisk,2016-09-04,0.24349,0.24922800000000003,0.233302,0.24339299999999997,509761.0,24349000.0
litecoin,2016-09-04,3.89,4.04,3.88,4.01,4834060.0,184540000
monero,2016-09-04,11.13,13.87,10.41,13.39,31169900.0,142653000
nem,2016-09-04,0.0057280000000000005,0.005758,0.0055320000000000005,0.005647,114152.0,51550600
ripple,2016-09-04,0.005964,0.006002,0.005905,0.005954,800373.0,210644000
siacoin,2016-09-04,0.000442,0.000454,0.00043499999999999995,0.000452,47865.0,7977990.0
steem,2016-09-04,0.82432,0.8439049999999999,0.776708,0.823902,80506.0,109511000
stellar,2016-09-04,0.0019030000000000002,0.001971,0.0018449999999999999,0.001934,36104.0,10757100
verge,2016-09-04,1.8e-05,2.2e-05,1.8e-05,1.9e-05,213.0,225500
bitcoin,2016-09-05,608.99,609.05,602.24,606.59,82446800.0,9652490000
bitshares,2016-09-05,0.005413,0.005595,0.005273,0.005447,193368.0,13929300
bytecoin-bcn,2016-09-05,5.5e-05,5.9999999999999995e-05,5.4000000000000005e-05,5.5e-05,3506.0,9973040
dash,2016-09-05,11.36,11.69,11.13,11.27,639547.0,76235500
dogecoin,2016-09-05,0.00023500000000000002,0.000239,0.000233,0.000236,254656.0,24916700
ethereum,2016-09-05,11.68,11.81,11.59,11.72,5724100.0,977169000.0
ethereum-classic,2016-09-05,1.46,1.53,1.43,1.45,4621750.0,122418000.0
lisk,2016-09-05,0.243779,0.268775,0.242873,0.250393,785260.0,24377900.0
litecoin,2016-09-05,4.02,4.03,3.97,3.98,4245990.0,190686000
monero,2016-09-05,13.57,14.26,12.58,13.96,24043200.0,173999000
nem,2016-09-05,0.005647999999999999,0.005726,0.005525,0.005724,80711.0,50830400
ripple,2016-09-05,0.005947999999999999,0.005966,0.005889,0.005932,784460.0,210058000
siacoin,2016-09-05,0.000452,0.000459,0.00043200000000000004,0.00044699999999999997,67370.0,8170920.0
steem,2016-09-05,0.821946,0.8434020000000001,0.782737,0.806667,66017.0,109949000
stellar,2016-09-05,0.0019420000000000001,0.0019510000000000003,0.0018969999999999998,0.001912,27785.0,10979700
verge,2016-09-05,1.9e-05,2.9999999999999997e-05,1.8e-05,1.8e-05,1645.0,234375
bitcoin,2016-09-06,606.51,610.83,605.09,610.44,78529100.0,9614140000
bitshares,2016-09-06,0.005461,0.005469,0.005257,0.005257,119778.0,14051700
bytecoin-bcn,2016-09-06,5.5e-05,6.1e-05,4.9e-05,5.5e-05,14588.0,9938320
dash,2016-09-06,11.27,11.36,10.92,10.92,532044.0,75719300
dogecoin,2016-09-06,0.00023799999999999998,0.000242,0.00023500000000000002,0.000241,199043.0,25226800
ethereum,2016-09-06,11.73,11.73,11.47,11.69,6346330.0,981303000.0
ethereum-classic,2016-09-06,1.46,1.51,1.44,1.47,2566580.0,121876000.0
lisk,2016-09-06,0.250126,0.25757199999999997,0.247808,0.252891,466873.0,25012600.0
litecoin,2016-09-06,3.98,3.99,3.95,3.97,1699160.0,188974000
monero,2016-09-06,13.84,14.19,11.99,12.46,25356900.0,177509000
nem,2016-09-06,0.005725,0.005768,0.005419,0.005703,151265.0,51523500
ripple,2016-09-06,0.005933,0.005954999999999999,0.0059,0.005912,773525.0,209545000
siacoin,2016-09-06,0.00044699999999999997,0.000449,0.000433,0.00044400000000000006,56223.0,8092240.0
steem,2016-09-06,0.803762,0.8116439999999999,0.763534,0.7792399999999999,95706.0,108249000
stellar,2016-09-06,0.001912,0.0019399999999999999,0.0019,0.001925,14360.0,10809400
verge,2016-09-06,1.8e-05,2.9999999999999997e-05,1.8e-05,1.9e-05,532.0,228498
bitcoin,2016-09-07,610.57,614.54,608.51,614.54,75032400.0,9679610000
bitshares,2016-09-07,0.0052770000000000004,0.005309,0.005052,0.005104,176908.0,13579400
bytecoin-bcn,2016-09-07,5.5e-05,6.1e-05,5.5e-05,5.5e-05,3654.0,9961090
dash,2016-09-07,10.94,11.4,10.83,11.28,669651.0,73555700
dogecoin,2016-09-07,0.000241,0.000246,0.00023799999999999998,0.000242,213195.0,25511200
ethereum,2016-09-07,11.69,11.73,11.52,11.55,6115050.0,979087000.0
ethereum-classic,2016-09-07,1.47,1.48,1.44,1.48,2868960.0,122689000.0
lisk,2016-09-07,0.25288299999999997,0.258201,0.252332,0.257372,563511.0,25288300.0
litecoin,2016-09-07,3.99,4.13,3.95,3.97,1988370.0,189261000
monero,2016-09-07,12.44,12.88,11.1,11.83,20446100.0,159649000
nem,2016-09-07,0.005703,0.006035,0.005526,0.0057,167523.0,51331200
ripple,2016-09-07,0.005915,0.005925,0.005888,0.0058920000000000005,686254.0,208893000
siacoin,2016-09-07,0.000439,0.000755,0.00043,0.000637,2666820.0,7971290.0
steem,2016-09-07,0.776917,0.785954,0.7335229999999999,0.7399359999999999,76221.0,105377000
stellar,2016-09-07,0.001925,0.001946,0.0019010000000000001,0.001925,29307.0,10880100
verge,2016-09-07,1.9e-05,2.4e-05,1.8e-05,2.4e-05,606.0,241437
bitcoin,2016-09-08,614.63,628.77,613.84,626.32,86713000.0,9745120000
bitshares,2016-09-08,0.005104,0.0056229999999999995,0.005058,0.005514,193960.0,13135400
bytecoin-bcn,2016-09-08,5.5e-05,6.2e-05,5.5e-05,5.6000000000000006e-05,3139.0,10026500
dash,2016-09-08,11.28,11.69,11.24,11.69,637683.0,75879400
dogecoin,2016-09-08,0.000242,0.000246,0.00022799999999999999,0.00022799999999999999,139759.0,25632500
ethereum,2016-09-08,11.55,11.7,11.25,11.35,11535000.0,967010000.0
ethereum-classic,2016-09-08,1.48,1.51,1.44,1.44,2554920.0,123795000.0
lisk,2016-09-08,0.25743699999999997,0.261352,0.25045700000000004,0.254201,393796.0,25743700.0
litecoin,2016-09-08,3.97,4.01,3.96,3.99,2425520.0,188381000
monero,2016-09-08,11.91,13.0,11.54,12.74,18100000.0,152961000
nem,2016-09-08,0.0057,0.005744,0.005592,0.005664,82533.0,51297800
ripple,2016-09-08,0.0058920000000000005,0.005940999999999999,0.0058920000000000005,0.005902,869389.0,208088000
siacoin,2016-09-08,0.000647,0.000647,0.000512,0.000521,644849.0,11759900.0
steem,2016-09-08,0.753328,0.753328,0.597187,0.634152,269531.0,102863000
stellar,2016-09-08,0.001925,0.001989,0.001925,0.0019309999999999998,17422.0,10883100
verge,2016-09-08,2.4e-05,2.5e-05,1.9e-05,2.1e-05,69.0,306928
bitcoin,2016-09-09,626.35,626.83,620.26,622.86,64550200.0,9931980000
bitshares,2016-09-09,0.005497999999999999,0.0056560000000000004,0.004943,0.005021,145868.0,14149700
bytecoin-bcn,2016-09-09,5.6000000000000006e-05,6.2e-05,5.6000000000000006e-05,6.1e-05,1942.0,10232400
dash,2016-09-09,11.68,11.68,11.14,11.22,453318.0,78568100
dogecoin,2016-09-09,0.000231,0.000233,0.000226,0.00022999999999999998,102465.0,24520700
ethereum,2016-09-09,11.41,11.68,11.39,11.65,6109200.0,956210000.0
ethereum-classic,2016-09-09,1.42,1.43,1.37,1.4,2336300.0,119154000.0
lisk,2016-09-09,0.253432,0.260135,0.251835,0.256735,395434.0,25343200.0
litecoin,2016-09-09,3.98,3.99,3.96,3.97,1450080.0,189118000
monero,2016-09-09,12.71,13.63,12.08,12.43,14523800.0,163301000
nem,2016-09-09,0.0056630000000000005,0.006372999999999999,0.005591,0.006211,193607.0,50966800
neo,2016-09-09,0.181483,0.558951,0.181357,0.558478,1349.0,
ripple,2016-09-09,0.005901,0.005907,0.005857,0.005869,849260.0,208415000
siacoin,2016-09-09,0.000526,0.000563,0.000503,0.000532,268162.0,9578240.0
steem,2016-09-09,0.655849,0.684138,0.568913,0.640861,161081.0,90154000
stellar,2016-09-09,0.00193,0.0020280000000000003,0.0019100000000000002,0.00202,51986.0,10909900
verge,2016-09-09,2.1e-05,2.5e-05,1.9e-05,1.9e-05,195.0,263242
bitcoin,2016-09-10,622.93,625.1,622.39,623.51,45016800.0,9878730000
bitshares,2016-09-10,0.005007,0.005272,0.004942,0.005146,162984.0,12884600
bytecoin-bcn,2016-09-10,5.6000000000000006e-05,6.2e-05,5.6000000000000006e-05,5.6000000000000006e-05,2710.0,10150700
dash,2016-09-10,11.2,11.47,11.01,11.42,748265.0,75337800
dogecoin,2016-09-10,0.00022999999999999998,0.000271,0.000227,0.000227,98397.0,24397300
ethereum,2016-09-10,11.66,12.22,11.54,12.17,7220300.0,977515000.0
ethereum-classic,2016-09-10,1.4,1.45,1.39,1.42,1485050.0,117067000.0
lisk,2016-09-10,0.256277,0.256792,0.251311,0.25199,412311.0,25627700.0
litecoin,2016-09-10,3.97,3.98,3.96,3.97,661652.0,188630000
monero,2016-09-10,12.33,12.58,11.98,12.23,7990970.0,158606000
nem,2016-09-10,0.006114,0.0061719999999999995,0.00576,0.005874,122676.0,55030000
neo,2016-09-10,0.5585359999999999,0.5591430000000001,0.37096,0.39100100000000004,811.0,
ripple,2016-09-10,0.005872,0.005882,0.0058590000000000005,0.00587,310034.0,207375000
siacoin,2016-09-10,0.000532,0.000545,0.000521,0.000529,80032.0,9705290.0
steem,2016-09-10,0.6529020000000001,0.7390869999999999,0.6397579999999999,0.7177600000000001,176959.0,90334500
stellar,2016-09-10,0.002003,0.002231,0.001996,0.002032,173430.0,11322900
verge,2016-09-10,1.9e-05,2.5e-05,1.9e-05,2.5e-05,412.0,245009
bitcoin,2016-09-11,623.42,628.82,600.51,606.72,73610800.0,9887780000
bitshares,2016-09-11,0.00515,0.005298,0.004901,0.004954999999999999,112304.0,13255300
bytecoin-bcn,2016-09-11,5.6000000000000006e-05,7.099999999999999e-05,5.6000000000000006e-05,6.1e-05,20995.0,10176300
dash,2016-09-11,11.42,11.62,10.96,11.14,583102.0,76892700
dogecoin,2016-09-11,0.00022799999999999999,0.00025699999999999996,0.000225,0.000226,96144.0,24128600
ethereum,2016-09-11,12.21,12.21,11.59,11.64,8791180.0,1023640000.0
ethereum-classic,2016-09-11,1.42,1.43,1.33,1.34,4152550.0,118754000.0
lisk,2016-09-11,0.25302399999999997,0.255653,0.24231100000000003,0.244939,323685.0,25302400.0
litecoin,2016-09-11,3.97,3.99,3.85,3.86,2100480.0,188515000
monero,2016-09-11,12.26,12.41,10.53,10.69,15781800.0,157714000
nem,2016-09-11,0.005898,0.005995,0.005713,0.005716,53542.0,53082900
neo,2016-09-11,0.390948,0.398459,0.37279,0.37615,879.0,
ripple,2016-09-11,0.005866,0.005895,0.005815,0.005842,533904.0,207186000
siacoin,2016-09-11,0.00053,0.000535,0.00049,0.000502,85772.0,9701850.0
steem,2016-09-11,0.723441,0.737896,0.631454,0.641134,108111.0,100827000
stellar,2016-09-11,0.002023,0.002081,0.001946,0.001966,51896.0,11438400
verge,2016-09-11,2.5e-05,3.1e-05,1.9e-05,2.9999999999999997e-05,700.0,312068
bitcoin,2016-09-12,607.0,608.46,605.41,608.24,72812300.0,9628560000
bitshares,2016-09-12,0.004933,0.0055509999999999995,0.004921,0.005328,297329.0,12695700
bytecoin-bcn,2016-09-12,6.1e-05,7.099999999999999e-05,5.9999999999999995e-05,6.7e-05,10057.0,11093700
dash,2016-09-12,11.16,12.82,11.1,12.26,1357900.0,75150600
dogecoin,2016-09-12,0.000226,0.000227,0.000223,0.000226,128679.0,23984100
ethereum,2016-09-12,11.64,11.95,11.61,11.89,7478080.0,976645000.0
ethereum-classic,2016-09-12,1.34,1.35,1.31,1.32,1735650.0,112052000.0
lisk,2016-09-12,0.24457800000000002,0.286036,0.24358000000000002,0.26850999999999997,784795.0,24457800.0
litecoin,2016-09-12,3.87,3.87,3.79,3.82,2454330.0,183908000
monero,2016-09-12,10.66,11.01,9.97,10.03,12411600.0,137198000
nem,2016-09-12,0.005715,0.005807,0.0055780000000000005,0.005736,60043.0,51432500
neo,2016-09-12,0.376312,0.376671,0.36044299999999996,0.374598,1116.0,
ripple,2016-09-12,0.005843999999999999,0.005912,0.005837,0.0058969999999999995,680932.0,206386000
siacoin,2016-09-12,0.0004940000000000001,0.000515,0.000489,0.0005059999999999999,81358.0,9062790.0
steem,2016-09-12,0.644521,0.679461,0.625251,0.630221,109583.0,90530900
stellar,2016-09-12,0.0019260000000000002,0.001994,0.0018960000000000001,0.0019399999999999999,25451.0,10889700
verge,2016-09-12,2.9999999999999997e-05,2.9999999999999997e-05,2.4e-05,2.4e-05,178.0,378243
bitcoin,2016-09-13,608.02,611.19,606.92,609.24,86920600.0,9645930000
bitshares,2016-09-13,0.0053289999999999995,0.005703,0.0051530000000000005,0.005603,379325.0,13715800
bytecoin-bcn,2016-09-13,6.7e-05,7.3e-05,6.1e-05,6.1e-05,15050.0,12081500
dash,2016-09-13,12.31,13.0,12.1,13.0,775508.0,82919500
dogecoin,2016-09-13,0.000226,0.000229,0.00022200000000000003,0.000225,65947.0,23974200
ethereum,2016-09-13,11.89,12.09,11.88,11.92,11704300.0,997638000.0
ethereum-classic,2016-09-13,1.32,1.33,1.29,1.29,1627740.0,111010000.0
lisk,2016-09-13,0.268289,0.28386999999999996,0.261189,0.26255,667645.0,26828900.0
litecoin,2016-09-13,3.83,3.85,3.81,3.82,2219650.0,182131000
monero,2016-09-13,10.26,11.36,9.85,10.88,14308800.0,132131000
nem,2016-09-13,0.005738,0.005918,0.005692,0.005876,40218.0,51640500
neo,2016-09-13,0.374469,0.375092,0.301766,0.30950900000000003,3337.0,
ripple,2016-09-13,0.005899000000000001,0.005905,0.005871,0.005886,836942.0,208335000
siacoin,2016-09-13,0.000508,0.000512,0.0004940000000000001,0.0005,60120.0,9324700.0
steem,2016-09-13,0.6406970000000001,0.653845,0.57521,0.590609,142889.0,90577700
stellar,2016-09-13,0.001941,0.001993,0.0019149999999999998,0.0019510000000000003,62818.0,10974800
verge,2016-09-13,2.4e-05,2.4e-05,2.4e-05,2.4e-05,253.0,302260
bitcoin,2016-09-14,608.84,611.95,608.41,610.68,47877700.0,9660080000
bitshares,2016-09-14,0.005592,0.005732,0.005323,0.00573,233534.0,14393600
bytecoin-bcn,2016-09-14,6.1e-05,6.7e-05,6.1e-05,6.1e-05,2934.0,11095500
dash,2016-09-14,13.0,13.0,12.36,12.71,683059.0,87620200
dogecoin,2016-09-14,0.00022799999999999999,0.000229,0.000223,0.000226,141810.0,24134600
ethereum,2016-09-14,11.9,12.0,11.86,11.92,5694820.0,999352000.0
ethereum-classic,2016-09-14,1.29,1.31,1.25,1.29,1593070.0,107907000.0
lisk,2016-09-14,0.26261599999999996,0.275947,0.25914499999999996,0.270973,380140.0,26261600.0
litecoin,2016-09-14,3.82,3.85,3.82,3.83,1322330.0,181565000
monero,2016-09-14,10.96,10.96,10.31,10.51,5468580.0,141326000
nem,2016-09-14,0.005845,0.005871,0.005682,0.005695,38958.0,52607700
neo,2016-09-14,0.30951599999999996,0.337779,0.306223,0.325127,4129.0,
ripple,2016-09-14,0.005888,0.0060420000000000005,0.005881,0.005961,1048560.0,207934000
siacoin,2016-09-14,0.000505,0.0005110000000000001,0.000496,0.0005110000000000001,96419.0,9285790.0
steem,2016-09-14,0.5882850000000001,0.602592,0.569186,0.573209,110774.0,83846200
stellar,2016-09-14,0.001946,0.001977,0.001911,0.001963,13081.0,11002900
verge,2016-09-14,2.4e-05,2.9999999999999997e-05,2.4e-05,2.4e-05,694.0,304712
bitcoin,2016-09-15,610.59,611.09,607.15,607.15,59464600.0,9688940000
bitshares,2016-09-15,0.005695,0.005975,0.005324000000000001,0.005447,199068.0,14657900
bytecoin-bcn,2016-09-15,6.1e-05,6.7e-05,6.1e-05,6.6e-05,4965.0,11131900
dash,2016-09-15,12.74,12.74,12.14,12.21,592210.0,85882800
dogecoin,2016-09-15,0.00022799999999999999,0.000236,0.000223,0.000233,305283.0,24152800
ethereum,2016-09-15,11.94,12.14,11.92,11.94,7309090.0,1002970000.0
ethereum-classic,2016-09-15,1.29,1.31,1.27,1.28,1366170.0,108413000.0
lisk,2016-09-15,0.271165,0.272328,0.252348,0.252934,319127.0,27116500.0
litecoin,2016-09-15,3.83,3.84,3.8,3.81,1793220.0,182156000
monero,2016-09-15,10.53,10.53,9.33,9.41,7678600.0,135811000
nem,2016-09-15,0.005693999999999999,0.005748,0.005533,0.005674,95900.0,51249000
neo,2016-09-15,0.32518800000000003,0.365124,0.325024,0.34983200000000003,1982.0,
ripple,2016-09-15,0.0059689999999999995,0.008765,0.005953,0.008303,15967600.0,210808000
siacoin,2016-09-15,0.0005059999999999999,0.000517,0.000493,0.0004980000000000001,114561.0,9333980.0
steem,2016-09-15,0.573152,0.577472,0.502674,0.5098010000000001,147506.0,82266700
stellar,2016-09-15,0.001963,0.002565,0.0019,0.0023190000000000003,555936.0,11098600
verge,2016-09-15,2.4e-05,2.9999999999999997e-05,2.1e-05,2.1e-05,719.0,307724
bitcoin,2016-09-16,607.25,609.26,606.74,606.97,64963400.0,9637020000
bitshares,2016-09-16,0.005444,0.005471,0.005294,0.005370000000000001,149501.0,14012000
bytecoin-bcn,2016-09-16,6.1e-05,7.3e-05,6.1e-05,6.7e-05,10090.0,11078000
dash,2016-09-16,12.21,12.27,11.64,11.72,519023.0,82343700
dogecoin,2016-09-16,0.000233,0.000256,0.00022999999999999998,0.00025,775759.0,24677200
ethereum,2016-09-16,11.96,12.75,11.9,12.56,17421500.0,1004740000.0
ethereum-classic,2016-09-16,1.28,1.34,1.27,1.32,1873990.0,107390000.0
lisk,2016-09-16,0.254154,0.265234,0.251425,0.258762,327073.0,25415400.0
litecoin,2016-09-16,3.82,3.83,3.8,3.81,1663730.0,181512000
monero,2016-09-16,9.5,9.83,8.75,8.91,7175750.0,122577000
nem,2016-09-16,0.005673,0.005703,0.005176,0.005499,178507.0,51053300
neo,2016-09-16,0.34972600000000004,0.389464,0.348948,0.388858,15105.0,
ripple,2016-09-16,0.008286,0.008333,0.0072,0.0074459999999999995,12342800.0,293807000
siacoin,2016-09-16,0.000503,0.0005139999999999999,0.000493,0.0004940000000000001,98948.0,9291610.0
steem,2016-09-16,0.5043380000000001,0.521154,0.47971199999999997,0.514227,140183.0,72840700
stellar,2016-09-16,0.002304,0.002336,0.002078,0.002082,204787.0,13022700
verge,2016-09-16,2.1e-05,4.1e-05,2.1e-05,2.9999999999999997e-05,9072.0,264553
bitcoin,2016-09-17,607.22,607.86,605.19,605.98,37140300.0,9637600000
bitshares,2016-09-17,0.005374,0.005376,0.005092,0.005131,115546.0,13832400
bytecoin-bcn,2016-09-17,7.2e-05,7.2e-05,6.7e-05,7.2e-05,6268.0,13117600
dash,2016-09-17,11.72,11.93,11.54,11.78,385226.0,79017600
dogecoin,2016-09-17,0.000248,0.000251,0.000236,0.000236,375370.0,26280700
ethereum,2016-09-17,12.56,12.76,12.44,12.7,7446610.0,1055440000.0
ethereum-classic,2016-09-17,1.32,1.33,1.3,1.32,1030080.0,111151000.0
lisk,2016-09-17,0.258778,0.26005700000000004,0.255024,0.257226,204630.0,25877800.0
litecoin,2016-09-17,3.8,3.82,3.8,3.81,1568340.0,180848000
monero,2016-09-17,8.88,9.82,8.82,9.68,4720550.0,114672000
nem,2016-09-17,0.005499,0.005536999999999999,0.005229999999999999,0.005274,88160.0,49493400
neo,2016-09-17,0.388924,0.427314,0.388896,0.426568,21060.0,
ripple,2016-09-17,0.007391,0.007534999999999999,0.006998000000000001,0.007018000000000001,1646260.0,262064000
siacoin,2016-09-17,0.0004940000000000001,0.0005070000000000001,0.000493,0.0004969999999999999,70958.0,9150190.0
steem,2016-09-17,0.521263,0.590611,0.511579,0.5284770000000001,193887.0,75765000
stellar,2016-09-17,0.002082,0.002198,0.00207,0.0021620000000000003,39093.0,12684000
verge,2016-09-17,2.9999999999999997e-05,4.2e-05,2.9999999999999997e-05,4.2e-05,3680.0,384118
bitcoin,2016-09-18,606.28,610.16,605.86,609.87,48679400.0,9623950000
bitshares,2016-09-18,0.00513,0.005257,0.005117,0.005188,51451.0,13204500
bytecoin-bcn,2016-09-18,7.2e-05,7.3e-05,6.7e-05,6.8e-05,4077.0,13015500
dash,2016-09-18,11.77,11.85,11.61,11.64,378121.0,79397100
dogecoin,2016-09-18,0.000236,0.00023999999999999998,0.00023199999999999997,0.00023999999999999998,159346.0,25081400
ethereum,2016-09-18,12.69,12.99,12.16,12.43,22433300.0,1066620000.0
ethereum-classic,2016-09-18,1.32,1.35,1.32,1.32,1962480.0,111199000.0
lisk,2016-09-18,0.257907,0.259261,0.25143499999999996,0.255169,328572.0,25790700.0
litecoin,2016-09-18,3.81,4.09,3.81,4.04,1727830.0,181377000
monero,2016-09-18,9.69,9.78,9.25,9.45,2709710.0,125247000
nem,2016-09-18,0.005287,0.005319,0.005101,0.005174,106492.0,47579300
neo,2016-09-18,0.426591,0.427137,0.384916,0.384916,105159.0,
ripple,2016-09-18,0.007017,0.007019,0.006788,0.006853,2231350.0,248819000
siacoin,2016-09-18,0.0004940000000000001,0.000504,0.000493,0.0005,55632.0,9156870.0
steem,2016-09-18,0.528512,0.557185,0.52052,0.52353,78570.0,77440800
stellar,2016-09-18,0.0021620000000000003,0.002168,0.002082,0.00209,57508.0,13172200
verge,2016-09-18,4.2e-05,4.2e-05,2.9999999999999997e-05,3.1e-05,1874.0,531641
bitcoin,2016-09-19,609.87,610.93,608.27,609.23,54796400.0,9681960000
bitshares,2016-09-19,0.005189,0.005304,0.005151,0.005182,64377.0,13354500
bytecoin-bcn,2016-09-19,6.8e-05,7.3e-05,6.1e-05,6.7e-05,4895.0,12304300
dash,2016-09-19,11.68,11.75,11.35,11.54,548366.0,78808400
dogecoin,2016-09-19,0.00023700000000000001,0.00023999999999999998,0.00022999999999999998,0.000236,178186.0,25159700
ethereum,2016-09-19,12.44,13.19,12.42,13.19,13838800.0,1045870000.0
ethereum-classic,2016-09-19,1.32,1.33,1.28,1.28,1355970.0,111304000.0
lisk,2016-09-19,0.255739,0.25709099999999996,0.25246399999999997,0.25303200000000003,248429.0,25573900.0
litecoin,2016-09-19,4.04,4.2,3.82,3.83,1606420.0,192499000
monero,2016-09-19,9.45,10.85,9.07,10.56,8092940.0,122199000
nem,2016-09-19,0.005155,0.0053100000000000005,0.005123,0.0051600000000000005,59635.0,46391800
neo,2016-09-19,0.384877,0.384881,0.33120700000000003,0.331296,1448.0,
ripple,2016-09-19,0.006855,0.007178,0.006795000000000001,0.0068579999999999995,2930120.0,243070000
siacoin,2016-09-19,0.0004969999999999999,0.000503,0.00049,0.000493,57426.0,9228040.0
steem,2016-09-19,0.521045,0.5212060000000001,0.46785600000000005,0.478526,107048.0,76868800
stellar,2016-09-19,0.002089,0.00217,0.002068,0.002127,48729.0,12728500
verge,2016-09-19,3.1e-05,3.6e-05,2.4e-05,2.9999999999999997e-05,3695.0,386361
bitcoin,2016-09-20,609.25,609.52,607.94,608.31,72710900.0,9673140000
bitshares,2016-09-20,0.005185,0.005268999999999999,0.004983,0.00499,223785.0,13346500
bytecoin-bcn,2016-09-20,6.7e-05,6.7e-05,6.1e-05,6.7e-05,4432.0,12137900
dash,2016-09-20,11.52,11.58,11.23,11.41,447288.0,77743400
dogecoin,2016-09-20,0.00023199999999999997,0.000236,0.000229,0.00023199999999999997,131253.0,24639800
ethereum,2016-09-20,13.21,14.43,13.12,14.43,31929100.0,1111810000.0
ethereum-classic,2016-09-20,1.27,1.28,1.24,1.25,2456390.0,107214000.0
lisk,2016-09-20,0.252716,0.260768,0.252037,0.26010300000000003,222061.0,25271600.0
litecoin,2016-09-20,3.83,3.86,3.82,3.84,2263260.0,182404000
monero,2016-09-20,10.54,11.69,10.32,11.15,11094000.0,136312000
nem,2016-09-20,0.0051600000000000005,0.005292,0.005121,0.0051270000000000005,44593.0,46437700
neo,2016-09-20,0.331291,0.336507,0.309502,0.312621,1171.0,
ripple,2016-09-20,0.0068650000000000004,0.006911,0.0067480000000000005,0.006784999999999999,1365440.0,243406000
siacoin,2016-09-20,0.000493,0.000618,0.00048300000000000003,0.000536,539596.0,9181940.0
steem,2016-09-20,0.47855200000000003,0.48612700000000003,0.429465,0.450762,128172.0,71185600
stellar,2016-09-20,0.002127,0.002131,0.002,0.002052,79813.0,12960000
verge,2016-09-20,2.9999999999999997e-05,2.9999999999999997e-05,2.4e-05,2.5e-05,3200.0,384508
bitcoin,2016-09-21,603.59,603.59,595.88,597.15,82776200.0,9584260000
bitshares,2016-09-21,0.005058,0.00801,0.0049299999999999995,0.005084,87694.0,13018600
bytecoin-bcn,2016-09-21,6.6e-05,6.6e-05,5.9999999999999995e-05,5.9999999999999995e-05,6526.0,12056100
dash,2016-09-21,11.47,11.72,11.17,11.53,639852.0,77453300
dogecoin,2016-09-21,0.000234,0.000234,0.00022400000000000002,0.000231,314763.0,24876400
ethereum,2016-09-21,14.43,14.43,13.17,13.77,28645000.0,1214950000.0
ethereum-classic,2016-09-21,1.24,1.26,1.22,1.22,2655260.0,104107000.0
lisk,2016-09-21,0.26025,0.265933,0.23588,0.249115,598551.0,26025000.0
litecoin,2016-09-21,3.87,3.87,3.76,3.84,3853090.0,184357000
monero,2016-09-21,11.25,11.25,9.78,9.92,6586410.0,145554000
nem,2016-09-21,0.005211,0.005458,0.005078,0.005415,89011.0,46901600
neo,2016-09-21,0.312539,0.318675,0.303564,0.303794,156.0,
ripple,2016-09-21,0.006809,0.006908,0.0067090000000000006,0.006829000000000001,1719470.0,241444000
siacoin,2016-09-21,0.000537,0.000554,0.000508,0.000519,211683.0,10010400.0
steem,2016-09-21,0.443245,0.44390799999999997,0.405142,0.418853,90397.0,66371800
stellar,2016-09-21,0.002055,0.0021190000000000002,0.001998,0.002085,53003.0,12522600
verge,2016-09-21,2.5e-05,3.5e-05,2.4e-05,2.4e-05,1558.0,310087
bitcoin,2016-09-22,597.28,598.49,596.21,596.3,67085300.0,9485280000
bitshares,2016-09-22,0.005078,0.005145,0.004972,0.004992,80371.0,13071200
bytecoin-bcn,2016-09-22,5.9999999999999995e-05,6.500000000000001e-05,5.9999999999999995e-05,6.4e-05,1142.0,10863600
dash,2016-09-22,11.54,11.7,11.32,11.54,462190.0,77970700
dogecoin,2016-09-22,0.000231,0.000233,0.00022400000000000002,0.00022799999999999999,109829.0,24553200
ethereum,2016-09-22,13.66,13.66,12.48,13.25,27382800.0,1150650000.0
ethereum-classic,2016-09-22,1.22,1.33,1.13,1.25,6841360.0,102704000.0
lisk,2016-09-22,0.25017,0.251888,0.245184,0.24645799999999998,327202.0,25017000.0
litecoin,2016-09-22,3.86,3.86,3.77,3.77,1445220.0,183805000
monero,2016-09-22,9.96,10.59,9.96,10.16,3966670.0,129022000
nem,2016-09-22,0.005416,0.005527000000000001,0.005196,0.005299,56257.0,48745100
neo,2016-09-22,0.303806,0.308768,0.252592,0.252723,54002.0,
ripple,2016-09-22,0.006833,0.006986,0.006809,0.006843000000000001,1491330.0,242293000
siacoin,2016-09-22,0.000519,0.000526,0.000493,0.000505,98408.0,9698540.0
steem,2016-09-22,0.418813,0.553863,0.41151000000000004,0.48532299999999995,448410.0,63122400
stellar,2016-09-22,0.002085,0.002169,0.002062,0.0021379999999999997,67088.0,12705200
verge,2016-09-22,2.4e-05,2.9999999999999997e-05,2.4e-05,2.9999999999999997e-05,1446.0,302206
bitcoin,2016-09-23,596.2,603.21,595.79,602.84,51067000.0,9469130000
bitshares,2016-09-23,0.004992,0.005027,0.004933,0.005,50282.0,12850300
bytecoin-bcn,2016-09-23,6.4e-05,6.500000000000001e-05,5.9999999999999995e-05,5.9999999999999995e-05,2468.0,11605400
dash,2016-09-23,11.52,11.7,11.4,11.54,346538.0,77854100
dogecoin,2016-09-23,0.00022799999999999999,0.000251,0.00022400000000000002,0.00022400000000000002,230223.0,24149000
ethereum,2016-09-23,13.21,13.45,13.1,13.33,9166430.0,1112590000.0
ethereum-classic,2016-09-23,1.25,1.29,1.22,1.24,1704280.0,105422000.0
lisk,2016-09-23,0.246114,0.248772,0.241127,0.24303000000000002,290931.0,24611400.0
litecoin,2016-09-23,3.77,3.82,3.76,3.81,1572350.0,179509000
monero,2016-09-23,10.12,11.01,10.03,10.77,3564780.0,131137000
nem,2016-09-23,0.005297,0.005324000000000001,0.005122,0.005251,40640.0,47672200
neo,2016-09-23,0.252745,0.277371,0.24146199999999998,0.24323699999999998,16845.0,
ripple,2016-09-23,0.006848000000000001,0.0073,0.006807,0.0072109999999999995,3104540.0,242812000
siacoin,2016-09-23,0.0005059999999999999,0.0005059999999999999,0.00049,0.0004980000000000001,49693.0,9455370.0
steem,2016-09-23,0.484641,0.523353,0.4642,0.48429300000000003,201413.0,73542000
stellar,2016-09-23,0.0021379999999999997,0.002141,0.0020329999999999997,0.0020829999999999998,47176.0,13024200
verge,2016-09-23,2.9999999999999997e-05,3.5e-05,2.4e-05,2.9999999999999997e-05,665.0,376134
bitcoin,2016-09-24,602.96,604.58,602.04,602.63,35359500.0,9577520000
bitshares,2016-09-24,0.004981,0.005062,0.004954999999999999,0.004989,21887.0,12819800
bytecoin-bcn,2016-09-24,5.9999999999999995e-05,6.500000000000001e-05,5.6000000000000006e-05,5.9999999999999995e-05,3264.0,10960700
dash,2016-09-24,11.55,11.6,11.43,11.53,248501.0,78052900
dogecoin,2016-09-24,0.00022799999999999999,0.000229,0.000223,0.000226,95231.0,24240600
ethereum,2016-09-24,13.32,13.34,12.68,12.88,9824880.0,1122670000.0
ethereum-classic,2016-09-24,1.24,1.25,1.22,1.25,876236.0,104666000.0
lisk,2016-09-24,0.24380900000000003,0.247572,0.242745,0.246655,153084.0,24380900.0
litecoin,2016-09-24,3.81,3.84,3.8,3.81,2118420.0,181929000
monero,2016-09-24,10.8,11.03,10.63,10.63,1720410.0,139964000
nem,2016-09-24,0.005251,0.005282,0.00515,0.005167000000000001,16142.0,47255500
neo,2016-09-24,0.243321,0.25485,0.21384299999999998,0.21384299999999998,21740.0,
ripple,2016-09-24,0.007234,0.007423999999999999,0.00717,0.0073620000000000005,2170050.0,256511000
siacoin,2016-09-24,0.0004980000000000001,0.000505,0.000492,0.0004980000000000001,35135.0,9339600.0
steem,2016-09-24,0.485907,0.65374,0.46466199999999996,0.597275,408565.0,74322500
stellar,2016-09-24,0.002068,0.00232,0.002062,0.002219,75069.0,12598300
verge,2016-09-24,2.9999999999999997e-05,2.9999999999999997e-05,2.4e-05,2.4e-05,353.0,380386
bitcoin,2016-09-25,602.75,603.38,599.71,600.83,33977800.0,9575360000
bitshares,2016-09-25,0.004989,0.0051530000000000005,0.004951,0.005128,47598.0,12843000
bytecoin-bcn,2016-09-25,5.9999999999999995e-05,6.500000000000001e-05,5.9e-05,6.4e-05,1494.0,10967400
dash,2016-09-25,11.52,11.66,11.46,11.55,293042.0,77913600
dogecoin,2016-09-25,0.000226,0.00022799999999999999,0.00022400000000000002,0.000225,93891.0,24025200
ethereum,2016-09-25,12.85,13.11,12.8,13.1,5283440.0,1083510000.0
ethereum-classic,2016-09-25,1.25,1.25,1.21,1.21,972037.0,105492000.0
lisk,2016-09-25,0.24647,0.24924000000000002,0.245042,0.246723,85759.0,24647000.0
litecoin,2016-09-25,3.8,3.81,3.78,3.81,1540650.0,181090000
monero,2016-09-25,10.62,10.7,10.19,10.24,2085390.0,137720000
nem,2016-09-25,0.005167000000000001,0.005188,0.005011,0.005065999999999999,46872.0,46503600
neo,2016-09-25,0.21384299999999998,0.22454699999999997,0.192797,0.198994,3075.0,
ripple,2016-09-25,0.0073560000000000006,0.007986,0.007316,0.007855,4699860.0,260832000
siacoin,2016-09-25,0.0004980000000000001,0.000503,0.00048600000000000005,0.000487,67222.0,9346210.0
steem,2016-09-25,0.601947,0.655396,0.574521,0.6048180000000001,242210.0,92681100
stellar,2016-09-25,0.0022129999999999997,0.002501,0.002167,0.002454,366417.0,13479500
verge,2016-09-25,2.4e-05,2.9999999999999997e-05,2.4e-05,2.4e-05,355.0,305628
bitcoin,2016-09-26,600.81,608.14,600.35,608.04,59153800.0,9545830000
bitshares,2016-09-26,0.005111,0.0051990000000000005,0.005012,0.005188,91216.0,13156900
bytecoin-bcn,2016-09-26,5.9999999999999995e-05,6.500000000000001e-05,5.9999999999999995e-05,6.1e-05,914.0,10885600
dash,2016-09-26,11.56,11.61,11.3,11.41,466947.0,78189900
dogecoin,2016-09-26,0.000225,0.00022999999999999998,0.000225,0.000229,164711.0,23855500
ethereum,2016-09-26,13.17,13.17,12.74,12.82,7213070.0,1110700000.0
ethereum-classic,2016-09-26,1.21,1.22,1.2,1.2,1228960.0,102099000.0
lisk,2016-09-26,0.246858,0.24852600000000002,0.23738499999999998,0.2375,359360.0,24685800.0
litecoin,2016-09-26,3.8,3.87,3.8,3.86,2148250.0,181334000
monero,2016-09-26,10.25,10.36,9.14,9.4,7477270.0,133099000
nem,2016-09-26,0.005104999999999999,0.005169,0.004981,0.004988,78480.0,45941800
neo,2016-09-26,0.19911800000000002,0.22450599999999998,0.193879,0.202491,9657.0,
ripple,2016-09-26,0.007872,0.008593,0.007847,0.007963,9102940.0,279129000
siacoin,2016-09-26,0.000492,0.0004980000000000001,0.00047999999999999996,0.000487,43298.0,9250080.0
steem,2016-09-26,0.607841,0.6099720000000001,0.540974,0.563659,165310.0,94128700
stellar,2016-09-26,0.002459,0.002651,0.002336,0.002385,379360.0,14978900
verge,2016-09-26,2.4e-05,2.9999999999999997e-05,2.4e-05,2.4e-05,138.0,304825
bitcoin,2016-09-27,608.02,608.25,604.11,606.17,49422400.0,9661590000
bitshares,2016-09-27,0.00519,0.005195,0.005039,0.005107,90710.0,13359900
bytecoin-bcn,2016-09-27,6.1e-05,6.500000000000001e-05,5.9999999999999995e-05,6.1e-05,873.0,11088500
dash,2016-09-27,11.41,11.64,11.38,11.64,437637.0,77160600
dogecoin,2016-09-27,0.00022799999999999999,0.000233,0.000227,0.00022799999999999999,140515.0,24235000
ethereum,2016-09-27,12.86,13.21,12.86,13.1,6831070.0,1085330000.0
ethereum-classic,2016-09-27,1.2,1.21,1.17,1.2,1938500.0,101088000.0
lisk,2016-09-27,0.239222,0.24289499999999997,0.236065,0.23640799999999998,317051.0,23922200.0
litecoin,2016-09-27,3.86,3.87,3.84,3.85,1734250.0,184100000
monero,2016-09-27,9.36,9.6,9.18,9.31,2349090.0,121546000
nem,2016-09-27,0.004987,0.0050609999999999995,0.004556,0.0046700000000000005,240493.0,44884500
neo,2016-09-27,0.20247300000000001,0.20247300000000001,0.179976,0.197913,19806.0,
ripple,2016-09-27,0.007959,0.008306000000000001,0.007918999999999999,0.008229,6131430.0,282218000
siacoin,2016-09-27,0.000487,0.000489,0.000472,0.00047999999999999996,54927.0,9170610.0
steem,2016-09-27,0.563743,0.588353,0.544239,0.546937,97828.0,87802200
stellar,2016-09-27,0.002384,0.002601,0.002341,0.002549,136361.0,14527200
verge,2016-09-27,2.4e-05,3.6e-05,2.4e-05,2.4e-05,1276.0,308680
bitcoin,2016-09-28,606.24,606.59,604.61,604.73,48722600.0,9634530000
bitshares,2016-09-28,0.005104999999999999,0.005109000000000001,0.004957,0.004986,114401.0,13140400
bytecoin-bcn,2016-09-28,6.1e-05,6.6e-05,5.9999999999999995e-05,5.9999999999999995e-05,1636.0,11004000
dash,2016-09-28,11.64,11.64,11.47,11.59,380292.0,78749100
dogecoin,2016-09-28,0.00022999999999999998,0.000233,0.000226,0.000229,154501.0,24428500
ethereum,2016-09-28,13.11,13.48,13.08,13.27,10239000.0,1106330000.0
ethereum-classic,2016-09-28,1.2,1.27,1.2,1.25,2066680.0,101396000.0
lisk,2016-09-28,0.23642,0.24059899999999998,0.236346,0.23858800000000002,226676.0,23642000.0
litecoin,2016-09-28,3.85,3.87,3.83,3.84,1905040.0,183854000
monero,2016-09-28,9.33,9.5,9.19,9.4,1900470.0,121268000
nem,2016-09-28,0.004547,0.004779,0.004536999999999999,0.0046170000000000004,132509.0,40925600
neo,2016-09-28,0.197915,0.21275,0.184495,0.194798,6354.0,
ripple,2016-09-28,0.00822,0.009082,0.00822,0.009048,7558520.0,291479000
siacoin,2016-09-28,0.00047999999999999996,0.00048600000000000005,0.000469,0.00047400000000000003,62486.0,9067460.0
steem,2016-09-28,0.546994,0.5470659999999999,0.48918500000000004,0.505285,102663.0,85536200
stellar,2016-09-28,0.0025559999999999997,0.0033759999999999997,0.002443,0.003149,1211050.0,15570700
verge,2016-09-28,2.4e-05,3.6e-05,2.4e-05,2.8999999999999997e-05,521.0,307915
bitcoin,2016-09-29,605.02,606.82,604.85,605.69,55658600.0,9616160000
bitshares,2016-09-29,0.004986,0.005033,0.004797999999999999,0.004872,167995.0,12835600
bytecoin-bcn,2016-09-29,5.9999999999999995e-05,6.6e-05,5.5e-05,5.9999999999999995e-05,3598.0,10955700
dash,2016-09-29,11.59,12.15,11.58,12.01,627955.0,78432900
dogecoin,2016-09-29,0.000229,0.00023199999999999997,0.000226,0.000231,175265.0,24292700
ethereum,2016-09-29,13.28,13.34,13.07,13.07,5990630.0,1121060000.0
ethereum-classic,2016-09-29,1.25,1.29,1.22,1.27,1282790.0,105121000.0
lisk,2016-09-29,0.238558,0.23909699999999998,0.23472300000000001,0.23727800000000002,272689.0,23855800.0
litecoin,2016-09-29,3.84,3.86,3.83,3.85,1674200.0,183299000
monero,2016-09-29,9.4,9.41,8.32,8.71,5237580.0,122202000
nem,2016-09-29,0.00462,0.00469,0.003839,0.004006,299521.0,41577300
neo,2016-09-29,0.19484500000000002,0.208155,0.175516,0.19173800000000002,11050.0,
ripple,2016-09-29,0.009065,0.00909,0.008707,0.008914,5974090.0,321424000
siacoin,2016-09-29,0.00047400000000000003,0.000492,0.000463,0.00047000000000000004,78739.0,8960380.0
steem,2016-09-29,0.5131220000000001,0.520173,0.472438,0.514415,107442.0,80544300
stellar,2016-09-29,0.003136,0.003314,0.003032,0.003066,484615.0,19105200
verge,2016-09-29,2.8999999999999997e-05,2.8999999999999997e-05,2e-05,2.4e-05,974.0,370838
bitcoin,2016-09-30,605.72,609.74,604.14,609.74,56122400.0,9628250000
bitshares,2016-09-30,0.004871,0.004912,0.004765999999999999,0.004837,148524.0,12540000
bytecoin-bcn,2016-09-30,5.9999999999999995e-05,5.9999999999999995e-05,5.4000000000000005e-05,5.5e-05,1041.0,10979100
dash,2016-09-30,12.04,12.25,11.74,12.1,624527.0,81564000
dogecoin,2016-09-30,0.000229,0.00023500000000000002,0.000229,0.00023500000000000002,147126.0,24374500
ethereum,2016-09-30,13.08,13.34,13.02,13.22,5950840.0,1104530000.0
ethereum-classic,2016-09-30,1.27,1.27,1.24,1.26,745522.0,107096000.0
lisk,2016-09-30,0.237465,0.23876599999999998,0.235342,0.238563,189587.0,23746500.0
litecoin,2016-09-30,3.84,3.85,3.82,3.84,2104930.0,183655000
monero,2016-09-30,8.65,8.66,7.99,8.41,5300920.0,112519000
nem,2016-09-30,0.0040479999999999995,0.004622,0.0040420000000000005,0.004366,185871.0,36431000
neo,2016-09-30,0.191685,0.194601,0.180176,0.18493900000000002,2032.0,
ripple,2016-09-30,0.00891,0.00924,0.008789,0.00883,7561150.0,316085000
siacoin,2016-09-30,0.00047000000000000004,0.000491,0.000465,0.000488,57720.0,8910620.0
steem,2016-09-30,0.50981,0.50981,0.47592299999999993,0.492349,64863.0,80477300
stellar,2016-09-30,0.003017,0.003054,0.002799,0.0028469999999999997,320074.0,18380600
verge,2016-09-30,2.4e-05,2.9999999999999997e-05,2e-05,2.4e-05,722.0,308063
bitcoin,2016-10-01,609.93,615.24,609.93,613.98,56357000.0,9696280000
bitshares,2016-10-01,0.004837,0.0048909999999999995,0.004776,0.004871,90805.0,12452400
bytecoin-bcn,2016-10-01,5.5e-05,6.500000000000001e-05,5.5e-05,6.1e-05,6245.0,10018100
dash,2016-10-01,12.1,12.11,11.67,11.71,599642.0,81946600
dogecoin,2016-10-01,0.00023199999999999997,0.00023700000000000001,0.00022999999999999998,0.000233,149333.0,24699500
ethereum,2016-10-01,13.2,13.31,13.05,13.17,6331160.0,1115690000.0
ethereum-classic,2016-10-01,1.26,1.26,1.17,1.19,2443730.0,106140000.0
lisk,2016-10-01,0.23748200000000003,0.24257800000000002,0.230346,0.23364200000000002,237068.0,23748200.0
litecoin,2016-10-01,3.85,3.86,3.84,3.85,1426340.0,183883000
monero,2016-10-01,8.42,8.42,7.17,7.36,8319930.0,109642000
nem,2016-10-01,0.004374,0.004744,0.004374,0.004386,54594.0,39365200
neo,2016-10-01,0.184979,0.216455,0.184979,0.202293,2748.0,
ripple,2016-10-01,0.008839,0.008848,0.008186,0.008205,5895530.0,313570000
siacoin,2016-10-01,0.000491,0.000491,0.000465,0.000469,46567.0,9319560.0
steem,2016-10-01,0.489641,0.49291,0.440961,0.44563500000000006,84298.0,77728900
stellar,2016-10-01,0.002839,0.002927,0.002706,0.002763,187694.0,17298900
verge,2016-10-01,2.4e-05,3.1e-05,2.4e-05,2.5e-05,2089.0,310315
bitcoin,2016-10-02,613.95,614.0,609.68,610.89,39249800.0,9761330000
bitshares,2016-10-02,0.004873,0.004935,0.004796,0.004796,50268.0,12544400
bytecoin-bcn,2016-10-02,6.1e-05,6.1e-05,5.5e-05,5.5e-05,1615.0,11056400
dash,2016-10-02,11.71,11.97,11.64,11.78,418786.0,79364000
dogecoin,2016-10-02,0.00022999999999999998,0.000234,0.000229,0.00022999999999999998,63768.0,24466700
ethereum,2016-10-02,13.18,13.3,13.14,13.2,4079660.0,1114200000.0
ethereum-classic,2016-10-02,1.19,1.22,1.19,1.19,983089.0,100731000.0
lisk,2016-10-02,0.23346399999999998,0.23471599999999998,0.225496,0.225496,259666.0,23346400.0
litecoin,2016-10-02,3.85,3.88,3.82,3.84,1373630.0,183871000
monero,2016-10-02,7.33,8.48,7.32,8.3,4709360.0,95507100
nem,2016-10-02,0.004436,0.0045119999999999995,0.004286,0.004311,23396.0,39926200
neo,2016-10-02,0.202302,0.202303,0.177092,0.177279,4178.0,
ripple,2016-10-02,0.008197,0.008316,0.008084000000000001,0.008165,2072840.0,290783000
siacoin,2016-10-02,0.00047300000000000006,0.00047699999999999994,0.00045999999999999996,0.00045999999999999996,41746.0,8986560.0
steem,2016-10-02,0.445758,0.466725,0.42850699999999997,0.44396499999999994,128510.0,71293600
stellar,2016-10-02,0.002782,0.002995,0.002735,0.002867,105129.0,16946600
verge,2016-10-02,2.5e-05,3.1e-05,2.4e-05,2.4e-05,488.0,312552
bitcoin,2016-10-03,610.97,612.57,610.46,612.13,46798300.0,9714980000
bitshares,2016-10-03,0.004796,0.005156,0.004796,0.0050030000000000005,196682.0,12345400
bytecoin-bcn,2016-10-03,5.5e-05,6.1e-05,5.5e-05,5.5e-05,1444.0,10012800
dash,2016-10-03,11.79,12.27,11.78,11.89,485966.0,79945400
dogecoin,2016-10-03,0.00022999999999999998,0.00023700000000000001,0.00022999999999999998,0.000234,143210.0,24492400
ethereum,2016-10-03,13.2,13.49,13.19,13.45,7458320.0,1116600000.0
ethereum-classic,2016-10-03,1.19,1.22,1.17,1.19,1573360.0,100887000.0
lisk,2016-10-03,0.225539,0.23961100000000002,0.225539,0.23925500000000002,227447.0,22553900.0
litecoin,2016-10-03,3.85,3.85,3.83,3.84,1207110.0,184113000
monero,2016-10-03,8.31,8.55,7.82,7.95,3249380.0,108330000
nem,2016-10-03,0.004343,0.004379,0.004222,0.004285,38939.0,39089800
neo,2016-10-03,0.17761300000000002,0.192425,0.17761300000000002,0.178713,913.0,
ripple,2016-10-03,0.008165,0.008241,0.008065000000000001,0.008089,2776300.0,289639000
siacoin,2016-10-03,0.000469,0.00048600000000000005,0.000465,0.00047000000000000004,63126.0,8929680.0
steem,2016-10-03,0.444061,0.484142,0.438,0.44575200000000004,76030.0,71465600
stellar,2016-10-03,0.002872,0.002873,0.002708,0.00271,83760.0,17495000
verge,2016-10-03,2.4e-05,3.1e-05,2.4e-05,2.4e-05,453.0,310538
bitcoin,2016-10-04,612.05,612.05,609.48,610.2,49801600.0,9733330000
bitshares,2016-10-04,0.005,0.005047,0.004835,0.004854,70115.0,12872200
bytecoin-bcn,2016-10-04,5.5e-05,6.1e-05,5.5e-05,5.5e-05,1326.0,10012200
dash,2016-10-04,11.88,12.06,11.7,12.06,428041.0,80553000
dogecoin,2016-10-04,0.000236,0.00023700000000000001,0.000229,0.000229,121528.0,25105300
ethereum,2016-10-04,13.45,13.53,13.21,13.28,8348280.0,1137980000.0
ethereum-classic,2016-10-04,1.19,1.2,1.16,1.16,1142370.0,100983000.0
lisk,2016-10-04,0.239306,0.240207,0.23287399999999997,0.233913,255553.0,23930600.0
litecoin,2016-10-04,3.84,3.84,3.82,3.82,1116870.0,183632000
monero,2016-10-04,7.95,8.12,7.45,7.65,2425600.0,103654000
nem,2016-10-04,0.004285,0.004446,0.004232,0.004256,54405.0,38566500
neo,2016-10-04,0.17865899999999998,0.185843,0.17865899999999998,0.185843,506.0,
ripple,2016-10-04,0.008115,0.008131999999999999,0.007853,0.007853,2642950.0,287883000
siacoin,2016-10-04,0.00047000000000000004,0.00048600000000000005,0.00044500000000000003,0.000465,113366.0,8976650.0
steem,2016-10-04,0.443091,0.449675,0.400883,0.40747,152421.0,71752900
stellar,2016-10-04,0.002705,0.002758,0.0025670000000000003,0.00259,100249.0,16478600
verge,2016-10-04,2.4e-05,2.8000000000000003e-05,2.3e-05,2.4e-05,305.0,311514
bitcoin,2016-10-05,610.22,613.81,609.62,612.51,68077500.0,9705320000
bitshares,2016-10-05,0.004849,0.004967,0.004821,0.004888,63198.0,12483800
bytecoin-bcn,2016-10-05,5.5e-05,6.1e-05,5.4000000000000005e-05,5.6000000000000006e-05,2432.0,9979100
dash,2016-10-05,12.05,12.06,11.83,12.03,459125.0,81727600
dogecoin,2016-10-05,0.000229,0.000233,0.00022799999999999999,0.000233,59006.0,24346000
ethereum,2016-10-05,13.28,13.35,13.04,13.04,9881370.0,1124270000.0
ethereum-classic,2016-10-05,1.16,1.23,1.16,1.19,1992410.0,98217700.0
lisk,2016-10-05,0.233844,0.238735,0.225252,0.229213,288399.0,23384400.0
litecoin,2016-10-05,3.83,3.85,3.83,3.84,1394850.0,183364000
monero,2016-10-05,7.66,7.66,6.13,6.76,9101390.0,99903600
nem,2016-10-05,0.004256,0.004367,0.004219,0.004336,31162.0,38300600
neo,2016-10-05,0.185765,0.289548,0.179917,0.289392,1864.0,
ripple,2016-10-05,0.007873,0.007895000000000001,0.0074069999999999995,0.007435,4840340.0,279308000
siacoin,2016-10-05,0.000465,0.00047000000000000004,0.000454,0.00045700000000000005,33253.0,8893610.0
steem,2016-10-05,0.40883600000000003,0.436667,0.400634,0.417342,116586.0,66698000
stellar,2016-10-05,0.00259,0.002604,0.00242,0.0024850000000000002,119902.0,15780400
verge,2016-10-05,2.4e-05,2.9999999999999997e-05,2.4e-05,2.5e-05,269.0,305401
bitcoin,2016-10-06,612.47,613.82,611.47,613.02,56812100.0,9742370000
bitshares,2016-10-06,0.004905,0.005072,0.004899000000000001,0.0050479999999999995,95935.0,12627400
bytecoin-bcn,2016-10-06,5.9999999999999995e-05,6.1e-05,5.4000000000000005e-05,5.5e-05,891.0,10878200
dash,2016-10-06,12.05,12.26,12.0,12.06,572725.0,81854800
dogecoin,2016-10-06,0.00022999999999999998,0.000234,0.000223,0.000223,316034.0,24492900
ethereum,2016-10-06,13.03,13.14,12.69,12.85,12044800.0,1102940000.0
ethereum-classic,2016-10-06,1.19,1.19,1.16,1.17,1017020.0,100554000.0
lisk,2016-10-06,0.229357,0.229423,0.219248,0.22422199999999998,338222.0,22935700.0
litecoin,2016-10-06,3.85,3.86,3.83,3.85,1415940.0,184097000
monero,2016-10-06,6.71,7.29,6.37,7.18,4738590.0,87617200
nem,2016-10-06,0.00435,0.004439,0.0043170000000000005,0.004399,26339.0,39145900
neo,2016-10-06,0.28936100000000003,0.29133400000000004,0.180059,0.180059,2612.0,
ripple,2016-10-06,0.007429000000000001,0.00746,0.007320999999999999,0.007382,2826190.0,263560000
siacoin,2016-10-06,0.00045599999999999997,0.000468,0.000446,0.000454,32938.0,8743280.0
steem,2016-10-06,0.41613199999999995,0.423516,0.402997,0.405304,47109.0,68290600
stellar,2016-10-06,0.002497,0.00253,0.002282,0.002306,108291.0,15210900
verge,2016-10-06,2.5e-05,3.1e-05,2.4e-05,2.5e-05,1426.0,315323
bitcoin,2016-10-07,612.61,617.91,611.82,617.12,64071400.0,9745740000
bitshares,2016-10-07,0.0050479999999999995,0.005057,0.0049299999999999995,0.004963,101262.0,12994800
bytecoin-bcn,2016-10-07,5.5e-05,6.1e-05,5.5e-05,6.1e-05,2121.0,10004400
dash,2016-10-07,12.05,12.13,11.75,11.87,540185.0,81894000
dogecoin,2016-10-07,0.000223,0.000231,0.000223,0.00022799999999999999,100431.0,23731500
ethereum,2016-10-07,12.85,12.99,12.53,12.67,8933050.0,1088570000.0
ethereum-classic,2016-10-07,1.17,1.18,1.15,1.17,1012830.0,99343800.0
lisk,2016-10-07,0.22415500000000002,0.230382,0.217964,0.22343200000000002,276562.0,22415500.0
litecoin,2016-10-07,3.84,3.86,3.83,3.86,1596220.0,183775000
monero,2016-10-07,7.19,7.67,6.56,6.89,4458730.0,93848400
nem,2016-10-07,0.004398,0.004398,0.003829,0.004019,127648.0,39583500
neo,2016-10-07,0.179898,0.20284000000000002,0.179898,0.20284000000000002,5785.0,
ripple,2016-10-07,0.007377,0.007459,0.00735,0.007377,3042600.0,261722000
siacoin,2016-10-07,0.000454,0.000462,0.00044800000000000005,0.000452,34045.0,8708030.0
steem,2016-10-07,0.404658,0.40621799999999997,0.375386,0.37705,91898.0,66805700
stellar,2016-10-07,0.002306,0.002438,0.00227,0.002374,72283.0,14046100
verge,2016-10-07,2.5e-05,2.9999999999999997e-05,2.4e-05,2.5e-05,235.0,313136
bitcoin,2016-10-08,617.34,619.85,617.34,619.11,42345900.0,9822100000
bitshares,2016-10-08,0.004964,0.004966,0.004849,0.0048920000000000005,61342.0,12780400
bytecoin-bcn,2016-10-08,6.1e-05,6.1e-05,5.5e-05,5.6000000000000006e-05,760.0,11090800
dash,2016-10-08,11.88,11.99,11.65,11.72,362282.0,80713900
dogecoin,2016-10-08,0.00022799999999999999,0.00022999999999999998,0.000225,0.000225,91295.0,24198600
ethereum,2016-10-08,12.67,12.69,12.05,12.22,11611200.0,1073990000.0
ethereum-classic,2016-10-08,1.17,1.2,1.16,1.18,988691.0,99103100.0
lisk,2016-10-08,0.22357399999999997,0.22435700000000003,0.21052300000000002,0.21951700000000002,285140.0,22357400.0
litecoin,2016-10-08,3.86,3.87,3.84,3.84,1544210.0,185048000
monero,2016-10-08,6.89,7.18,6.62,6.88,1795650.0,90046400
nem,2016-10-08,0.004029,0.004065999999999999,0.003914,0.003954999999999999,66933.0,36259700
neo,2016-10-08,0.202812,0.22303699999999999,0.185864,0.205229,31830.0,
ripple,2016-10-08,0.007370999999999999,0.007377,0.007259999999999999,0.00731,2019560.0,261504000
siacoin,2016-10-08,0.000453,0.000459,0.00044500000000000003,0.000449,24878.0,8698490.0
steem,2016-10-08,0.377281,0.415429,0.36941799999999997,0.383549,173141.0,62652300
stellar,2016-10-08,0.002386,0.002388,0.002283,0.002317,36449.0,15725800
verge,2016-10-08,2.5e-05,3.1e-05,2.5e-05,2.5e-05,627.0,317591
bitcoin,2016-10-09,619.17,619.2,616.61,616.75,39243400.0,9852480000
bitshares,2016-10-09,0.0048920000000000005,0.004925,0.004835,0.004849,44254.0,12595700
bytecoin-bcn,2016-10-09,5.6000000000000006e-05,6.1e-05,5.5e-05,5.9999999999999995e-05,857.0,10107100
dash,2016-10-09,11.73,11.86,11.59,11.59,389417.0,79726300
dogecoin,2016-10-09,0.00022799999999999999,0.000231,0.000226,0.00022799999999999999,72974.0,24234500
ethereum,2016-10-09,12.22,12.36,11.98,12.05,7208480.0,1035590000.0
ethereum-classic,2016-10-09,1.18,1.19,1.17,1.17,397777.0,100236000.0
lisk,2016-10-09,0.21926700000000002,0.220415,0.21081799999999998,0.215135,176536.0,21926700.0
litecoin,2016-10-09,3.84,3.85,3.81,3.82,1239070.0,184174000
monero,2016-10-09,6.9,7.69,6.89,7.48,2820040.0,90201300
nem,2016-10-09,0.003953,0.0039770000000000005,0.003825,0.0038770000000000002,34308.0,35577700
neo,2016-10-09,0.20504499999999998,0.20504499999999998,0.178857,0.186541,30052.0,
ripple,2016-10-09,0.00731,0.007562999999999999,0.007298999999999999,0.007543000000000001,3390900.0,259324000
siacoin,2016-10-09,0.000449,0.00045599999999999997,0.000442,0.000452,41654.0,8647320.0
steem,2016-10-09,0.38356999999999997,0.3862,0.342202,0.350211,106808.0,64191500
stellar,2016-10-09,0.002317,0.002432,0.00224,0.002376,167282.0,15267300
verge,2016-10-09,2.5e-05,2.9999999999999997e-05,2.5e-05,2.5e-05,635.0,316497
bitcoin,2016-10-10,616.82,621.32,616.2,618.99,67481100.0,9816270000
bitshares,2016-10-10,0.004847,0.004993,0.004811,0.004935,75937.0,12478700
bytecoin-bcn,2016-10-10,5.9999999999999995e-05,6.1e-05,5.5e-05,6.1e-05,2364.0,10864600
dash,2016-10-10,11.59,11.76,11.57,11.69,342278.0,78807400
dogecoin,2016-10-10,0.00022799999999999999,0.000231,0.000227,0.00022799999999999999,74304.0,24259200
ethereum,2016-10-10,12.06,12.06,11.62,11.76,10809200.0,1022860000.0
ethereum-classic,2016-10-10,1.17,1.17,1.15,1.15,1148440.0,99081600.0
lisk,2016-10-10,0.21459099999999998,0.237697,0.210079,0.21599400000000002,311046.0,21459100.0
litecoin,2016-10-10,3.82,3.83,3.78,3.8,1420790.0,183200000
monero,2016-10-10,7.56,7.59,6.78,6.94,3179780.0,98958700
nem,2016-10-10,0.0038770000000000002,0.0038840000000000003,0.003472,0.003546,142522.0,34893000
neo,2016-10-10,0.18646600000000002,0.202517,0.180081,0.193108,11204.0,
ripple,2016-10-10,0.007542,0.008105,0.007542,0.007978,6150610.0,267572000
siacoin,2016-10-10,0.000452,0.000469,0.00044,0.000452,56252.0,8717780.0
steem,2016-10-10,0.351061,0.354918,0.29901300000000003,0.303636,203280.0,59080400
stellar,2016-10-10,0.00238,0.002559,0.002298,0.002466,119501.0,15686300
verge,2016-10-10,2.5e-05,3.1e-05,2.5e-05,2.5e-05,1691.0,315383
bitcoin,2016-10-11,619.24,642.08,618.5,641.07,103590000.0,9855650000
bitshares,2016-10-11,0.0049689999999999995,0.0049689999999999995,0.004726,0.004726,158557.0,12794200
bytecoin-bcn,2016-10-11,6.1e-05,6.3e-05,5.1e-05,5.1e-05,11910.0,11105300
dash,2016-10-11,11.69,11.84,11.48,11.73,616754.0,79511500
dogecoin,2016-10-11,0.00022799999999999999,0.00023500000000000002,0.000223,0.00022999999999999998,255195.0,24233700
ethereum,2016-10-11,11.76,12.16,11.75,11.79,11727700.0,997949000.0
ethereum-classic,2016-10-11,1.15,1.17,1.09,1.1,2255700.0,97634800.0
lisk,2016-10-11,0.21614099999999997,0.221829,0.20998200000000003,0.211765,322079.0,21614100.0
litecoin,2016-10-11,3.8,3.84,3.79,3.82,2025380.0,182337000
monero,2016-10-11,6.92,7.74,6.6,7.28,5966020.0,90612500
nem,2016-10-11,0.003547,0.004944,0.003508,0.004547,708261.0,31924700
neo,2016-10-11,0.193114,0.195352,0.181615,0.193575,5949.0,
ripple,2016-10-11,0.007993,0.008324,0.007905,0.008234,4003630.0,283575000
siacoin,2016-10-11,0.000452,0.000463,0.000443,0.000454,57989.0,8736540.0
steem,2016-10-11,0.303813,0.311784,0.261232,0.261232,103182.0,51480500
stellar,2016-10-11,0.002467,0.003094,0.002361,0.002679,429422.0,16899400
verge,2016-10-11,2.5e-05,3.2e-05,2.5e-05,2.6000000000000002e-05,523.0,316514
bitcoin,2016-10-12,640.87,641.34,635.97,636.19,92370200.0,10201000000
bitshares,2016-10-12,0.004733,0.004806,0.004712,0.0047539999999999995,107193.0,12187500
bytecoin-bcn,2016-10-12,5.1e-05,5.7999999999999994e-05,5.1e-05,5.1e-05,3465.0,9326450
dash,2016-10-12,11.74,11.97,11.33,11.43,535850.0,79911200
dogecoin,2016-10-12,0.00022999999999999998,0.00022999999999999998,0.00022400000000000002,0.000225,136557.0,24492900
ethereum,2016-10-12,11.78,12.07,11.71,11.93,9694640.0,1000220000.0
ethereum-classic,2016-10-12,1.1,1.1,1.01,1.04,2752650.0,93070700.0
lisk,2016-10-12,0.211002,0.21614099999999997,0.20616199999999998,0.207292,339619.0,21100200.0
litecoin,2016-10-12,3.82,3.83,3.76,3.76,3154520.0,183178000
monero,2016-10-12,7.28,7.62,7.17,7.31,2034800.0,95343700
nem,2016-10-12,0.004545,0.004582,0.003928,0.004045,168465.0,40909200
neo,2016-10-12,0.19361099999999998,0.19361099999999998,0.17568399999999998,0.186052,12201.0,
ripple,2016-10-12,0.008208,0.008506999999999999,0.007934,0.007949,2943130.0,291174000
siacoin,2016-10-12,0.000454,0.000459,0.000421,0.00042800000000000005,83810.0,8784480.0
steem,2016-10-12,0.261203,0.335846,0.24849200000000002,0.292611,106481.0,44548900
stellar,2016-10-12,0.0026780000000000003,0.002742,0.002628,0.002637,76408.0,18349200
verge,2016-10-12,2.6000000000000002e-05,3.2e-05,1.9e-05,1.9e-05,1993.0,327906
bitcoin,2016-10-13,636.03,638.83,635.03,636.79,61620700.0,10125100000
bitshares,2016-10-13,0.0047539999999999995,0.004829,0.004683,0.004683,104586.0,12241300
bytecoin-bcn,2016-10-13,5.1e-05,5.6999999999999996e-05,5.1e-05,5.2000000000000004e-05,1149.0,9323140
dash,2016-10-13,11.43,11.67,11.39,11.44,351218.0,77803800
dogecoin,2016-10-13,0.000225,0.000229,0.000221,0.000227,74930.0,23967100
ethereum,2016-10-13,11.91,12.13,11.78,11.96,8665190.0,1011190000.0
ethereum-classic,2016-10-13,1.04,1.05,0.985671,1.01,1430120.0,87844800.0
lisk,2016-10-13,0.207328,0.21246199999999998,0.200272,0.202016,220006.0,20732800.0
litecoin,2016-10-13,3.75,3.92,3.75,3.91,3798640.0,179685000
monero,2016-10-13,7.28,7.31,6.78,6.91,2079340.0,95353000
nem,2016-10-13,0.004045,0.004281,0.003943,0.004128,83166.0,36401900
neo,2016-10-13,0.18607200000000002,0.18607200000000002,0.17549800000000002,0.185407,1318.0,
ripple,2016-10-13,0.007951,0.007984,0.007867,0.007982,1009720.0,282061000
siacoin,2016-10-13,0.00042800000000000005,0.00046100000000000004,0.00042,0.00042800000000000005,78766.0,8307210.0
steem,2016-10-13,0.292541,0.323201,0.27474699999999996,0.299119,74996.0,50204200
stellar,2016-10-13,0.002637,0.0026620000000000003,0.002482,0.002539,52851.0,18069600
verge,2016-10-13,1.9e-05,3.2e-05,1.9e-05,2.5e-05,389.0,245065
bitcoin,2016-10-14,637.01,641.28,637.01,640.38,58144600.0,10141600000
bitshares,2016-10-14,0.004718,0.004743,0.0044740000000000005,0.0044740000000000005,178246.0,12147700
bytecoin-bcn,2016-10-14,5.6999999999999996e-05,6.3e-05,5.1e-05,5.6999999999999996e-05,4293.0,10319700
dash,2016-10-14,11.44,11.68,11.41,11.53,434177.0,77899700
dogecoin,2016-10-14,0.000227,0.00022799999999999999,0.00022200000000000003,0.000227,94112.0,24136400
ethereum,2016-10-14,11.99,12.07,11.9,11.94,4333510.0,1018390000.0
ethereum-classic,2016-10-14,1.01,1.01,0.987065,0.9910680000000001,928586.0,85829400.0
lisk,2016-10-14,0.201882,0.203739,0.18507200000000001,0.18523,470917.0,20188200.0
litecoin,2016-10-14,3.91,3.92,3.89,3.9,2142390.0,187679000
monero,2016-10-14,6.94,7.18,6.83,6.92,1682900.0,90958000
nem,2016-10-14,0.004224,0.00456,0.0041259999999999995,0.004275,112493.0,38012400
neo,2016-10-14,0.1854,0.19109,0.17621099999999998,0.19101400000000002,2335.0,
ripple,2016-10-14,0.00798,0.00896,0.00797,0.008767,1915430.0,283105000
siacoin,2016-10-14,0.00042800000000000005,0.000442,0.000421,0.000437,32723.0,8319880.0
steem,2016-10-14,0.299186,0.303613,0.2567,0.264901,71360.0,51920900
stellar,2016-10-14,0.002536,0.002537,0.0023769999999999998,0.002479,100389.0,17374200
verge,2016-10-14,2.5e-05,3.2e-05,1.9e-05,2e-05,153.0,325334
bitcoin,2016-10-15,640.31,642.1,637.39,638.65,39035400.0,10195200000
bitshares,2016-10-15,0.004456,0.004566,0.004407,0.004566,92372.0,11474100
bytecoin-bcn,2016-10-15,5.6999999999999996e-05,6.3e-05,5.2000000000000004e-05,5.6999999999999996e-05,1791.0,10417600
dash,2016-10-15,11.52,11.63,11.05,11.1,421471.0,78467700
dogecoin,2016-10-15,0.000225,0.00022799999999999999,0.000221,0.00022400000000000002,54319.0,23947700
ethereum,2016-10-15,11.94,12.0,11.78,11.98,4991840.0,1014280000.0
ethereum-classic,2016-10-15,0.9909889999999999,0.9987790000000001,0.990081,0.9925729999999999,574708.0,84120800.0
lisk,2016-10-15,0.183557,0.19347,0.17465899999999998,0.179811,383196.0,18355700.0
litecoin,2016-10-15,3.9,3.91,3.87,3.87,1664980.0,187173000
monero,2016-10-15,6.92,6.93,6.45,6.56,1709700.0,90768800
nem,2016-10-15,0.004275,0.004305,0.003973,0.0040030000000000005,34639.0,38477600
neo,2016-10-15,0.19100699999999998,0.19100699999999998,0.179885,0.179885,596.0,
ripple,2016-10-15,0.008768999999999999,0.008884999999999999,0.00813,0.008145999999999999,781979.0,311086000
siacoin,2016-10-15,0.00043799999999999997,0.00044100000000000004,0.000424,0.000429,20861.0,8514170.0
steem,2016-10-15,0.26737,0.272494,0.256623,0.262203,49942.0,46717100
stellar,2016-10-15,0.002479,0.002509,0.002412,0.002439,14235.0,16983100
verge,2016-10-15,2e-05,2.6000000000000002e-05,1.9e-05,2.6000000000000002e-05,610.0,250227
bitcoin,2016-10-16,639.08,642.9,638.9,641.63,40298100.0,10176800000
bitshares,2016-10-16,0.00457,0.004581,0.004438,0.004468,34037.0,11768000
bytecoin-bcn,2016-10-16,5.6999999999999996e-05,5.7999999999999994e-05,5.2000000000000004e-05,5.6999999999999996e-05,1494.0,10406700
dash,2016-10-16,11.1,11.29,10.85,10.85,421644.0,75628100
dogecoin,2016-10-16,0.000225,0.00022799999999999999,0.00022,0.000223,73212.0,23933400
ethereum,2016-10-16,11.98,12.01,11.93,11.95,3617280.0,1018540000.0
ethereum-classic,2016-10-16,0.992743,1.21,0.990742,1.2,3374640.0,84301800.0
lisk,2016-10-16,0.17968800000000001,0.184678,0.178473,0.180824,151522.0,17968800.0
litecoin,2016-10-16,3.88,3.91,3.88,3.89,2160150.0,186368000
monero,2016-10-16,6.57,6.63,6.12,6.38,2548440.0,86233800
nem,2016-10-16,0.00399,0.004074,0.003979,0.003988,13009.0,35906400
neo,2016-10-16,0.179883,0.19069,0.17588499999999999,0.175901,16019.0,
ripple,2016-10-16,0.008137,0.00823,0.008055,0.008078,608355.0,288675000
siacoin,2016-10-16,0.000429,0.000429,0.00041,0.000414,36332.0,8358280.0
steem,2016-10-16,0.261992,0.280498,0.249996,0.258242,95639.0,46101700
stellar,2016-10-16,0.002437,0.002496,0.0024,0.002418,57966.0,16693700
verge,2016-10-16,2.6000000000000002e-05,2.6000000000000002e-05,1.9e-05,2.6000000000000002e-05,2180.0,326819
bitcoin,2016-10-17,641.82,642.33,638.66,639.19,58063600.0,10221300000
bitshares,2016-10-17,0.0044659999999999995,0.0044659999999999995,0.00413,0.004229,175996.0,11500600
bytecoin-bcn,2016-10-17,5.6999999999999996e-05,5.6999999999999996e-05,5.1e-05,5.2000000000000004e-05,2808.0,10435500
dash,2016-10-17,10.84,10.88,10.52,10.62,501778.0,73893100
dogecoin,2016-10-17,0.000223,0.000225,0.000221,0.000221,94380.0,23711200
ethereum,2016-10-17,11.96,12.03,11.86,12.01,5724440.0,1016710000.0
ethereum-classic,2016-10-17,1.2,1.2,1.07,1.07,3167420.0,101983000.0
lisk,2016-10-17,0.18087999999999999,0.18973399999999999,0.178697,0.181202,233512.0,18088000.0
litecoin,2016-10-17,3.89,3.92,3.86,3.91,1716740.0,186886000
monero,2016-10-17,6.39,6.41,5.7,6.28,3659990.0,83992100
nem,2016-10-17,0.003989,0.00399,0.003657,0.003814,86945.0,35897900
neo,2016-10-17,0.175871,0.192747,0.175284,0.192747,12989.0,
ripple,2016-10-17,0.008079000000000001,0.008144,0.008011,0.008029999999999999,2485290.0,286614000
siacoin,2016-10-17,0.000414,0.000424,0.000388,0.000405,71881.0,8083730.0
steem,2016-10-17,0.258535,0.271406,0.24841100000000002,0.251779,72321.0,45806000
stellar,2016-10-17,0.002419,0.002434,0.00227,0.002291,58355.0,16574200
verge,2016-10-17,2.6000000000000002e-05,3.2e-05,1.9e-05,2.6000000000000002e-05,698.0,328362
bitcoin,2016-10-18,639.41,640.74,636.0,637.96,65546700.0,10184000000
bitshares,2016-10-18,0.004228,0.004574,0.004228,0.004529,113187.0,10888600
bytecoin-bcn,2016-10-18,5.1e-05,5.6999999999999996e-05,5.1e-05,5.1e-05,1279.0,9354880
dash,2016-10-18,10.62,10.62,9.97,10.21,622564.0,72371800
dogecoin,2016-10-18,0.000223,0.00022400000000000002,0.00022,0.000221,63436.0,23706100
ethereum,2016-10-18,12.0,12.93,12.0,12.59,18864200.0,1020530000.0
ethereum-classic,2016-10-18,1.07,1.08,1.02,1.06,1721510.0,91309400.0
lisk,2016-10-18,0.181899,0.183687,0.17608800000000002,0.17934,251222.0,18189900.0
litecoin,2016-10-18,3.95,4.23,3.83,3.84,1790400.0,189918000
monero,2016-10-18,6.29,6.79,6.08,6.57,2342430.0,82636300
nem,2016-10-18,0.003814,0.004154,0.003718,0.003875,34164.0,34329500
neo,2016-10-18,0.192736,0.289527,0.179325,0.19744,406917.0,
ripple,2016-10-18,0.008032,0.00835,0.008026,0.00835,3782990.0,284943000
siacoin,2016-10-18,0.000395,0.000405,0.00039,0.000396,29762.0,7729390.0
steem,2016-10-18,0.251008,0.254389,0.236904,0.244464,72849.0,44800800
stellar,2016-10-18,0.00229,0.002419,0.002284,0.002388,31261.0,15692600
verge,2016-10-18,2.6000000000000002e-05,3.2e-05,1.9e-05,2.6000000000000002e-05,1732.0,326340
bitcoin,2016-10-19,638.13,638.87,628.01,630.52,69381700.0,10164800000
bitshares,2016-10-19,0.004546,0.004644,0.0044340000000000004,0.004451,69988.0,11707200
bytecoin-bcn,2016-10-19,5.1e-05,5.6999999999999996e-05,5e-05,5.1e-05,1509.0,9306770
dash,2016-10-19,10.2,10.46,10.13,10.29,623278.0,69574100
dogecoin,2016-10-19,0.00022200000000000003,0.000223,0.000217,0.00021899999999999998,102827.0,23629600
ethereum,2016-10-19,12.59,12.62,11.91,12.02,10576200.0,1071710000.0
ethereum-classic,2016-10-19,1.06,1.08,1.03,1.05,1033890.0,89893500.0
lisk,2016-10-19,0.179077,0.182418,0.172783,0.181382,229047.0,17907700.0
litecoin,2016-10-19,3.85,3.86,3.78,3.8,2243800.0,184789000
monero,2016-10-19,6.57,7.13,6.49,6.62,2304340.0,86328800
nem,2016-10-19,0.003875,0.00412,0.003771,0.003803,40187.0,34877600
neo,2016-10-19,0.197446,0.205554,0.111325,0.117084,228476.0,
ripple,2016-10-19,0.008348000000000001,0.008637,0.008318,0.008627,3360180.0,296137000
siacoin,2016-10-19,0.000396,0.000453,0.000396,0.000437,156386.0,7755740.0
steem,2016-10-19,0.241457,0.25768800000000003,0.231895,0.23448899999999998,68913.0,43356400
stellar,2016-10-19,0.002388,0.002411,0.002257,0.002339,61624.0,16359100
verge,2016-10-19,2.6000000000000002e-05,3.2e-05,2.5e-05,2.5e-05,315.0,326423
bitcoin,2016-10-20,630.66,631.92,628.26,630.86,56957300.0,10046700000
bitshares,2016-10-20,0.004451,0.004628,0.004389,0.004588,51736.0,11462200
bytecoin-bcn,2016-10-20,5.1e-05,5.6999999999999996e-05,5e-05,5.6000000000000006e-05,3881.0,9255990
dash,2016-10-20,10.3,10.78,10.24,10.5,1118960.0,70293600
dogecoin,2016-10-20,0.000217,0.00022200000000000003,0.000217,0.000221,72548.0,23144000
ethereum,2016-10-20,12.05,12.29,12.0,12.1,8170760.0,1025620000.0
ethereum-classic,2016-10-20,1.05,1.06,1.04,1.04,715948.0,89675000.0
lisk,2016-10-20,0.181373,0.192647,0.17868900000000001,0.192647,362233.0,18137300.0
litecoin,2016-10-20,3.81,3.82,3.77,3.78,2417550.0,183013000
monero,2016-10-20,6.63,7.2,6.48,6.56,2510020.0,87199300
nem,2016-10-20,0.003803,0.0038350000000000003,0.003619,0.0037380000000000004,70155.0,34226700
neo,2016-10-20,0.11708299999999999,0.117172,0.085342,0.092682,286750.0,
ripple,2016-10-20,0.008636,0.009124,0.008620000000000001,0.009092,5895540.0,306377000
siacoin,2016-10-20,0.000452,0.00045999999999999996,0.00043099999999999996,0.000442,131645.0,8867500.0
steem,2016-10-20,0.23421799999999998,0.248608,0.232567,0.239862,61468.0,42294700
stellar,2016-10-20,0.002336,0.002708,0.002336,0.00267,245923.0,16004800
verge,2016-10-20,2.5e-05,3.1e-05,2.4e-05,2.4e-05,1096.0,321583
bitcoin,2016-10-21,630.83,634.09,630.69,632.83,55951000.0,10050300000
bitshares,2016-10-21,0.004588,0.004588,0.004416,0.004451,40979.0,11814100
bytecoin-bcn,2016-10-21,5.1e-05,6.2e-05,5.1e-05,5.6999999999999996e-05,2717.0,9176100
dash,2016-10-21,10.55,10.87,10.46,10.77,1101460.0,71970700
dogecoin,2016-10-21,0.000221,0.00022200000000000003,0.000218,0.000218,50624.0,23551500
ethereum,2016-10-21,12.13,12.21,12.02,12.18,5676920.0,1033140000.0
ethereum-classic,2016-10-21,1.04,1.06,1.03,1.03,787404.0,88668400.0
lisk,2016-10-21,0.192745,0.19376600000000002,0.187217,0.189527,264112.0,19274500.0
litecoin,2016-10-21,3.79,3.83,3.76,3.81,2881980.0,182216000
monero,2016-10-21,6.59,6.91,6.43,6.78,1960270.0,86682400
nem,2016-10-21,0.003747,0.0037719999999999997,0.0036409999999999997,0.0037049999999999995,42624.0,33721200
neo,2016-10-21,0.092487,0.093918,0.072287,0.08018099999999999,269793.0,
ripple,2016-10-21,0.00909,0.009128,0.008856000000000001,0.009029,4055710.0,322602000
siacoin,2016-10-21,0.000442,0.000463,0.00043,0.00045099999999999996,123915.0,8695220.0
steem,2016-10-21,0.239828,0.239828,0.228285,0.23926399999999998,43734.0,43544900
stellar,2016-10-21,0.002668,0.002703,0.0023989999999999997,0.0024760000000000003,184807.0,18278200
verge,2016-10-21,2.4e-05,3.2e-05,2.3e-05,2.5e-05,1292.0,304412
bitcoin,2016-10-22,633.14,658.2,632.85,657.29,78556500.0,10088400000
bitshares,2016-10-22,0.004451,0.004592000000000001,0.004427,0.0045780000000000005,63440.0,11461700
bytecoin-bcn,2016-10-22,5.6999999999999996e-05,6.500000000000001e-05,5.6999999999999996e-05,5.9e-05,2864.0,10322000
dash,2016-10-22,10.77,10.78,10.26,10.36,1057070.0,73483300
dogecoin,2016-10-22,0.000218,0.000226,0.000218,0.000223,104100.0,23267900
ethereum,2016-10-22,12.18,12.19,11.95,12.07,7583820.0,1037850000.0
ethereum-classic,2016-10-22,1.03,1.05,1.03,1.05,1046830.0,87678400.0
lisk,2016-10-22,0.18946400000000002,0.190495,0.178993,0.18024500000000002,386420.0,18946400.0
litecoin,2016-10-22,3.81,3.91,3.8,3.89,3858130.0,183201000
monero,2016-10-22,6.79,6.81,6.24,6.52,2274680.0,89371800
nem,2016-10-22,0.0037049999999999995,0.003781,0.003607,0.0037450000000000005,29359.0,33341100
neo,2016-10-22,0.080197,0.096001,0.080013,0.081484,293121.0,
ripple,2016-10-22,0.009027,0.009081,0.008864,0.008971999999999999,1649580.0,320363000
siacoin,2016-10-22,0.00045099999999999996,0.000465,0.00042199999999999996,0.00044100000000000004,184700.0,8890580.0
steem,2016-10-22,0.237654,0.239511,0.225413,0.228142,89216.0,43401600
stellar,2016-10-22,0.00247,0.0025210000000000002,0.002353,0.002407,80103.0,16924000
verge,2016-10-22,2.5e-05,3.3e-05,2.5e-05,2.7000000000000002e-05,464.0,325129
bitcoin,2016-10-23,657.62,661.13,653.89,657.07,54474600.0,10479700000
bitshares,2016-10-23,0.00458,0.004593,0.004396,0.004458,51669.0,11793500
bytecoin-bcn,2016-10-23,5.9e-05,6.500000000000001e-05,5.3e-05,5.9e-05,1282.0,10738200
dash,2016-10-23,10.37,10.47,9.95,9.96,1071280.0,70799500
dogecoin,2016-10-23,0.000223,0.000225,0.00021899999999999998,0.000221,64536.0,23792300
ethereum,2016-10-23,12.13,12.14,11.94,12.04,5774660.0,1033970000.0
ethereum-classic,2016-10-23,1.05,1.05,1.03,1.05,548805.0,89059000.0
lisk,2016-10-23,0.180585,0.18146900000000002,0.170011,0.170472,249105.0,18058500.0
litecoin,2016-10-23,3.89,3.94,3.89,3.92,3927550.0,187295000
monero,2016-10-23,6.52,6.69,6.45,6.51,561283.0,85978900
nem,2016-10-23,0.003747,0.0037770000000000004,0.00361,0.003751,56694.0,33724900
neo,2016-10-23,0.081487,0.085211,0.076681,0.082726,107073.0,
ripple,2016-10-23,0.008976999999999999,0.009454,0.008915000000000001,0.009454,974189.0,318562000
siacoin,2016-10-23,0.000442,0.000446,0.00042699999999999997,0.00043499999999999995,58681.0,8711940.0
steem,2016-10-23,0.227492,0.22991,0.199968,0.200849,85722.0,41859200
stellar,2016-10-23,0.002409,0.002464,0.002376,0.002438,23756.0,16504400
verge,2016-10-23,2.7000000000000002e-05,3.3e-05,2.6000000000000002e-05,2.6000000000000002e-05,1092.0,342688
bitcoin,2016-10-24,657.16,657.25,652.6,653.76,62218200.0,10473500000
bitshares,2016-10-24,0.004423,0.0045579999999999996,0.004389,0.004487,45977.0,11391300
bytecoin-bcn,2016-10-24,5.9e-05,6.500000000000001e-05,5.3e-05,5.9e-05,3039.0,10734800
dash,2016-10-24,9.96,10.16,9.77,9.85,1138230.0,68050400
dogecoin,2016-10-24,0.000221,0.00022200000000000003,0.000218,0.00021899999999999998,79079.0,23512000
ethereum,2016-10-24,12.04,12.1,11.91,11.97,5739690.0,1026400000.0
ethereum-classic,2016-10-24,1.05,1.05,1.03,1.03,613841.0,89121900.0
lisk,2016-10-24,0.171371,0.183852,0.16908299999999998,0.181246,320194.0,17137100.0
litecoin,2016-10-24,3.92,3.92,3.87,3.87,2999400.0,188620000
monero,2016-10-24,6.51,6.61,6.41,6.42,628370.0,85860100
nem,2016-10-24,0.003752,0.003974,0.003744,0.003879,56939.0,33767100
neo,2016-10-24,0.081,0.100103,0.076476,0.093762,522611.0,
ripple,2016-10-24,0.009432,0.009484999999999999,0.009054000000000001,0.009065,1717690.0,334725000
siacoin,2016-10-24,0.000436,0.00044400000000000006,0.000425,0.000434,68522.0,8607960.0
steem,2016-10-24,0.20156500000000002,0.220228,0.189853,0.189853,98773.0,37300500
stellar,2016-10-24,0.002439,0.0025039999999999997,0.002416,0.002471,48913.0,16709600
verge,2016-10-24,2.6000000000000002e-05,3.3e-05,2.6000000000000002e-05,2.6000000000000002e-05,971.0,336279
bitcoin,2016-10-25,654.0,664.42,653.7,657.59,90378800.0,10424300000
bitshares,2016-10-25,0.0044859999999999995,0.004529,0.004424,0.004476,52584.0,11552600
bytecoin-bcn,2016-10-25,5.9e-05,5.9999999999999995e-05,5.3e-05,5.6000000000000006e-05,942.0,10690900
dash,2016-10-25,9.86,10.0,9.08,9.41,1147660.0,67345800
dogecoin,2016-10-25,0.00021899999999999998,0.000223,0.00021899999999999998,0.00021899999999999998,93591.0,23331800
ethereum,2016-10-25,11.97,11.99,11.15,11.41,19316000.0,1020850000.0
ethereum-classic,2016-10-25,1.03,1.04,1.01,1.02,1434440.0,87706100.0
lisk,2016-10-25,0.181168,0.19346300000000002,0.17813199999999998,0.186053,331849.0,18116800.0
litecoin,2016-10-25,3.87,3.92,3.87,3.9,3154970.0,186325000
monero,2016-10-25,6.42,6.43,5.77,6.09,2973160.0,84707300
nem,2016-10-25,0.003879,0.004202,0.0038590000000000005,0.003908,103055.0,34907200
neo,2016-10-25,0.09362100000000001,0.322439,0.092699,0.135712,365986.0,
ripple,2016-10-25,0.009065,0.009134999999999999,0.008882,0.008891,2780690.0,321685000
siacoin,2016-10-25,0.000434,0.00047400000000000003,0.00043099999999999996,0.00045,237477.0,8586170.0
steem,2016-10-25,0.191236,0.196371,0.17468399999999998,0.17494,57262.0,35571700
stellar,2016-10-25,0.002471,0.002478,0.002334,0.002357,68368.0,16928200
verge,2016-10-25,2.6000000000000002e-05,3.2e-05,2e-05,2.6000000000000002e-05,2629.0,334554
bitcoin,2016-10-26,657.68,679.73,657.68,678.3,88877100.0,10484000000
bitshares,2016-10-26,0.004477,0.004581,0.004378,0.0044210000000000005,102055.0,11530200
bytecoin-bcn,2016-10-26,5.6000000000000006e-05,6.1e-05,5.3e-05,5.5e-05,1656.0,10106400
dash,2016-10-26,9.39,9.55,8.95,9.34,1507430.0,64195800
dogecoin,2016-10-26,0.00021899999999999998,0.00022200000000000003,0.000215,0.00021600000000000002,143192.0,23383300
ethereum,2016-10-26,11.38,11.66,11.38,11.53,10221800.0,971440000.0
ethereum-classic,2016-10-26,1.02,1.04,1.01,1.03,798289.0,86814900.0
lisk,2016-10-26,0.185922,0.218611,0.185922,0.192679,670246.0,18592200.0
litecoin,2016-10-26,3.91,3.97,3.9,3.96,5418040.0,188315000
monero,2016-10-26,6.09,6.21,5.82,6.17,1630120.0,80429200
nem,2016-10-26,0.003909,0.004026,0.003778,0.00381,36509.0,35179000
neo,2016-10-26,0.1357,0.16963,0.12131199999999999,0.129615,494772.0,6785000.0
ripple,2016-10-26,0.008884,0.008944,0.008815,0.008834999999999999,2969280.0,315266000
siacoin,2016-10-26,0.00045,0.00045700000000000005,0.000414,0.000425,139959.0,8929030.0
steem,2016-10-26,0.175016,0.178003,0.14396099999999998,0.154051,106780.0,32724500
stellar,2016-10-26,0.002358,0.00238,0.002273,0.002338,53832.0,16153800
verge,2016-10-26,2.6000000000000002e-05,2.7000000000000002e-05,2e-05,2.2e-05,462.0,336513
bitcoin,2016-10-27,678.21,688.59,678.04,688.31,96105300.0,10812500000
bitshares,2016-10-27,0.00442,0.0044399999999999995,0.004303,0.004303,90446.0,11382200
bytecoin-bcn,2016-10-27,5.5e-05,6.2e-05,5.5e-05,5.5e-05,2421.0,9991390
dash,2016-10-27,9.32,9.91,9.14,9.71,1527680.0,63723300
dogecoin,2016-10-27,0.00021600000000000002,0.000221,0.000215,0.000217,122038.0,23037000
ethereum,2016-10-27,11.53,11.61,11.26,11.5,13255400.0,984361000.0
ethereum-classic,2016-10-27,1.03,1.04,0.9878299999999999,0.9957530000000001,2343270.0,87960500.0
lisk,2016-10-27,0.192701,0.200097,0.183839,0.188229,344699.0,19270100.0
litecoin,2016-10-27,3.96,4.06,3.96,4.02,6216070.0,190729000
monero,2016-10-27,6.17,6.38,5.99,6.21,2043670.0,81425600
nem,2016-10-27,0.0038090000000000003,0.0039829999999999996,0.0038090000000000003,0.003936,48702.0,34285000
neo,2016-10-27,0.129608,0.14040899999999998,0.124055,0.127426,169528.0,6480400.0
ripple,2016-10-27,0.008833,0.008849,0.008468,0.008481,4302920.0,313452000
siacoin,2016-10-27,0.000425,0.000429,0.000396,0.000413,124575.0,8436550.0
steem,2016-10-27,0.15305,0.159397,0.13813,0.14225,84491.0,28870000
stellar,2016-10-27,0.002337,0.002364,0.002097,0.002176,159436.0,16014900
verge,2016-10-27,2.2e-05,2.8000000000000003e-05,2.1e-05,2.1e-05,2596.0,283797
bitcoin,2016-10-28,688.0,690.44,684.16,689.65,81145500.0,10969800000
bitshares,2016-10-28,0.004287,0.004328,0.0040939999999999995,0.0041259999999999995,61928.0,11039900
bytecoin-bcn,2016-10-28,5.5e-05,6.2e-05,5.5e-05,5.5e-05,2085.0,10079400
dash,2016-10-28,9.72,9.73,9.05,9.07,1102490.0,66491500
dogecoin,2016-10-28,0.00021899999999999998,0.00022,0.000213,0.00021600000000000002,95798.0,23320100
ethereum,2016-10-28,11.47,11.58,10.95,11.09,13971500.0,979916000.0
ethereum-classic,2016-10-28,0.9955729999999999,1.0,0.9426469999999999,0.9426469999999999,1298910.0,84921800.0
lisk,2016-10-28,0.18853699999999998,0.19328599999999999,0.180549,0.180549,279112.0,18853700.0
litecoin,2016-10-28,4.04,4.04,3.95,3.97,4260230.0,194431000
monero,2016-10-28,6.22,6.35,5.63,5.73,3034820.0,82158200
nem,2016-10-28,0.0039369999999999995,0.0039369999999999995,0.003696,0.003743,61909.0,35437200
neo,2016-10-28,0.127447,0.159842,0.12378,0.151552,545958.0,6372350.0
ripple,2016-10-28,0.008483,0.008492,0.008081,0.008143000000000001,3881320.0,301397000
siacoin,2016-10-28,0.00040899999999999997,0.000417,0.000375,0.00037999999999999997,88005.0,8131960.0
steem,2016-10-28,0.14214000000000002,0.167622,0.128724,0.154522,111150.0,27021800
stellar,2016-10-28,0.0021449999999999998,0.002222,0.002058,0.002095,64020.0,14697900
verge,2016-10-28,2.1e-05,2.7000000000000002e-05,2.1e-05,2.1e-05,339.0,265208
bitcoin,2016-10-29,690.29,720.4,690.05,714.48,134761000.0,11007600000
bitshares,2016-10-29,0.004124,0.004188,0.003927,0.004062,222857.0,10621100
bytecoin-bcn,2016-10-29,5.5e-05,6.4e-05,5.5e-05,5.6999999999999996e-05,5328.0,10073800
dash,2016-10-29,9.07,9.36,8.05,8.61,1459460.0,62012400
dogecoin,2016-10-29,0.00021899999999999998,0.00023199999999999997,0.00021600000000000002,0.000223,563580.0,23316500
ethereum,2016-10-29,11.1,11.2,9.56,10.44,27070400.0,948271000.0
ethereum-classic,2016-10-29,0.94084,0.9725940000000001,0.872589,0.8896120000000001,2566530.0,80282600.0
lisk,2016-10-29,0.179537,0.181784,0.141052,0.150249,493803.0,17953700.0
litecoin,2016-10-29,3.98,4.1,3.97,4.09,5732580.0,191631000
monero,2016-10-29,5.72,5.84,4.28,5.14,10900200.0,75631700
nem,2016-10-29,0.003744,0.003781,0.003256,0.003496,113046.0,33694600
neo,2016-10-29,0.15123699999999998,0.176248,0.15123699999999998,0.170166,714101.0,7561850.0
ripple,2016-10-29,0.008157,0.008162,0.007673999999999999,0.007731999999999999,3471390.0,289835000
siacoin,2016-10-29,0.00038500000000000003,0.000395,0.00034500000000000004,0.00035299999999999996,120215.0,7660350.0
steem,2016-10-29,0.154229,0.172895,0.130423,0.13196300000000002,147544.0,29606000
stellar,2016-10-29,0.002095,0.002137,0.001882,0.001957,201667.0,14351700
verge,2016-10-29,2.1e-05,2.6000000000000002e-05,2.1e-05,2.3e-05,460.0,264690
zcash,2016-10-29,4293.37,5941.8,2006.47,2044.47,2532790.0,1383590
bitcoin,2016-10-30,714.12,714.12,696.48,701.86,100665000.0,11388800000
bitshares,2016-10-30,0.004063000000000001,0.0043490000000000004,0.004033,0.004239,116576.0,10464200
bytecoin-bcn,2016-10-30,5.6999999999999996e-05,6.4e-05,5.6000000000000006e-05,5.6000000000000006e-05,2216.0,10429400
dash,2016-10-30,8.63,9.72,8.63,9.67,1180810.0,59059600
dogecoin,2016-10-30,0.000223,0.00022400000000000002,0.00021899999999999998,0.000223,112318.0,23767900
ethereum,2016-10-30,10.43,11.45,10.29,11.18,16694900.0,891164000.0
ethereum-classic,2016-10-30,0.8901889999999999,0.954583,0.8854540000000001,0.927473,1311260.0,75987400.0
lisk,2016-10-30,0.151435,0.179819,0.150588,0.168472,350482.0,15143500.0
litecoin,2016-10-30,4.1,4.1,4.02,4.03,4364420.0,197445000
monero,2016-10-30,5.14,5.7,4.81,5.57,5648010.0,68011700
nem,2016-10-30,0.0034950000000000003,0.003851,0.0033740000000000003,0.0037119999999999996,46940.0,31457000
neo,2016-10-30,0.17294600000000002,0.18382,0.170264,0.181026,377793.0,8647300.0
ripple,2016-10-30,0.007737999999999999,0.008018,0.007716,0.008014,2071780.0,274932000
siacoin,2016-10-30,0.00035299999999999996,0.000397,0.00035099999999999997,0.00037999999999999997,86241.0,7040270.0
steem,2016-10-30,0.131923,0.140551,0.127352,0.131225,45398.0,25587000
stellar,2016-10-30,0.001964,0.00214,0.0019320000000000001,0.002127,80875.0,13458900
verge,2016-10-30,2.3e-05,2.8000000000000003e-05,2.1e-05,2.1e-05,602.0,293725
zcash,2016-10-30,2014.38,2028.46,504.54,574.82,1009210.0,959342
bitcoin,2016-10-31,702.64,709.29,691.68,700.97,97064400.0,11207200000
bitshares,2016-10-31,0.00424,0.004319,0.004146,0.004173,70625.0,10919300
bytecoin-bcn,2016-10-31,5.6000000000000006e-05,6.3e-05,5.6000000000000006e-05,5.6000000000000006e-05,1062.0,10251500
dash,2016-10-31,9.68,9.9,9.05,9.2,1001140.0,66226100
dogecoin,2016-10-31,0.00022200000000000003,0.000229,0.000218,0.00022,147892.0,23696200
ethereum,2016-10-31,11.23,11.5,10.94,11.0,13393900.0,960008000.0
ethereum-classic,2016-10-31,0.93045,0.93045,0.897589,0.903216,878220.0,79453400.0
lisk,2016-10-31,0.168874,0.182334,0.161433,0.162747,211837.0,16887400.0
litecoin,2016-10-31,4.04,4.05,3.98,3.99,3893350.0,194664000
monero,2016-10-31,5.54,5.61,4.84,5.12,3111700.0,73317000
nem,2016-10-31,0.003718,0.003819,0.0035909999999999996,0.003629,41132.0,33461500
neo,2016-10-31,0.18161,0.229291,0.177568,0.228251,917488.0,9080500.0
ripple,2016-10-31,0.008014,0.008261,0.008014,0.008196,2515480.0,284730000
siacoin,2016-10-31,0.00037999999999999997,0.00041600000000000003,0.000364,0.000377,131336.0,7582680.0
steem,2016-10-31,0.133699,0.138851,0.127858,0.131459,42966.0,26181700
stellar,2016-10-31,0.0021190000000000002,0.002167,0.001986,0.002088,88239.0,14517100
verge,2016-10-31,2.1e-05,2.6000000000000002e-05,2.1e-05,2.5e-05,653.0,269378
zcash,2016-10-31,570.91,2217.64,472.73,1624.58,4333820.0,593240
bitcoin,2016-11-01,701.34,736.45,701.34,729.79,130527000.0,11187700000
bitshares,2016-11-01,0.0041719999999999995,0.004225,0.004046,0.004103,84464.0,10744700
bytecoin-bcn,2016-11-01,5.6000000000000006e-05,6.4e-05,5.6000000000000006e-05,5.7999999999999994e-05,1177.0,10241000
dash,2016-11-01,9.21,9.34,8.65,9.04,1334790.0,63075600
dogecoin,2016-11-01,0.00022,0.000226,0.000218,0.000221,169851.0,23490600
ethereum,2016-11-01,10.96,11.18,10.3,10.77,22901300.0,937123000.0
ethereum-classic,2016-11-01,0.901279,0.904825,0.870474,0.8846639999999999,1320260.0,76991000.0
lisk,2016-11-01,0.162614,0.175281,0.14999,0.162529,391748.0,16261400.0
litecoin,2016-11-01,4.0,4.15,3.99,4.09,4714890.0,192875000
monero,2016-11-01,5.1,5.24,4.56,4.71,3841800.0,67571600
nem,2016-11-01,0.003628,0.0039770000000000005,0.003628,0.0038280000000000002,86034.0,32655200
neo,2016-11-01,0.22823200000000002,0.23914899999999997,0.204285,0.21132199999999998,411699.0,11411600.0
ripple,2016-11-01,0.008197,0.008259,0.008083,0.008102,1875440.0,291237000
siacoin,2016-11-01,0.000376,0.000389,0.00035099999999999997,0.000354,108358.0,7525080.0
steem,2016-11-01,0.131453,0.132644,0.118,0.12244200000000001,44712.0,26008000
stellar,2016-11-01,0.002088,0.002088,0.001929,0.0019760000000000003,39128.0,14308400
verge,2016-11-01,2.5e-05,2.8999999999999997e-05,2.1e-05,2.2e-05,178.0,322376
zcash,2016-11-01,1599.72,2027.05,1189.33,1333.74,4802060.0,2895110
bitcoin,2016-11-02,730.07,740.83,722.35,740.83,84865200.0,11647200000
bitshares,2016-11-02,0.004105,0.00433,0.004053,0.004259000000000001,88541.0,10573900
bytecoin-bcn,2016-11-02,5.7999999999999994e-05,6.500000000000001e-05,5.7999999999999994e-05,5.9e-05,1364.0,10629200
dash,2016-11-02,9.01,9.36,8.8,8.94,1234770.0,61677200
dogecoin,2016-11-02,0.000221,0.00022400000000000002,0.000217,0.00022,71284.0,23574500
ethereum,2016-11-02,10.77,11.16,10.69,10.75,11691700.0,921691000.0
ethereum-classic,2016-11-02,0.88515,0.900933,0.876185,0.8852559999999999,677927.0,75639700.0
lisk,2016-11-02,0.16208,0.197465,0.16201400000000002,0.179841,338989.0,16208000.0
litecoin,2016-11-02,4.09,4.13,4.05,4.1,3646100.0,197384000
monero,2016-11-02,4.73,5.01,4.38,4.51,2473050.0,62649500
nem,2016-11-02,0.003829,0.0038950000000000005,0.0037359999999999997,0.003749,31717.0,34460900
neo,2016-11-02,0.214646,0.219169,0.19173199999999999,0.197941,242163.0,10732300.0
ripple,2016-11-02,0.008104,0.008222,0.008088,0.008222,1739300.0,287949000
siacoin,2016-11-02,0.000354,0.000379,0.00035299999999999996,0.000368,42597.0,7091660.0
steem,2016-11-02,0.12463099999999999,0.12481800000000001,0.10154099999999999,0.10665899999999999,40917.0,24845200
stellar,2016-11-02,0.001977,0.002069,0.001952,0.002023,43064.0,13544800
verge,2016-11-02,2.2e-05,2.8999999999999997e-05,2.2e-05,2.6000000000000002e-05,497.0,280098
zcash,2016-11-02,1326.29,1409.07,872.41,942.78,3936160.0,3701650
bitcoin,2016-11-03,742.35,745.77,678.16,688.7,172808000.0,11844300000
bitshares,2016-11-03,0.004267,0.004472,0.0041979999999999995,0.004229,80609.0,10990700
bytecoin-bcn,2016-11-03,5.9e-05,6.4e-05,4.9e-05,5.4000000000000005e-05,1988.0,10781500
dash,2016-11-03,8.99,9.44,8.79,9.12,1443680.0,61580500
dogecoin,2016-11-03,0.000223,0.00022400000000000002,0.00021600000000000002,0.000217,157604.0,23832300
ethereum,2016-11-03,10.8,11.11,10.76,10.8,15228600.0,924097000.0
ethereum-classic,2016-11-03,0.8878280000000001,0.921573,0.882403,0.8935559999999999,1340080.0,75896300.0
lisk,2016-11-03,0.179311,0.19771,0.175922,0.18773499999999999,279350.0,17931100.0
litecoin,2016-11-03,4.11,4.18,3.81,3.86,5883490.0,198519000
monero,2016-11-03,4.54,5.27,4.51,4.89,4438690.0,60240900
nem,2016-11-03,0.0037549999999999997,0.003788,0.003571,0.003664,52800.0,33792300
neo,2016-11-03,0.197962,0.19817,0.155788,0.173534,265799.0,9898100.0
ripple,2016-11-03,0.008221,0.008243,0.007975,0.008020999999999999,3114110.0,292112000
siacoin,2016-11-03,0.00036899999999999997,0.00037799999999999997,0.00034700000000000003,0.000361,54079.0,7382520.0
steem,2016-11-03,0.109176,0.110101,0.093586,0.095061,63289.0,21886300
stellar,2016-11-03,0.002014,0.002072,0.001963,0.001994,54324.0,13797300
verge,2016-11-03,2.6000000000000002e-05,2.8999999999999997e-05,2e-05,2.1e-05,473.0,333834
zcash,2016-11-03,940.66,1067.59,863.81,887.26,2783300.0,3728630
bitcoin,2016-11-04,689.12,706.93,685.56,703.24,99907700.0,10996400000
bitshares,2016-11-04,0.004228,0.004528,0.004183,0.00449,127234.0,10888300
bytecoin-bcn,2016-11-04,5.4000000000000005e-05,6.1e-05,4.9e-05,5.6000000000000006e-05,985.0,9866840
dash,2016-11-04,9.13,9.29,8.96,9.13,1315030.0,62569800
dogecoin,2016-11-04,0.00021899999999999998,0.00022200000000000003,0.000217,0.00021899999999999998,74584.0,23425500
ethereum,2016-11-04,10.82,11.12,10.82,11.09,9958040.0,926129000.0
ethereum-classic,2016-11-04,0.8940309999999999,1.0,0.891135,0.9720059999999999,2084100.0,76454000.0
lisk,2016-11-04,0.18855999999999998,0.197133,0.179398,0.187336,195659.0,18856000.0
litecoin,2016-11-04,3.86,3.89,3.82,3.88,3481430.0,186157000
monero,2016-11-04,4.86,5.12,4.7,4.85,2611470.0,64488800
nem,2016-11-04,0.003665,0.0037799999999999995,0.0036520000000000003,0.003722,16777.0,32988700
neo,2016-11-04,0.173574,0.183584,0.168351,0.17591700000000002,123337.0,8678700.0
ripple,2016-11-04,0.008015000000000001,0.008161,0.008008,0.008157,2707110.0,285742000
siacoin,2016-11-04,0.000361,0.00037799999999999997,0.000344,0.00035299999999999996,89342.0,7233630.0
steem,2016-11-04,0.097721,0.16347,0.09569,0.13600399999999999,167389.0,19712400
stellar,2016-11-04,0.001991,0.002027,0.001959,0.001999,18107.0,13640700
verge,2016-11-04,2.1e-05,2.8000000000000003e-05,2.1e-05,2.1e-05,154.0,265306
zcash,2016-11-04,887.66,889.8,601.84,603.98,2469390.0,4734940
bitcoin,2016-11-05,703.52,707.51,697.74,703.42,53752300.0,11227200000
bitshares,2016-11-05,0.0045060000000000005,0.0046689999999999995,0.00435,0.00451,124966.0,11605100
bytecoin-bcn,2016-11-05,5.6000000000000006e-05,6.1e-05,5e-05,5.6000000000000006e-05,594.0,10147400
dash,2016-11-05,9.12,9.26,9.05,9.21,764091.0,62557700
dogecoin,2016-11-05,0.000221,0.00022400000000000002,0.00021899999999999998,0.00022200000000000003,51849.0,23553900
ethereum,2016-11-05,11.09,11.24,10.88,11.0,5502670.0,950213000.0
ethereum-classic,2016-11-05,0.971074,1.06,0.9581,1.04,1950000.0,83072800.0
lisk,2016-11-05,0.187388,0.20106,0.18173499999999998,0.198437,184949.0,18738800.0
litecoin,2016-11-05,3.88,3.93,3.85,3.87,2318820.0,187313000
monero,2016-11-05,4.83,5.02,4.82,5.02,602968.0,64117100
nem,2016-11-05,0.003722,0.003979,0.003668,0.003885,92488.0,33495300
neo,2016-11-05,0.17593399999999998,0.181375,0.156657,0.160797,165265.0,8796700.0
ripple,2016-11-05,0.008157,0.008261,0.008154999999999999,0.00823,967011.0,290785000
siacoin,2016-11-05,0.00035299999999999996,0.000368,0.000349,0.00036,44574.0,7090680.0
steem,2016-11-05,0.13580699999999998,0.270096,0.128803,0.216401,704278.0,27555900
stellar,2016-11-05,0.002003,0.002032,0.00198,0.0020210000000000002,11174.0,13724700
verge,2016-11-05,2.1e-05,2.8000000000000003e-05,2.1e-05,2.1e-05,289.0,271187
zcash,2016-11-05,599.52,634.0,501.69,504.57,1984150.0,4167660
bitcoin,2016-11-06,703.81,714.26,699.56,711.52,59902200.0,11233000000
bitshares,2016-11-06,0.004509,0.00455,0.004215999999999999,0.004301,87539.0,11614900
bytecoin-bcn,2016-11-06,5.6000000000000006e-05,5.6999999999999996e-05,5e-05,5.6000000000000006e-05,436.0,10115300
dash,2016-11-06,9.21,9.48,9.13,9.4,1174590.0,63217900
dogecoin,2016-11-06,0.000221,0.000223,0.000218,0.000221,67305.0,23591300
ethereum,2016-11-06,10.99,11.25,10.85,10.87,5688710.0,941729000.0
ethereum-classic,2016-11-06,1.04,1.04,0.971174,0.982655,1078790.0,89079700.0
lisk,2016-11-06,0.197442,0.21683899999999998,0.190867,0.215194,247202.0,19744200.0
litecoin,2016-11-06,3.86,3.92,3.84,3.89,2192880.0,186487000
monero,2016-11-06,4.98,5.03,4.88,4.97,666680.0,66184500
nem,2016-11-06,0.003885,0.003894,0.003662,0.003706,61509.0,34962700
neo,2016-11-06,0.1608,0.16817000000000001,0.15675,0.164002,52679.0,8040000.0
ripple,2016-11-06,0.00823,0.008277,0.008187,0.008193,784787.0,293394000
siacoin,2016-11-06,0.00036,0.00036899999999999997,0.00035,0.00035099999999999997,32105.0,7232830.0
steem,2016-11-06,0.217337,0.231473,0.195596,0.202482,135936.0,44293900
stellar,2016-11-06,0.0020210000000000002,0.002058,0.0018670000000000002,0.001959,58461.0,13845800
verge,2016-11-06,2.1e-05,2.8000000000000003e-05,2.1e-05,2.8000000000000003e-05,1445.0,270073
zcash,2016-11-06,504.27,507.5,320.54,321.79,2390590.0,4422370
bitcoin,2016-11-07,710.74,710.74,699.9,703.13,65047100.0,11344800000
bitshares,2016-11-07,0.004306,0.0044340000000000004,0.004246,0.004311,72743.0,11090200
bytecoin-bcn,2016-11-07,5.6000000000000006e-05,6.2e-05,5e-05,5.6000000000000006e-05,1446.0,10266200
dash,2016-11-07,9.4,9.92,9.27,9.92,1597080.0,64568400
dogecoin,2016-11-07,0.00022200000000000003,0.000258,0.00021899999999999998,0.000239,922936.0,23678600
ethereum,2016-11-07,10.9,10.96,10.78,10.81,5992480.0,934536000.0
ethereum-classic,2016-11-07,0.986716,1.0,0.927765,0.927765,1030590.0,84474700.0
lisk,2016-11-07,0.21494000000000002,0.2371,0.19561800000000001,0.21349,982103.0,21494000.0
litecoin,2016-11-07,3.89,3.89,3.79,3.84,2806430.0,187897000
monero,2016-11-07,4.97,5.85,4.92,5.74,3690120.0,65964200
nem,2016-11-07,0.0037049999999999995,0.0041530000000000004,0.0036270000000000004,0.004125,83387.0,33345400
neo,2016-11-07,0.163957,0.174019,0.143322,0.173087,264007.0,8197850.0
ripple,2016-11-07,0.008197,0.008197,0.008088,0.008108,2308500.0,292208000
siacoin,2016-11-07,0.00035099999999999997,0.000361,0.00034700000000000003,0.000348,41400.0,7061060.0
steem,2016-11-07,0.201191,0.201191,0.149136,0.151687,134983.0,41183700
stellar,2016-11-07,0.0019690000000000003,0.002029,0.001924,0.002013,34635.0,13492500
verge,2016-11-07,2.8000000000000003e-05,2.8000000000000003e-05,2.1e-05,2.1e-05,337.0,363832
zcash,2016-11-07,319.23,345.94,236.0,236.0,1808930.0,3436850
bitcoin,2016-11-08,703.09,712.99,702.39,709.85,79660800.0,11224000000
bitshares,2016-11-08,0.004321,0.004383,0.00428,0.00432,50271.0,11131300
bytecoin-bcn,2016-11-08,5.6000000000000006e-05,5.6000000000000006e-05,5e-05,5e-05,1909.0,10138000
dash,2016-11-08,9.88,10.49,9.7,9.76,1509000.0,67892400
dogecoin,2016-11-08,0.000239,0.00024300000000000002,0.000227,0.000229,186033.0,25539800
ethereum,2016-11-08,10.85,10.92,10.74,10.83,6258150.0,930345000.0
ethereum-classic,2016-11-08,0.930693,0.9485370000000001,0.923585,0.9437840000000001,573276.0,79709100.0
lisk,2016-11-08,0.210457,0.21311999999999998,0.18545,0.187839,352962.0,21045700.0
litecoin,2016-11-08,3.84,3.86,3.82,3.84,2493340.0,185467000
monero,2016-11-08,5.77,6.82,5.72,6.32,9416390.0,76635700
nem,2016-11-08,0.004138,0.00435,0.0038350000000000003,0.004125,125635.0,37239200
neo,2016-11-08,0.173073,0.173376,0.160523,0.16159400000000002,64487.0,8653650.0
ripple,2016-11-08,0.008111,0.008246,0.008108,0.008206,2477080.0,289162000
siacoin,2016-11-08,0.000348,0.000354,0.000336,0.000341,44058.0,7008160.0
steem,2016-11-08,0.151748,0.158157,0.13127,0.133187,90355.0,31191900
stellar,2016-11-08,0.002013,0.002029,0.0019649999999999997,0.001986,30553.0,13792800
verge,2016-11-08,2.1e-05,2.3e-05,2.1e-05,2.1e-05,60.0,269864
zcash,2016-11-08,233.78,308.64,178.98,308.64,2578200.0,3035070
bitcoin,2016-11-09,709.83,740.05,708.61,723.27,132429000.0,11333000000
bitshares,2016-11-09,0.004319,0.004376,0.004189,0.0042829999999999995,75615.0,11125100
bytecoin-bcn,2016-11-09,5e-05,5.7999999999999994e-05,5e-05,5.1e-05,1304.0,9049460
dash,2016-11-09,9.73,10.0,9.4,9.7,951744.0,66863400
dogecoin,2016-11-09,0.000229,0.000234,0.00022400000000000002,0.000229,117069.0,24466700
ethereum,2016-11-09,10.82,10.83,10.22,10.66,14606600.0,928063000.0
ethereum-classic,2016-11-09,0.9410459999999999,0.9410459999999999,0.9084899999999999,0.9135139999999999,976848.0,80626200.0
lisk,2016-11-09,0.187431,0.18987300000000001,0.172767,0.181017,243218.0,18743100.0
litecoin,2016-11-09,3.85,3.94,3.81,3.86,2894790.0,185956000
monero,2016-11-09,6.31,6.54,5.58,6.19,8149530.0,83854100
nem,2016-11-09,0.004125,0.004142,0.003749,0.003922999999999999,87389.0,37122200
neo,2016-11-09,0.161599,0.166946,0.156541,0.159859,51101.0,8079950.0
ripple,2016-11-09,0.008205,0.008222,0.008074,0.008079000000000001,3575540.0,292520000
siacoin,2016-11-09,0.00034500000000000004,0.00035099999999999997,0.00031299999999999996,0.000324,87839.0,6949920.0
steem,2016-11-09,0.134484,0.178025,0.12476300000000001,0.148453,171879.0,27556300
stellar,2016-11-09,0.001994,0.002014,0.0019379999999999998,0.001968,44284.0,13658700
verge,2016-11-09,2.1e-05,2.8999999999999997e-05,2.1e-05,2.2e-05,553.0,272547
zcash,2016-11-09,331.69,374.12,222.51,255.58,3706020.0,5098610
bitcoin,2016-11-10,722.84,723.02,711.21,715.53,68807800.0,11542100000
bitshares,2016-11-10,0.004286,0.004339,0.004268,0.004312,33970.0,11039900
bytecoin-bcn,2016-11-10,5.1e-05,5.6999999999999996e-05,4.9e-05,5e-05,4241.0,9208420
dash,2016-11-10,9.67,9.76,9.53,9.67,621946.0,66481100
dogecoin,2016-11-10,0.000229,0.000231,0.00022400000000000002,0.00022799999999999999,113130.0,24483800
ethereum,2016-11-10,10.67,10.68,10.51,10.52,4253980.0,915940000.0
ethereum-classic,2016-11-10,0.9135790000000001,0.956011,0.898123,0.921264,626060.0,78301200.0
lisk,2016-11-10,0.18070899999999998,0.197551,0.179911,0.186025,78803.0,18070900.0
litecoin,2016-11-10,3.86,3.87,3.81,3.82,2334820.0,186617000
monero,2016-11-10,6.19,6.48,6.01,6.1,3175600.0,82319000
nem,2016-11-10,0.003922999999999999,0.004254,0.003912,0.004159,95765.0,35306800
neo,2016-11-10,0.159342,0.17985399999999999,0.15453599999999998,0.168272,226859.0,7967100.0
ripple,2016-11-10,0.008081,0.008138,0.008043000000000002,0.008136,2600650.0,288074000
siacoin,2016-11-10,0.000324,0.00033999999999999997,0.000315,0.00031600000000000004,26229.0,6554530.0
steem,2016-11-10,0.148479,0.16556400000000002,0.135208,0.14386300000000002,99651.0,30491400
stellar,2016-11-10,0.001968,0.002003,0.001928,0.001948,36825.0,13486300
verge,2016-11-10,2.2e-05,2.8999999999999997e-05,2.1e-05,2.1e-05,718.0,278395
zcash,2016-11-10,254.94,257.49,224.83,226.17,1255400.0,4580450
bitcoin,2016-11-11,715.55,718.32,714.41,716.41,63119700.0,11427200000
bitshares,2016-11-11,0.004304,0.0043159999999999995,0.004219,0.004266,31589.0,11086800
bytecoin-bcn,2016-11-11,5e-05,5.9999999999999995e-05,4.9e-05,5.1e-05,1392.0,9082270
dash,2016-11-11,9.65,9.74,9.51,9.67,978517.0,66375200
dogecoin,2016-11-11,0.00022799999999999999,0.00022999999999999998,0.000225,0.000227,111646.0,24366300
ethereum,2016-11-11,10.51,10.57,10.26,10.29,6056300.0,902479000.0
ethereum-classic,2016-11-11,0.923158,0.942383,0.8972209999999999,0.9176059999999999,487773.0,79151900.0
lisk,2016-11-11,0.18623699999999999,0.193484,0.178277,0.18273399999999998,145430.0,18623700.0
litecoin,2016-11-11,3.84,3.84,3.8,3.82,2124360.0,185609000
monero,2016-11-11,6.15,6.98,5.89,6.78,4256380.0,81900600
nem,2016-11-11,0.0041719999999999995,0.0052770000000000004,0.004097,0.004867,498999.0,37547700
neo,2016-11-11,0.168293,0.181036,0.16581500000000002,0.176226,92296.0,8414650.0
ripple,2016-11-11,0.008131000000000001,0.008145999999999999,0.008058,0.008065000000000001,2039200.0,290820000
siacoin,2016-11-11,0.00031600000000000004,0.000328,0.00031099999999999997,0.000321,34444.0,6399040.0
steem,2016-11-11,0.143836,0.155436,0.122903,0.12678699999999998,86379.0,29621200
stellar,2016-11-11,0.001948,0.0019920000000000003,0.0018969999999999998,0.001913,38438.0,13347300
verge,2016-11-11,2.1e-05,2.8999999999999997e-05,2.1e-05,2.1e-05,594.0,274624
zcash,2016-11-11,224.67,226.17,183.24,183.36,1173130.0,4667530
bitcoin,2016-11-12,716.75,717.15,704.03,705.05,64622500.0,11447700000
bitshares,2016-11-12,0.004265,0.004501,0.004257,0.004431,401433.0,10987900
bytecoin-bcn,2016-11-12,5.1e-05,5.6999999999999996e-05,4.9e-05,4.9e-05,2214.0,9197890
dash,2016-11-12,9.69,9.86,9.56,9.64,1066110.0,66632200
dogecoin,2016-11-12,0.000226,0.000229,0.00022,0.00022,198530.0,24190900
ethereum,2016-11-12,10.29,10.34,9.7,9.88,10052500.0,883780000.0
ethereum-classic,2016-11-12,0.9172540000000001,0.942472,0.9027129999999999,0.9099440000000001,727877.0,78675200.0
lisk,2016-11-12,0.182704,0.188926,0.179366,0.18271800000000002,125716.0,18270400.0
litecoin,2016-11-12,3.81,3.83,3.75,3.76,2592430.0,184604000
monero,2016-11-12,6.82,7.68,6.63,7.44,7239650.0,90900300
nem,2016-11-12,0.00475,0.005156,0.004612,0.0047729999999999995,197376.0,42747300
neo,2016-11-12,0.172603,0.179612,0.16628800000000002,0.168695,38920.0,8630150.0
ripple,2016-11-12,0.008061,0.008105,0.008019,0.008043999999999999,1708000.0,288307000
siacoin,2016-11-12,0.000321,0.000336,0.00031600000000000004,0.00033,44148.0,6503540.0
steem,2016-11-12,0.125165,0.13810899999999998,0.121932,0.122396,55269.0,25888400
stellar,2016-11-12,0.001913,0.001924,0.001876,0.0018989999999999999,24842.0,13105300
verge,2016-11-12,2.1e-05,2.6000000000000002e-05,2.1e-05,2.6000000000000002e-05,170.0,274961
zcash,2016-11-12,183.02,189.54,144.11,144.11,1167540.0,4372390
bitcoin,2016-11-13,705.2,705.26,687.32,702.03,80318100.0,11264500000
bitshares,2016-11-13,0.00443,0.004458,0.004312,0.004458,391532.0,11412900
bytecoin-bcn,2016-11-13,4.9e-05,5.5e-05,4.8e-05,5.4000000000000005e-05,1115.0,8962920
dash,2016-11-13,9.63,9.72,9.4,9.49,828714.0,66259100
dogecoin,2016-11-13,0.00022,0.000226,0.000218,0.000225,145317.0,23533800
ethereum,2016-11-13,9.89,10.41,9.84,10.1,8227770.0,849342000.0
ethereum-classic,2016-11-13,0.910538,0.9218149999999999,0.902149,0.9024120000000001,475268.0,78130300.0
lisk,2016-11-13,0.18269000000000002,0.188341,0.178473,0.181303,126359.0,18269000.0
litecoin,2016-11-13,3.77,3.91,3.69,3.88,3344370.0,182326000
monero,2016-11-13,7.42,8.11,6.97,7.1,8454760.0,98823800
nem,2016-11-13,0.004801,0.0049960000000000004,0.004611,0.004647,121811.0,43211100
neo,2016-11-13,0.168699,0.172853,0.163703,0.169917,47661.0,8434950.0
ripple,2016-11-13,0.008039,0.008258,0.007968000000000001,0.008256999999999999,2201990.0,287512000
siacoin,2016-11-13,0.000331,0.000336,0.00031600000000000004,0.000321,46028.0,6720930.0
steem,2016-11-13,0.123002,0.128589,0.11579300000000001,0.116281,41419.0,25586300
stellar,2016-11-13,0.0018989999999999999,0.0019309999999999998,0.0018780000000000001,0.0018960000000000001,30930.0,13010000
verge,2016-11-13,2.6000000000000002e-05,2.7000000000000002e-05,2.1e-05,2.5e-05,365.0,327930
zcash,2016-11-13,143.17,146.23,117.26,117.26,1401920.0,3875970
bitcoin,2016-11-14,702.0,706.28,699.81,705.02,62993000.0,11214600000
bitshares,2016-11-14,0.004458,0.004557,0.0042450000000000005,0.004277,107632.0,11483700
bytecoin-bcn,2016-11-14,4.9e-05,5.9e-05,4.8e-05,4.9e-05,4732.0,8886710
dash,2016-11-14,9.54,9.74,9.45,9.68,619525.0,65630600
dogecoin,2016-11-14,0.000225,0.000225,0.000221,0.000223,54995.0,24093500
ethereum,2016-11-14,10.1,10.16,9.96,9.97,3573250.0,867755000.0
ethereum-classic,2016-11-14,0.900257,0.909434,0.886552,0.888597,272128.0,77279300.0
lisk,2016-11-14,0.181386,0.184314,0.176035,0.179635,129702.0,18138600.0
litecoin,2016-11-14,3.88,3.89,3.86,3.88,2525810.0,187837000
monero,2016-11-14,7.11,8.13,7.09,7.71,5270540.0,94853000
nem,2016-11-14,0.004591,0.004603,0.004248,0.004256,169961.0,41318900
neo,2016-11-14,0.170347,0.19629100000000002,0.168508,0.18378599999999998,161342.0,8517350.0
ripple,2016-11-14,0.008255,0.008308,0.008059,0.008098000000000001,1283330.0,295227000
siacoin,2016-11-14,0.000327,0.00032900000000000003,0.00031600000000000004,0.000324,45933.0,6665290.0
steem,2016-11-14,0.11627,0.12907000000000002,0.112909,0.115547,79249.0,24336000
stellar,2016-11-14,0.001895,0.0019149999999999998,0.0018670000000000002,0.0018800000000000002,32401.0,12986100
verge,2016-11-14,2.5e-05,2.8000000000000003e-05,2.1e-05,2.1e-05,639.0,317476
zcash,2016-11-14,117.55,117.82,97.18,105.06,1418260.0,3594280
bitcoin,2016-11-15,705.79,715.72,705.26,711.62,72038500.0,11283400000
bitshares,2016-11-15,0.004279,0.004326,0.004189,0.004208,49312.0,11022600
bytecoin-bcn,2016-11-15,4.9e-05,5.6999999999999996e-05,4.9e-05,5.1e-05,2024.0,8973520
dash,2016-11-15,9.7,9.73,9.5,9.64,899729.0,66754800
dogecoin,2016-11-15,0.000223,0.00022400000000000002,0.00021899999999999998,0.00022200000000000003,106308.0,23865500
ethereum,2016-11-15,9.97,10.32,9.85,10.22,6557550.0,857223000.0
ethereum-classic,2016-11-15,0.891515,0.9305680000000001,0.8837729999999999,0.9226989999999999,671820.0,76561200.0
lisk,2016-11-15,0.179404,0.18437,0.172768,0.174003,113336.0,17940400.0
litecoin,2016-11-15,3.89,3.96,3.86,3.89,3032290.0,188377000
monero,2016-11-15,7.74,7.92,7.2,7.3,3711090.0,103302000
nem,2016-11-15,0.00426,0.004407,0.00412,0.004192,109164.0,38338400
neo,2016-11-15,0.183863,0.183864,0.172835,0.173875,58217.0,9193150.0
ripple,2016-11-15,0.008099,0.008115,0.007876000000000001,0.007881,3078090.0,289677000
siacoin,2016-11-15,0.00032900000000000003,0.000332,0.00031299999999999996,0.000314,30665.0,6706040.0
steem,2016-11-15,0.115318,0.122424,0.11271199999999999,0.113653,53951.0,24321800
stellar,2016-11-15,0.001883,0.001884,0.001814,0.001853,26787.0,12903900
verge,2016-11-15,2.1e-05,2.8000000000000003e-05,2.1e-05,2.1e-05,129.0,270589
zcash,2016-11-15,105.16,131.22,97.43,109.34,2030660.0,3600530
bitcoin,2016-11-16,711.17,747.62,709.04,744.2,141294000.0,11370700000
bitshares,2016-11-16,0.004208,0.004235,0.004004,0.004047,110954.0,10840800
bytecoin-bcn,2016-11-16,5.1e-05,5.9e-05,5e-05,5.9e-05,2347.0,9240290
dash,2016-11-16,9.64,9.67,9.1,9.45,850986.0,66347900
dogecoin,2016-11-16,0.00022200000000000003,0.000227,0.00021899999999999998,0.000221,133220.0,23707400
ethereum,2016-11-16,10.22,10.33,9.93,10.06,9533550.0,878610000.0
ethereum-classic,2016-11-16,0.925537,0.9294370000000001,0.907834,0.909567,952217.0,79516300.0
lisk,2016-11-16,0.175587,0.18286,0.161582,0.168663,310208.0,17558700.0
litecoin,2016-11-16,3.9,4.03,3.9,4.02,4232760.0,188998000
monero,2016-11-16,7.34,7.47,6.12,6.58,9338200.0,98031100
nem,2016-11-16,0.004190999999999999,0.004288,0.0038420000000000004,0.003992,125417.0,37720000
neo,2016-11-16,0.173875,0.177754,0.15399200000000002,0.162529,52767.0,8693750.0
ripple,2016-11-16,0.007888,0.007944,0.007842,0.007842,2905840.0,282110000
siacoin,2016-11-16,0.000314,0.00032,0.000294,0.000295,55123.0,6419360.0
steem,2016-11-16,0.11358299999999999,0.11924100000000001,0.104922,0.1057,70395.0,24072900
stellar,2016-11-16,0.001852,0.0018679999999999999,0.001756,0.001772,43749.0,12687400
verge,2016-11-16,2.1e-05,2.9999999999999997e-05,2.1e-05,2.2e-05,2867.0,272949
zcash,2016-11-16,109.71,115.62,96.92,96.95,1443840.0,4190380
bitcoin,2016-11-17,744.88,755.64,739.51,740.98,108579000.0,11911300000
bitshares,2016-11-17,0.003994,0.004161,0.00399,0.004152,50622.0,10289200
bytecoin-bcn,2016-11-17,5.9e-05,5.9e-05,5.2000000000000004e-05,5.2000000000000004e-05,2834.0,10656200
dash,2016-11-17,9.44,9.46,9.01,9.02,1037810.0,65038700
dogecoin,2016-11-17,0.00022200000000000003,0.000227,0.00022,0.00022400000000000002,106863.0,23768900
ethereum,2016-11-17,10.06,10.19,9.92,9.99,6984700.0,865393000.0
ethereum-classic,2016-11-17,0.909435,0.9122170000000001,0.891184,0.893229,479144.0,78162800.0
lisk,2016-11-17,0.16864300000000002,0.17042100000000002,0.15868,0.161771,115570.0,16864300.0
litecoin,2016-11-17,4.06,4.07,3.94,3.94,3120160.0,196573000
monero,2016-11-17,6.55,6.97,6.22,6.79,4696950.0,87494100
nem,2016-11-17,0.004004,0.004084,0.0038829999999999997,0.004021,98053.0,36039900
neo,2016-11-17,0.162654,0.177109,0.16255999999999998,0.17328,115600.0,8132700.0
ripple,2016-11-17,0.007851,0.007867,0.0077209999999999996,0.0077269999999999995,2401030.0,280776000
siacoin,2016-11-17,0.000295,0.000307,0.000283,0.000295,91303.0,6047870.0
steem,2016-11-17,0.105689,0.10646300000000002,0.10015,0.102415,36442.0,22557400
stellar,2016-11-17,0.001775,0.00186,0.001734,0.00182,74554.0,12159800
verge,2016-11-17,2.2e-05,2.9999999999999997e-05,2.2e-05,2.2e-05,935.0,285624
zcash,2016-11-17,97.48,100.42,85.39,87.64,915597.0,4107780
bitcoin,2016-11-18,740.71,752.88,736.89,751.59,87363100.0,11846000000
bitshares,2016-11-18,0.004155,0.004164999999999999,0.0040100000000000005,0.004082,62620.0,10706300
bytecoin-bcn,2016-11-18,5.2000000000000004e-05,5.7999999999999994e-05,5.2000000000000004e-05,5.7999999999999994e-05,367.0,9443460
dash,2016-11-18,9.02,9.11,8.79,8.95,867850.0,62179200
dogecoin,2016-11-18,0.000223,0.00022400000000000002,0.000217,0.000218,142607.0,23848400
ethereum,2016-11-18,9.99,10.01,9.48,9.48,10816100.0,859571000.0
ethereum-classic,2016-11-18,0.892677,0.899389,0.8697389999999999,0.871999,545120.0,76751400.0
lisk,2016-11-18,0.161644,0.169494,0.16001700000000002,0.163274,108472.0,16164400.0
litecoin,2016-11-18,3.96,4.0,3.94,3.96,2650960.0,191930000
monero,2016-11-18,6.77,7.1,6.53,6.72,3854500.0,90440300
nem,2016-11-18,0.00402,0.004097,0.00391,0.004007999999999999,32246.0,36180400
neo,2016-11-18,0.173267,0.196769,0.16942000000000002,0.172177,170258.0,8663350.0
ripple,2016-11-18,0.007722,0.007778,0.007709000000000001,0.007778,2487390.0,276965000
siacoin,2016-11-18,0.000298,0.000306,0.00028199999999999997,0.00028700000000000004,36841.0,6122400.0
steem,2016-11-18,0.102298,0.126283,0.100239,0.114691,113857.0,21978400
stellar,2016-11-18,0.001812,0.001832,0.001757,0.001807,21364.0,12414400
verge,2016-11-18,2.2e-05,2.9999999999999997e-05,2.2e-05,2.3e-05,499.0,284571
zcash,2016-11-18,87.33,88.84,70.47,70.64,1032890.0,4064910
bitcoin,2016-11-19,751.83,756.24,744.47,751.62,110608000.0,12025400000
bitshares,2016-11-19,0.004083,0.004141,0.004038,0.004141,36719.0,10521000
bytecoin-bcn,2016-11-19,5.7999999999999994e-05,5.9999999999999995e-05,4.5e-05,5.3e-05,1397.0,10527900
dash,2016-11-19,8.96,8.97,8.42,8.48,1120590.0,61722700
dogecoin,2016-11-19,0.000221,0.000221,0.000217,0.00022,56456.0,23589000
ethereum,2016-11-19,9.48,9.75,9.48,9.66,5186540.0,816380000.0
ethereum-classic,2016-11-19,0.869411,0.872324,0.85854,0.860979,377116.0,74779900.0
lisk,2016-11-19,0.163236,0.167784,0.157415,0.1598,46928.0,16323600.0
litecoin,2016-11-19,3.98,3.98,3.94,3.95,2048720.0,192896000
monero,2016-11-19,6.72,6.86,6.46,6.55,2490080.0,89815300
nem,2016-11-19,0.004007,0.004057,0.003919,0.003993,25630.0,36066200
neo,2016-11-19,0.17213499999999998,0.17649,0.168427,0.169928,20977.0,8606750.0
ripple,2016-11-19,0.007778,0.007809,0.007753,0.0077989999999999995,1296770.0,278943000
siacoin,2016-11-19,0.00028700000000000004,0.000293,0.000281,0.000286,28673.0,5899800.0
steem,2016-11-19,0.119861,0.135069,0.10909400000000001,0.128057,78069.0,25881400
stellar,2016-11-19,0.0018059999999999999,0.001829,0.001756,0.001796,9237.0,12374800
verge,2016-11-19,2.3e-05,2.9999999999999997e-05,2.3e-05,2.3e-05,281.0,289762
zcash,2016-11-19,71.12,72.0,64.63,65.7,822655.0,3622130
bitcoin,2016-11-20,751.88,755.48,717.94,731.03,154116000.0,12027500000
bitshares,2016-11-20,0.004143,0.004159,0.004051,0.004071,60325.0,10673800
bytecoin-bcn,2016-11-20,5.3e-05,5.3e-05,4.3e-05,4.4e-05,6548.0,9565760
dash,2016-11-20,8.5,8.61,8.32,8.51,837398.0,58585000
dogecoin,2016-11-20,0.00022,0.00022200000000000003,0.000215,0.00021899999999999998,84047.0,23547400
ethereum,2016-11-20,9.66,9.71,9.52,9.58,5173420.0,832050000.0
ethereum-classic,2016-11-20,0.8610399999999999,0.878762,0.854087,0.858533,383441.0,74089000.0
lisk,2016-11-20,0.159827,0.171019,0.15829000000000001,0.164359,174667.0,15982700.0
litecoin,2016-11-20,3.97,3.97,3.9,3.92,2680300.0,192391000
monero,2016-11-20,6.56,6.88,6.43,6.58,3534630.0,87683700
nem,2016-11-20,0.003994,0.004111999999999999,0.0038020000000000003,0.003943,56805.0,35941600
neo,2016-11-20,0.169929,0.171309,0.161549,0.170999,6888.0,8496450.0
ripple,2016-11-20,0.0077989999999999995,0.0078060000000000004,0.007626000000000001,0.007651000000000001,1875290.0,279729000
siacoin,2016-11-20,0.000286,0.00028900000000000003,0.000275,0.000278,38556.0,5874280.0
steem,2016-11-20,0.127887,0.13723,0.11545599999999999,0.115479,85423.0,27759700
stellar,2016-11-20,0.001797,0.0018059999999999999,0.0017530000000000002,0.00176,17977.0,12308700
verge,2016-11-20,2.3e-05,2.9999999999999997e-05,2.2e-05,2.2e-05,117.0,297744
zcash,2016-11-20,65.29,67.63,60.27,60.27,598211.0,3632640
bitcoin,2016-11-21,731.26,741.72,730.51,739.25,60802400.0,11698900000
bitshares,2016-11-21,0.004070000000000001,0.004072999999999999,0.003971,0.004009,36893.0,10488300
bytecoin-bcn,2016-11-21,4.4e-05,5.1e-05,4.4e-05,5.1e-05,414.0,8044110
dash,2016-11-21,8.49,8.62,8.41,8.58,685102.0,58578200
dogecoin,2016-11-21,0.000218,0.00022400000000000002,0.00021600000000000002,0.00022200000000000003,75165.0,23277800
ethereum,2016-11-21,9.58,9.64,9.54,9.62,3663210.0,825381000.0
ethereum-classic,2016-11-21,0.8586540000000001,0.862085,0.844641,0.850297,273020.0,73912300.0
lisk,2016-11-21,0.164353,0.171018,0.163626,0.16789600000000002,71885.0,16435300.0
litecoin,2016-11-21,3.93,3.96,3.92,3.94,1999840.0,190816000
monero,2016-11-21,6.58,6.88,6.56,6.8,1586190.0,88051400
nem,2016-11-21,0.003971,0.003971,0.0038759999999999997,0.0039369999999999995,10950.0,35739000
neo,2016-11-21,0.171,0.174966,0.169408,0.173476,13977.0,8550000.0
ripple,2016-11-21,0.0076489999999999995,0.007651000000000001,0.007566,0.007566,2594010.0,274338000
siacoin,2016-11-21,0.000279,0.000293,0.000275,0.000276,38307.0,5738740.0
steem,2016-11-21,0.11546400000000001,0.12235499999999999,0.113202,0.11348299999999999,44677.0,25166900
stellar,2016-11-21,0.00176,0.0017980000000000001,0.001745,0.001755,4925.0,12055600
verge,2016-11-21,2.2e-05,2.8999999999999997e-05,2.2e-05,2.2e-05,299.0,282219
zcash,2016-11-21,59.96,60.23,53.94,54.02,711312.0,3627400
bitcoin,2016-11-22,739.64,753.87,736.53,751.35,129906000.0,11834200000
bitshares,2016-11-22,0.0040100000000000005,0.004056000000000001,0.003986,0.004017,84804.0,10333500
bytecoin-bcn,2016-11-22,5.1e-05,5.1e-05,4.5e-05,4.5e-05,1267.0,9219000
dash,2016-11-22,8.58,8.84,8.55,8.63,822084.0,59180400
dogecoin,2016-11-22,0.00022200000000000003,0.00022400000000000002,0.00021899999999999998,0.00022400000000000002,78701.0,23758700
ethereum,2016-11-22,9.63,10.24,9.59,9.91,11284400.0,829616000.0
ethereum-classic,2016-11-22,0.850341,0.869077,0.8387040000000001,0.840367,440341.0,73223900.0
lisk,2016-11-22,0.167824,0.170236,0.16111199999999998,0.163613,52966.0,16782400.0
litecoin,2016-11-22,3.95,3.97,3.91,3.95,2347880.0,191849000
monero,2016-11-22,6.81,8.24,6.78,7.69,9996320.0,91147700
nem,2016-11-22,0.003943,0.003948,0.0037119999999999996,0.0037600000000000003,63397.0,35490300
neo,2016-11-22,0.173474,0.17422,0.167397,0.16889200000000001,30457.0,8673700.0
ripple,2016-11-22,0.007567,0.007567,0.007431,0.0074340000000000005,2400100.0,271375000
siacoin,2016-11-22,0.00028199999999999997,0.00028700000000000004,0.00027400000000000005,0.000279,38033.0,5815400.0
steem,2016-11-22,0.11294900000000001,0.121433,0.111403,0.11274,55479.0,24720200
stellar,2016-11-22,0.001755,0.001797,0.0017120000000000002,0.0017350000000000002,32403.0,12022900
verge,2016-11-22,2.2e-05,2.9999999999999997e-05,2.2e-05,2.3e-05,198.0,283726
zcash,2016-11-22,54.01,72.02,53.39,57.9,1326320.0,3546160
bitcoin,2016-11-23,751.74,752.25,738.92,744.59,76543800.0,12029000000
bitshares,2016-11-23,0.004016,0.004057,0.004004,0.0040479999999999995,39213.0,10349000
bytecoin-bcn,2016-11-23,4.5e-05,5.2000000000000004e-05,4.4e-05,4.9e-05,309.0,8267610
dash,2016-11-23,8.67,8.73,8.47,8.51,798355.0,59792300
dogecoin,2016-11-23,0.000223,0.00022400000000000002,0.000215,0.00021899999999999998,71915.0,23861100
ethereum,2016-11-23,9.92,9.96,9.76,9.84,4812310.0,855265000.0
ethereum-classic,2016-11-23,0.837902,0.8504299999999999,0.808571,0.816454,742687.0,72179000.0
lisk,2016-11-23,0.163636,0.165212,0.161517,0.162994,53504.0,16363600.0
litecoin,2016-11-23,3.97,3.97,3.92,3.93,2184200.0,192719000
monero,2016-11-23,7.66,8.11,7.56,7.91,4170450.0,102688000
nem,2016-11-23,0.0037600000000000003,0.003804,0.003686,0.0037070000000000002,22854.0,33837000
neo,2016-11-23,0.168883,0.172495,0.16694,0.16708499999999998,18866.0,8444150.0
ripple,2016-11-23,0.0074340000000000005,0.007435,0.007035,0.007061,3730650.0,266609000
siacoin,2016-11-23,0.000279,0.00028700000000000004,0.000268,0.000272,33603.0,5764230.0
steem,2016-11-23,0.111977,0.11996400000000002,0.10732799999999999,0.11058499999999999,47730.0,24619700
stellar,2016-11-23,0.001727,0.0017530000000000002,0.001719,0.0017329999999999997,21588.0,11831700
verge,2016-11-23,2.3e-05,2.3e-05,2.2e-05,2.2e-05,465.0,288370
zcash,2016-11-23,57.54,87.68,57.4,77.56,2391080.0,4077640
bitcoin,2016-11-24,744.62,746.83,733.49,740.29,85919300.0,11916500000
bitshares,2016-11-24,0.004046,0.004068,0.003954,0.004018,38725.0,10427000
bytecoin-bcn,2016-11-24,4.9e-05,5e-05,4.4e-05,4.4e-05,388.0,8852590
dash,2016-11-24,8.44,9.14,8.34,9.13,929254.0,58260600
dogecoin,2016-11-24,0.00021600000000000002,0.00021899999999999998,0.000213,0.000218,106697.0,23075200
ethereum,2016-11-24,9.85,9.85,8.93,9.23,15987800.0,849229000.0
ethereum-classic,2016-11-24,0.815735,0.818415,0.736664,0.769668,1100000.0,70293700.0
lisk,2016-11-24,0.162997,0.16384400000000002,0.156343,0.162697,82798.0,16299700.0
litecoin,2016-11-24,3.93,3.95,3.89,3.91,2089790.0,190992000
monero,2016-11-24,7.94,8.37,7.58,7.81,5756150.0,106374000
nem,2016-11-24,0.003704,0.003742,0.003573,0.0036060000000000003,70388.0,33335300
neo,2016-11-24,0.167006,0.186579,0.165703,0.171955,252878.0,8350300.0
ripple,2016-11-24,0.007062000000000001,0.007069,0.006945000000000001,0.00695,1845880.0,253280000
siacoin,2016-11-24,0.000272,0.00028,0.000239,0.000245,61111.0,5637670.0
steem,2016-11-24,0.110971,0.128666,0.110971,0.124169,71962.0,24502200
stellar,2016-11-24,0.0017329999999999997,0.001741,0.0016870000000000001,0.001691,35768.0,11873200
verge,2016-11-24,2.2e-05,2.8000000000000003e-05,2.2e-05,2.2e-05,1851.0,285778
zcash,2016-11-24,78.43,102.42,69.08,97.19,4090150.0,5998180
bitcoin,2016-11-25,740.44,741.65,734.59,741.65,67807600.0,11851100000
bitshares,2016-11-25,0.004018,0.004071,0.0039570000000000004,0.004037,50052.0,10353900
bytecoin-bcn,2016-11-25,4.4e-05,5e-05,4.4e-05,5e-05,508.0,8087050
dash,2016-11-25,9.14,9.18,8.76,9.1,1170070.0,63117400
dogecoin,2016-11-25,0.000218,0.000221,0.00021600000000000002,0.00022,55052.0,23332700
ethereum,2016-11-25,9.23,9.75,9.21,9.4,7669720.0,796268000.0
ethereum-classic,2016-11-25,0.771917,0.861533,0.763722,0.845464,1354540.0,66544000.0
lisk,2016-11-25,0.16275599999999998,0.168504,0.160754,0.16114900000000001,107960.0,16275600.0
litecoin,2016-11-25,3.91,3.92,3.89,3.92,2211790.0,190123000
monero,2016-11-25,7.79,7.8,7.33,7.54,2450680.0,104451000
nem,2016-11-25,0.0036049999999999997,0.003632,0.0035280000000000003,0.003592,27450.0,32443600
neo,2016-11-25,0.171903,0.191663,0.17188499999999998,0.174514,148809.0,8595150.0
ripple,2016-11-25,0.006948,0.006979000000000001,0.006887999999999999,0.006901999999999999,995869.0,249288000
siacoin,2016-11-25,0.000251,0.000264,0.000245,0.00025499999999999996,40898.0,5199730.0
steem,2016-11-25,0.124142,0.165992,0.12054000000000001,0.141849,191141.0,27517000
stellar,2016-11-25,0.001691,0.0017289999999999999,0.0016719999999999999,0.0017219999999999998,13354.0,11583900
verge,2016-11-25,2.2e-05,2.2e-05,2.2e-05,2.2e-05,409.0,284108
zcash,2016-11-25,96.64,106.89,88.17,91.33,3525760.0,7953550
bitcoin,2016-11-26,741.51,742.21,729.63,735.38,54962700.0,11869600000
bitshares,2016-11-26,0.004043,0.004054,0.003926,0.004024,33335.0,10417600
bytecoin-bcn,2016-11-26,5e-05,5.1e-05,3.9e-05,4.4e-05,312.0,9148230
dash,2016-11-26,9.11,9.13,8.79,8.9,947235.0,62900600
dogecoin,2016-11-26,0.000221,0.00022200000000000003,0.00021600000000000002,0.00021899999999999998,51450.0,23653600
ethereum,2016-11-26,9.42,9.5,9.31,9.33,3505990.0,812795000.0
ethereum-classic,2016-11-26,0.840183,0.8422620000000001,0.781507,0.781978,445946.0,72456000.0
lisk,2016-11-26,0.161177,0.163938,0.156671,0.162519,109529.0,16117700.0
litecoin,2016-11-26,3.92,3.93,3.88,3.89,1782340.0,190557000
monero,2016-11-26,7.55,7.81,7.4,7.62,1632680.0,101260000
nem,2016-11-26,0.003592,0.003942,0.003556,0.003668,80513.0,32326100
neo,2016-11-26,0.17460799999999999,0.185637,0.17389200000000002,0.17414100000000002,53456.0,8730400.0
ripple,2016-11-26,0.006895,0.007390000000000001,0.006847,0.007390000000000001,560816.0,247374000
siacoin,2016-11-26,0.00025299999999999997,0.000258,0.000244,0.000244,23589.0,5254600.0
steem,2016-11-26,0.14116199999999998,0.16359500000000002,0.134399,0.14844200000000002,157559.0,31365900
stellar,2016-11-26,0.0017170000000000002,0.0017170000000000002,0.001605,0.0016489999999999999,31598.0,11766800
verge,2016-11-26,2.2e-05,2.8999999999999997e-05,1.4999999999999999e-05,2.2e-05,922.0,284621
zcash,2016-11-26,91.13,92.36,76.02,77.3,1902290.0,8032700
bitcoin,2016-11-27,735.44,739.02,731.09,732.03,52601800.0,11773800000
bitshares,2016-11-27,0.004023,0.004052,0.003949,0.003949,25197.0,10367600
bytecoin-bcn,2016-11-27,4.4e-05,5e-05,3.9e-05,4.4e-05,271.0,8031800
dash,2016-11-27,8.9,9.17,8.89,9.09,1058670.0,61471600
dogecoin,2016-11-27,0.00021899999999999998,0.00022200000000000003,0.00021600000000000002,0.000217,64760.0,23420800
ethereum,2016-11-27,9.31,9.33,8.78,9.0,8707660.0,804085000.0
ethereum-classic,2016-11-27,0.781763,0.801659,0.773297,0.778122,270799.0,67442700.0
lisk,2016-11-27,0.162467,0.165103,0.15601600000000002,0.157288,48853.0,16246700.0
litecoin,2016-11-27,3.91,3.92,3.88,3.88,1631940.0,190001000
monero,2016-11-27,7.63,8.12,7.59,7.93,2604180.0,102503000
nem,2016-11-27,0.003694,0.003924,0.003629,0.0036710000000000002,50158.0,33243600
neo,2016-11-27,0.17413399999999998,0.179557,0.173007,0.17305,34618.0,8706700.0
ripple,2016-11-27,0.007384999999999999,0.007499,0.00707,0.0070739999999999996,525140.0,264950000
siacoin,2016-11-27,0.000244,0.00025299999999999997,0.00023500000000000002,0.000244,18612.0,5082730.0
steem,2016-11-27,0.153007,0.202928,0.14763800000000002,0.181619,372411.0,34090300
stellar,2016-11-27,0.0016489999999999999,0.0016879999999999998,0.0016420000000000002,0.0016649999999999998,7384.0,11294900
verge,2016-11-27,2.2e-05,2.2e-05,1.4999999999999999e-05,2.2e-05,292.0,284479
zcash,2016-11-27,77.33,80.42,66.66,69.83,1465100.0,7286500
bitcoin,2016-11-28,732.48,738.01,732.48,735.81,61888600.0,11727800000
bitshares,2016-11-28,0.003951,0.003981,0.0038280000000000002,0.0038280000000000002,76376.0,10181900
bytecoin-bcn,2016-11-28,4.4e-05,5.1e-05,3.8e-05,4.4e-05,1196.0,8016230
dash,2016-11-28,9.07,9.14,8.95,8.96,848792.0,62666300
dogecoin,2016-11-28,0.000217,0.000226,0.00021600000000000002,0.000218,77058.0,23242600
ethereum,2016-11-28,9.0,9.01,8.72,8.72,6046890.0,777311000.0
ethereum-classic,2016-11-28,0.777354,0.785192,0.75756,0.759313,267367.0,67087300.0
lisk,2016-11-28,0.157302,0.171272,0.155974,0.168976,190134.0,15730200.0
litecoin,2016-11-28,3.9,3.91,3.88,3.88,1726410.0,189561000
monero,2016-11-28,7.92,8.08,7.78,7.89,1931140.0,106354000
nem,2016-11-28,0.0036710000000000002,0.0038200000000000005,0.003643,0.003747,25164.0,33041200
neo,2016-11-28,0.173073,0.175046,0.166608,0.167994,92873.0,8653650.0
ripple,2016-11-28,0.007081999999999999,0.007114,0.006947,0.0070079999999999995,1818750.0,254074000
siacoin,2016-11-28,0.000244,0.000244,0.000233,0.000233,17456.0,5073470.0
steem,2016-11-28,0.180862,0.197123,0.163597,0.165117,216099.0,40454300
stellar,2016-11-28,0.0016649999999999998,0.0016940000000000002,0.0016530000000000002,0.001655,13301.0,11405800
verge,2016-11-28,2.2e-05,2.2e-05,1.4999999999999999e-05,1.6e-05,173.0,280959
zcash,2016-11-28,69.26,75.52,66.21,70.96,1262350.0,6962100
bitcoin,2016-11-29,736.33,737.47,734.56,735.6,68511100.0,11790900000
bitshares,2016-11-29,0.003831,0.003949,0.0037310000000000004,0.003749,104865.0,9872880
bytecoin-bcn,2016-11-29,4.4e-05,4.4e-05,3.8e-05,4e-05,346.0,8026150
dash,2016-11-29,8.96,9.05,8.62,8.82,1402230.0,61963800
dogecoin,2016-11-29,0.00021899999999999998,0.00021899999999999998,0.00021400000000000002,0.000217,75059.0,23401700
ethereum,2016-11-29,8.73,8.74,7.88,8.17,17000400.0,754307000.0
ethereum-classic,2016-11-29,0.759591,0.782389,0.721561,0.747909,796887.0,65578800.0
lisk,2016-11-29,0.169052,0.186813,0.16464700000000002,0.180705,241875.0,16905200.0
litecoin,2016-11-29,3.89,3.9,3.87,3.87,2436960.0,189365000
monero,2016-11-29,7.91,7.99,7.48,7.6,2468920.0,106266000
nem,2016-11-29,0.0037479999999999996,0.003805,0.00371,0.003754,26742.0,33727600
neo,2016-11-29,0.16786099999999998,0.167909,0.141612,0.149953,121979.0,8393050.0
ripple,2016-11-29,0.0070090000000000005,0.0070420000000000005,0.00678,0.00678,1551670.0,251466000
siacoin,2016-11-29,0.00023799999999999998,0.000242,0.000227,0.000236,33028.0,4956350.0
steem,2016-11-29,0.165239,0.172297,0.141517,0.163474,115502.0,36868300
stellar,2016-11-29,0.001655,0.001691,0.0016359999999999999,0.001667,9853.0,11340900
verge,2016-11-29,1.6e-05,2.2e-05,1.6e-05,2.2e-05,301.0,199752
zcash,2016-11-29,71.84,77.66,67.96,68.72,1275680.0,7698550
bitcoin,2016-11-30,736.28,747.93,736.26,745.69,84070800.0,11791600000
bitshares,2016-11-30,0.003757,0.0038350000000000003,0.0037560000000000002,0.003775,47828.0,9682350
bytecoin-bcn,2016-11-30,4.4e-05,5.2000000000000004e-05,3.8e-05,5.1e-05,3291.0,8055860
dash,2016-11-30,8.82,8.95,8.75,8.91,605542.0,61023300
dogecoin,2016-11-30,0.00021600000000000002,0.000217,0.000213,0.00021400000000000002,50524.0,23146000
ethereum,2016-11-30,8.16,8.75,8.16,8.59,10626600.0,705040000.0
ethereum-classic,2016-11-30,0.7481180000000001,0.7660680000000001,0.744628,0.748166,382146.0,64612500.0
lisk,2016-11-30,0.180637,0.18221800000000002,0.16832,0.169325,144182.0,18063700.0
litecoin,2016-11-30,3.89,3.92,3.88,3.89,1857280.0,189196000
monero,2016-11-30,7.63,9.31,7.21,8.95,11077200.0,102540000
nem,2016-11-30,0.0037530000000000003,0.0037649999999999997,0.003684,0.0037170000000000003,12622.0,33781300
neo,2016-11-30,0.149963,0.150848,0.140499,0.144636,63418.0,7498150.0
ripple,2016-11-30,0.006779,0.006784,0.00672,0.006723000000000001,1495310.0,243213000
siacoin,2016-11-30,0.00023199999999999997,0.00023500000000000002,0.000215,0.00022400000000000002,35469.0,4848460.0
steem,2016-11-30,0.163499,0.178396,0.148057,0.149624,93258.0,36573900
stellar,2016-11-30,0.001666,0.0016879999999999998,0.0016129999999999999,0.001629,15505.0,11417200
verge,2016-11-30,2.2e-05,2.2e-05,1.6e-05,2.2e-05,674.0,282327
zcash,2016-11-30,68.76,72.94,66.71,68.69,1389900.0,7833490
bitcoin,2016-12-01,746.05,758.27,746.05,756.77,80461900.0,11949200000
bitshares,2016-12-01,0.003775,0.0038200000000000005,0.0036479999999999998,0.003672,136868.0,9728920
bytecoin-bcn,2016-12-01,5.1e-05,5.2000000000000004e-05,3.8e-05,4.5e-05,2450.0,9327540
dash,2016-12-01,8.91,8.94,8.7,8.74,672328.0,61634000
dogecoin,2016-12-01,0.000215,0.00021899999999999998,0.000213,0.00021400000000000002,121422.0,22982300
ethereum,2016-12-01,8.6,8.65,8.36,8.45,5882340.0,743882000.0
ethereum-classic,2016-12-01,0.747475,0.791416,0.746875,0.7666350000000001,413683.0,64580700.0
lisk,2016-12-01,0.17068,0.170973,0.15653499999999998,0.161528,97247.0,17068000.0
litecoin,2016-12-01,3.91,3.92,3.89,3.91,1985600.0,190306000
monero,2016-12-01,8.93,9.13,8.36,8.58,5605070.0,120142000
nem,2016-12-01,0.0037170000000000003,0.0037560000000000002,0.00361,0.003646,47370.0,33453400
neo,2016-12-01,0.144522,0.144846,0.138559,0.14011400000000002,62769.0,7226100.0
ripple,2016-12-01,0.006723000000000001,0.006737000000000001,0.006702,0.006702,1142000.0,241183000
siacoin,2016-12-01,0.00021899999999999998,0.00022200000000000003,0.000204,0.000205,45876.0,4587110.0
steem,2016-12-01,0.14915799999999999,0.165799,0.143119,0.149757,56775.0,33364000
stellar,2016-12-01,0.001629,0.0016719999999999999,0.0015429999999999999,0.0016190000000000002,60747.0,11164200
verge,2016-12-01,2.2e-05,2.9999999999999997e-05,1.4999999999999999e-05,2.3e-05,215.0,286200
zcash,2016-12-01,68.46,68.46,62.49,63.03,1247650.0,8268910
bitcoin,2016-12-02,757.54,781.3,757.54,777.94,127605000.0,12134800000
bitshares,2016-12-02,0.003689,0.003715,0.0036009999999999996,0.003676,163091.0,9507780
bytecoin-bcn,2016-12-02,4.5e-05,5.3e-05,3.9e-05,4.6e-05,983.0,8276400
dash,2016-12-02,8.75,8.86,8.61,8.66,823934.0,60538100
dogecoin,2016-12-02,0.00021400000000000002,0.000221,0.000212,0.00021600000000000002,94692.0,22961000
ethereum,2016-12-02,8.46,8.46,7.42,7.76,18579800.0,731520000.0
ethereum-classic,2016-12-02,0.767199,0.8134239999999999,0.736627,0.801643,1205640.0,66309800.0
lisk,2016-12-02,0.161744,0.163627,0.14611,0.15215399999999998,131762.0,16174400.0
litecoin,2016-12-02,3.92,3.96,3.92,3.95,2559070.0,190840000
monero,2016-12-02,8.5,8.5,7.92,8.23,6249910.0,114407000
nem,2016-12-02,0.003636,0.0036659999999999996,0.0034119999999999997,0.003505,112369.0,32719700
neo,2016-12-02,0.140119,0.14573699999999998,0.138452,0.141991,69742.0,7005950.0
ripple,2016-12-02,0.006706999999999999,0.006906,0.006615,0.006659999999999999,1756030.0,241354000
siacoin,2016-12-02,0.00021,0.00021,0.000182,0.000194,60893.0,4394740.0
steem,2016-12-02,0.149924,0.185329,0.149924,0.185329,116299.0,33624700
stellar,2016-12-02,0.00162,0.001621,0.0014869999999999998,0.001529,29715.0,11102000
verge,2016-12-02,2.3e-05,3.1e-05,1.6e-05,1.6e-05,460.0,290760
zcash,2016-12-02,63.63,64.5,60.32,60.32,1201460.0,8145410
bitcoin,2016-12-03,778.25,778.25,764.86,771.15,69547300.0,12467800000
bitshares,2016-12-03,0.003677,0.003773,0.003587,0.003721,83511.0,9475660
bytecoin-bcn,2016-12-03,4.6e-05,4.6e-05,4e-05,4.1e-05,949.0,8293960
dash,2016-12-03,8.64,8.92,8.61,8.88,939632.0,59770500
dogecoin,2016-12-03,0.00021600000000000002,0.000218,0.00021400000000000002,0.000217,79712.0,23118000
ethereum,2016-12-03,7.77,8.15,7.67,7.92,12112100.0,672138000.0
ethereum-classic,2016-12-03,0.80224,0.807527,0.7694880000000001,0.772839,396889.0,69364500.0
lisk,2016-12-03,0.152202,0.15651199999999998,0.14746900000000002,0.154907,42210.0,15220200.0
litecoin,2016-12-03,3.95,3.95,3.91,3.92,1805780.0,192376000
monero,2016-12-03,8.21,8.56,8.09,8.27,2100120.0,110596000
nem,2016-12-03,0.003505,0.003587,0.003447,0.00345,33408.0,31548200
neo,2016-12-03,0.141987,0.144054,0.136455,0.14244400000000002,121437.0,7099350.0
ripple,2016-12-03,0.006712,0.00689,0.006587999999999999,0.006587999999999999,1213480.0,241553000
siacoin,2016-12-03,0.000194,0.000236,0.000194,0.000215,61116.0,4056690.0
steem,2016-12-03,0.182057,0.20783200000000002,0.169774,0.198069,165834.0,40995700
stellar,2016-12-03,0.001529,0.0016059999999999998,0.001513,0.001592,29495.0,10476300
verge,2016-12-03,1.6e-05,2.3e-05,1.4999999999999999e-05,2.3e-05,218.0,200278
zcash,2016-12-03,59.85,60.85,58.66,59.53,837752.0,8086360
bitcoin,2016-12-04,771.64,773.87,768.16,773.87,60557900.0,12363600000
bitshares,2016-12-04,0.0037329999999999998,0.003742,0.0035189999999999996,0.00359,42273.0,9622280
bytecoin-bcn,2016-12-04,4.1e-05,4.6e-05,4e-05,4.1e-05,266.0,7522300
dash,2016-12-04,8.87,9.01,8.66,8.82,889416.0,61445900
dogecoin,2016-12-04,0.000215,0.000218,0.000213,0.000217,55311.0,23085100
ethereum,2016-12-04,7.9,7.95,7.44,7.44,8450790.0,684258000.0
ethereum-classic,2016-12-04,0.7725270000000001,0.78778,0.753897,0.7689520000000001,556114.0,66820700.0
lisk,2016-12-04,0.15573599999999999,0.157803,0.149796,0.15347,67621.0,15573600.0
litecoin,2016-12-04,3.93,3.95,3.9,3.9,1908090.0,191594000
monero,2016-12-04,8.26,8.42,7.8,7.8,2491800.0,111297000
nem,2016-12-04,0.00345,0.003578,0.003408,0.003563,14388.0,31048000
neo,2016-12-04,0.14244400000000002,0.157052,0.14244400000000002,0.14717,109462.0,7122200.0
ripple,2016-12-04,0.006592,0.006594,0.006519,0.006527,1167110.0,237241000
siacoin,2016-12-04,0.000215,0.00022400000000000002,0.000204,0.000204,23939.0,4513880.0
steem,2016-12-04,0.193118,0.22374899999999998,0.184185,0.209031,133072.0,43627900
stellar,2016-12-04,0.001592,0.0015970000000000001,0.001532,0.001532,8556.0,10904800
verge,2016-12-04,2.3e-05,2.3e-05,1.4999999999999999e-05,1.4999999999999999e-05,290.0,292038
zcash,2016-12-04,59.46,62.11,58.35,58.39,825231.0,8458930
bitcoin,2016-12-05,773.39,773.47,751.71,758.7,106363000.0,12393100000
bitshares,2016-12-05,0.00359,0.0036299999999999995,0.0034590000000000003,0.003532,88831.0,9253900
bytecoin-bcn,2016-12-05,4.1e-05,4.5e-05,3.8e-05,4.5e-05,907.0,7451560
dash,2016-12-05,8.8,8.9,8.48,8.56,979175.0,61042900
dogecoin,2016-12-05,0.00021600000000000002,0.000217,0.00020800000000000001,0.000215,125542.0,23198100
ethereum,2016-12-05,7.41,7.64,6.66,6.82,17344500.0,641820000.0
ethereum-classic,2016-12-05,0.768666,0.85635,0.755031,0.837907,1459110.0,66510700.0
lisk,2016-12-05,0.152842,0.154672,0.144618,0.14471900000000001,73567.0,15284200.0
litecoin,2016-12-05,3.88,3.92,3.33,3.53,11106200.0,189313000
monero,2016-12-05,7.83,8.15,7.68,7.91,2413870.0,105539000
nem,2016-12-05,0.003565,0.003572,0.0032990000000000003,0.003311,41901.0,32087800
neo,2016-12-05,0.14727,0.14727,0.138194,0.141459,71656.0,7363500.0
ripple,2016-12-05,0.006525,0.006761,0.006418999999999999,0.0064340000000000005,867666.0,234832000
siacoin,2016-12-05,0.00020899999999999998,0.00021400000000000002,0.00019099999999999998,0.0002,19728.0,4396240.0
steem,2016-12-05,0.21139899999999998,0.24700500000000003,0.197579,0.241184,283476.0,47924400
stellar,2016-12-05,0.001532,0.001557,0.0015119999999999999,0.001542,17747.0,10492900
verge,2016-12-05,1.4999999999999999e-05,2.3e-05,1.4999999999999999e-05,1.4999999999999999e-05,94.0,198010
zcash,2016-12-05,58.39,58.59,50.81,50.93,1036500.0,8728140
bitcoin,2016-12-06,758.72,765.62,758.72,764.22,116218000.0,12159400000
bitshares,2016-12-06,0.0035329999999999997,0.003643,0.003467,0.00361,93131.0,9106530
bytecoin-bcn,2016-12-06,4.5e-05,4.5e-05,3.8e-05,4.5e-05,991.0,8229320
dash,2016-12-06,8.56,8.81,8.49,8.8,1016800.0,59386400
dogecoin,2016-12-06,0.000215,0.000215,0.00020800000000000001,0.000212,56771.0,23017400
ethereum,2016-12-06,6.8,7.92,5.98,7.87,50671200.0,589548000.0
ethereum-classic,2016-12-06,0.839794,0.8467540000000001,0.743399,0.7822939999999999,1518070.0,72693900.0
lisk,2016-12-06,0.144603,0.146058,0.124482,0.141453,178198.0,14460300.0
litecoin,2016-12-06,3.49,3.56,3.49,3.54,3007340.0,170093000
monero,2016-12-06,7.91,7.96,7.16,7.54,3566450.0,106599000
nem,2016-12-06,0.003311,0.0033450000000000003,0.0030789999999999997,0.003207,114567.0,29798900
neo,2016-12-06,0.13896,0.14181,0.135703,0.136097,54376.0,6948000.0
ripple,2016-12-06,0.006435,0.0066549999999999995,0.006417,0.0066549999999999995,1396500.0,231585000
siacoin,2016-12-06,0.0002,0.000204,0.000185,0.00018600000000000002,34191.0,4216310.0
steem,2016-12-06,0.24224600000000002,0.342344,0.218928,0.237438,1030820.0,55133500
stellar,2016-12-06,0.001542,0.0028239999999999997,0.001458,0.002666,856036.0,10563300
verge,2016-12-06,1.4999999999999999e-05,2.3e-05,1.4999999999999999e-05,1.4999999999999999e-05,271.0,197490
zcash,2016-12-06,50.97,53.08,47.48,48.74,1386070.0,7977960
bitcoin,2016-12-07,764.21,771.54,759.75,768.13,96426100.0,12248900000
bitshares,2016-12-07,0.003617,0.004181,0.003617,0.004144,230070.0,9323190
bytecoin-bcn,2016-12-07,4.5e-05,4.6e-05,3.8e-05,4.5e-05,1862.0,8222300
dash,2016-12-07,8.78,8.82,8.66,8.68,787296.0,60880100
dogecoin,2016-12-07,0.000212,0.000215,0.00021,0.00021400000000000002,78009.0,22773100
ethereum,2016-12-07,7.89,8.54,7.33,8.38,22229600.0,684258000.0
ethereum-classic,2016-12-07,0.7821899999999999,0.833355,0.773184,0.822794,582894.0,67732800.0
lisk,2016-12-07,0.143112,0.14769200000000002,0.133198,0.14748,66506.0,14311200.0
litecoin,2016-12-07,3.54,3.63,3.51,3.62,2537240.0,172683000
monero,2016-12-07,7.54,8.01,7.32,7.89,1800020.0,101729000
nem,2016-12-07,0.003208,0.003475,0.0031739999999999997,0.003439,90073.0,28872500
neo,2016-12-07,0.136196,0.142794,0.134726,0.13745,51152.0,6809800.0
ripple,2016-12-07,0.006653,0.006851,0.0065650000000000005,0.006851,2805260.0,239432000
siacoin,2016-12-07,0.00018600000000000002,0.000221,0.00018600000000000002,0.00020099999999999998,27750.0,3913850.0
steem,2016-12-07,0.234346,0.24669899999999997,0.202765,0.21824899999999997,251921.0,53095700
stellar,2016-12-07,0.002653,0.003141,0.001993,0.0027670000000000004,2369690.0,18174700
verge,2016-12-07,1.4999999999999999e-05,2.3e-05,1.4999999999999999e-05,1.9e-05,30.0,195542
zcash,2016-12-07,48.74,61.18,47.71,54.61,1479950.0,7982650
bitcoin,2016-12-08,768.08,774.7,765.95,770.81,80111900.0,12312500000
bitshares,2016-12-08,0.004175,0.004184,0.00394,0.003941,111463.0,10759800
bytecoin-bcn,2016-12-08,4.5e-05,4.6e-05,3.9e-05,4e-05,975.0,8251300
dash,2016-12-08,8.69,8.79,8.66,8.75,713673.0,60292700
dogecoin,2016-12-08,0.000212,0.00021600000000000002,0.00021099999999999998,0.000215,73483.0,22712500
ethereum,2016-12-08,8.38,8.86,8.23,8.23,16042700.0,726878000.0
ethereum-classic,2016-12-08,0.824569,0.830944,0.80618,0.817662,528148.0,71428700.0
lisk,2016-12-08,0.147465,0.154115,0.139103,0.14116099999999998,70775.0,14746500.0
litecoin,2016-12-08,3.6,3.73,3.6,3.69,2683090.0,175746000
monero,2016-12-08,7.87,8.03,7.73,7.79,1391520.0,106218000
nem,2016-12-08,0.003468,0.0034799999999999996,0.003286,0.003332,38625.0,31208200
neo,2016-12-08,0.13744800000000001,0.138971,0.134429,0.134429,31065.0,6872400.0
ripple,2016-12-08,0.006848999999999999,0.007156,0.006829000000000001,0.007097,2789540.0,246469000
siacoin,2016-12-08,0.00020099999999999998,0.00021600000000000002,0.000199,0.00020899999999999998,20720.0,4236870.0
steem,2016-12-08,0.220352,0.257909,0.205558,0.240139,204867.0,49794900
stellar,2016-12-08,0.0027489999999999997,0.0029100000000000003,0.00231,0.002421,1531460.0,18831300
verge,2016-12-08,1.9e-05,2.3e-05,1.6e-05,1.6e-05,254.0,238004
zcash,2016-12-08,54.0,57.45,53.28,53.3,797234.0,9229090
bitcoin,2016-12-09,769.94,774.53,769.65,772.79,68705300.0,12344000000
bitshares,2016-12-09,0.003941,0.004002,0.003913000000000001,0.003965,40307.0,10157300
bytecoin-bcn,2016-12-09,4e-05,4.7e-05,4e-05,4.7e-05,1693.0,7215670
dash,2016-12-09,8.75,8.85,8.72,8.83,870014.0,60752100
dogecoin,2016-12-09,0.000215,0.000215,0.00021099999999999998,0.000212,70556.0,23002100
ethereum,2016-12-09,8.17,8.67,8.05,8.45,12916300.0,708468000.0
ethereum-classic,2016-12-09,0.817856,0.839118,0.798441,0.8092229999999999,579338.0,70873700.0
lisk,2016-12-09,0.1411,0.14794200000000002,0.1411,0.14339000000000002,43190.0,14110000.0
litecoin,2016-12-09,3.69,3.71,3.68,3.69,1758140.0,180109000
monero,2016-12-09,7.8,8.07,7.79,7.95,1230840.0,105361000
nem,2016-12-09,0.003331,0.003363,0.0032049999999999995,0.0032649999999999997,41814.0,29981800
neo,2016-12-09,0.134409,0.136923,0.129699,0.13007,54783.0,6720450.0
ripple,2016-12-09,0.007091,0.007162000000000001,0.007006999999999999,0.007135,2421860.0,255230000
siacoin,2016-12-09,0.00020899999999999998,0.00022400000000000002,0.0002,0.00021600000000000002,31497.0,4424660.0
steem,2016-12-09,0.23872100000000002,0.264889,0.232742,0.236094,172774.0,53949300
stellar,2016-12-09,0.002444,0.0026149999999999997,0.002327,0.002545,519467.0,16742000
verge,2016-12-09,1.6e-05,2.3e-05,1.4999999999999999e-05,1.4999999999999999e-05,1758.0,209850
zcash,2016-12-09,53.38,53.44,49.7,50.37,674180.0,9506630
bitcoin,2016-12-10,773.02,777.09,772.91,774.65,53843100.0,12394500000
bitshares,2016-12-10,0.003965,0.0040420000000000005,0.003925,0.0039689999999999994,36126.0,10221300
bytecoin-bcn,2016-12-10,4.1e-05,4.7e-05,4e-05,4.3e-05,808.0,7456560
dash,2016-12-10,8.84,8.93,8.81,8.88,781253.0,61391600
dogecoin,2016-12-10,0.00021099999999999998,0.000217,0.00021,0.000215,113819.0,22644700
ethereum,2016-12-10,8.44,8.53,8.02,8.13,8108370.0,732173000.0
ethereum-classic,2016-12-10,0.809507,0.871926,0.802917,0.8600040000000001,547454.0,70176700.0
lisk,2016-12-10,0.1434,0.145548,0.132759,0.132759,44838.0,14340000.0
litecoin,2016-12-10,3.69,3.7,3.64,3.68,2093810.0,180350000
monero,2016-12-10,7.95,8.03,7.67,7.78,954105.0,107380000
nem,2016-12-10,0.0032479999999999996,0.003483,0.0032159999999999997,0.003348,28807.0,29228800
neo,2016-12-10,0.13095199999999999,0.132206,0.12477,0.125328,37027.0,6547600.0
ripple,2016-12-10,0.007137999999999999,0.007145,0.006816,0.006816,1297860.0,256936000
siacoin,2016-12-10,0.00021600000000000002,0.000269,0.00021600000000000002,0.00023799999999999998,124224.0,4574570.0
steem,2016-12-10,0.23614699999999997,0.24286100000000002,0.215493,0.21681199999999998,94146.0,53360200
stellar,2016-12-10,0.002587,0.002587,0.002199,0.0022329999999999997,481548.0,17721400
verge,2016-12-10,1.4999999999999999e-05,3.1e-05,1.4999999999999999e-05,2.3e-05,824.0,198168
zcash,2016-12-10,50.35,50.54,48.11,49.78,539462.0,9328520
bitcoin,2016-12-11,774.75,774.8,765.41,769.73,57313400.0,12423600000
bitshares,2016-12-11,0.003967,0.003991,0.003927,0.003946,28246.0,10226000
bytecoin-bcn,2016-12-11,4.3e-05,4.6e-05,4.1e-05,4.1e-05,237.0,7795640
dash,2016-12-11,8.88,9.59,8.78,9.54,1065390.0,61671200
dogecoin,2016-12-11,0.00021400000000000002,0.00022400000000000002,0.000213,0.000223,164021.0,22995700
ethereum,2016-12-11,8.13,8.27,8.1,8.19,5545500.0,705363000.0
ethereum-classic,2016-12-11,0.8584,0.9620860000000001,0.857915,0.9304459999999999,1751520.0,74443900.0
lisk,2016-12-11,0.135905,0.13737,0.130304,0.135481,43162.0,13590500.0
litecoin,2016-12-11,3.69,3.69,3.63,3.64,1948170.0,180064000
monero,2016-12-11,7.77,8.09,7.74,7.91,1511400.0,105063000
nem,2016-12-11,0.003348,0.00344,0.003276,0.00344,17412.0,30131800
neo,2016-12-11,0.125352,0.128221,0.12072999999999999,0.12213399999999999,41967.0,6267600.0
ripple,2016-12-11,0.006816,0.006998000000000001,0.006731,0.006744,978511.0,245332000
siacoin,2016-12-11,0.000244,0.000263,0.00022400000000000002,0.00022999999999999998,37905.0,5179140.0
steem,2016-12-11,0.21586599999999997,0.21769299999999997,0.18398299999999998,0.187283,171812.0,48806100
stellar,2016-12-11,0.002204,0.002418,0.002136,0.002353,306783.0,15102000
verge,2016-12-11,2.3e-05,2.3e-05,2.3e-05,2.3e-05,241.0,296790
zcash,2016-12-11,49.6,50.56,48.34,48.48,512219.0,9544090
bitcoin,2016-12-12,770.04,781.92,770.04,780.09,76571000.0,12349800000
bitshares,2016-12-12,0.003941,0.0039840000000000006,0.0038130000000000004,0.003912,50645.0,10158800
bytecoin-bcn,2016-12-12,4.1e-05,4.6e-05,4e-05,4.4e-05,1018.0,7547400
dash,2016-12-12,9.52,9.66,9.07,9.1,1054770.0,66123200
dogecoin,2016-12-12,0.00022400000000000002,0.000226,0.000218,0.00022200000000000003,111702.0,24043300
ethereum,2016-12-12,8.19,8.61,8.17,8.52,9119700.0,711348000.0
ethereum-classic,2016-12-12,0.93027,0.958333,0.8998860000000001,0.908797,1153900.0,80707700.0
lisk,2016-12-12,0.135519,0.14135599999999998,0.13427999999999998,0.136959,72220.0,13551900.0
litecoin,2016-12-12,3.64,3.67,3.62,3.66,2465660.0,177808000
monero,2016-12-12,7.91,8.06,7.83,8.05,1037600.0,106974000
nem,2016-12-12,0.00344,0.003443,0.003351,0.00337,9717.0,30960500
neo,2016-12-12,0.122082,0.140238,0.122082,0.129977,57019.0,6104100.0
ripple,2016-12-12,0.006744,0.006809,0.006743000000000001,0.006778,1449640.0,242743000
siacoin,2016-12-12,0.00022999999999999998,0.000233,0.00021600000000000002,0.000225,30009.0,4900960.0
steem,2016-12-12,0.187339,0.19785,0.186969,0.192918,78912.0,42373400
stellar,2016-12-12,0.002353,0.002418,0.0022140000000000003,0.0022719999999999997,230324.0,16124600
verge,2016-12-12,2.3e-05,2.9999999999999997e-05,1.4999999999999999e-05,1.6e-05,257.0,294810
zcash,2016-12-12,48.48,50.12,48.33,49.92,650266.0,9674570
bitcoin,2016-12-13,780.65,788.46,777.96,780.56,81645600.0,12521500000
bitshares,2016-12-13,0.0039109999999999995,0.003951,0.0038439999999999998,0.003855,23047.0,10082900
bytecoin-bcn,2016-12-13,4.4e-05,4.5e-05,4e-05,4e-05,849.0,7969350
dash,2016-12-13,9.07,9.43,9.05,9.39,971378.0,63064100
dogecoin,2016-12-13,0.00022,0.000223,0.000215,0.00021600000000000002,82531.0,23618600
ethereum,2016-12-13,8.52,8.53,8.35,8.42,4486190.0,740099000.0
ethereum-classic,2016-12-13,0.9098940000000001,0.9989959999999999,0.909467,0.983316,1507660.0,78969100.0
lisk,2016-12-13,0.13706300000000002,0.13958199999999998,0.135053,0.137505,45407.0,13706300.0
litecoin,2016-12-13,3.67,3.7,3.65,3.65,1962750.0,179068000
monero,2016-12-13,8.07,8.14,7.97,8.11,892392.0,109172000
nem,2016-12-13,0.0033689999999999996,0.0034200000000000003,0.0033090000000000003,0.0033130000000000004,15639.0,30324900
neo,2016-12-13,0.133035,0.136888,0.125618,0.127959,30845.0,6651750.0
ripple,2016-12-13,0.00678,0.006781000000000001,0.006678,0.0067079999999999996,1946660.0,244047000
siacoin,2016-12-13,0.000225,0.00023799999999999998,0.000221,0.000227,18654.0,4795190.0
steem,2016-12-13,0.194012,0.20084100000000002,0.15683699999999998,0.156904,238747.0,43963600
stellar,2016-12-13,0.0022649999999999997,0.002301,0.002088,0.0021579999999999998,207838.0,15676100
verge,2016-12-13,1.6e-05,2.4e-05,1.6e-05,1.7e-05,98.0,201414
zcash,2016-12-13,50.02,50.02,46.55,46.78,600625.0,10340500
bitcoin,2016-12-14,780.0,782.03,776.84,781.48,75979000.0,12512900000
bitshares,2016-12-14,0.003863,0.0038909999999999995,0.0036659999999999996,0.0037259999999999997,79103.0,9958400
bytecoin-bcn,2016-12-14,3.9e-05,4.6e-05,3.9e-05,4e-05,518.0,7164520
dash,2016-12-14,9.4,9.42,9.1,9.16,1416530.0,65366300
dogecoin,2016-12-14,0.000215,0.00022,0.00021400000000000002,0.000217,60084.0,23105600
ethereum,2016-12-14,8.45,8.52,8.25,8.27,7337220.0,734382000.0
ethereum-classic,2016-12-14,0.9834120000000001,0.999941,0.960026,0.99484,1119820.0,85382100.0
lisk,2016-12-14,0.138427,0.14715699999999998,0.13374,0.134892,75608.0,13842700.0
litecoin,2016-12-14,3.66,3.66,3.59,3.62,2618560.0,178719000
monero,2016-12-14,8.23,8.59,8.11,8.41,3268750.0,111468000
nem,2016-12-14,0.00331,0.0035159999999999996,0.0032869999999999996,0.003408,24447.0,29789100
neo,2016-12-14,0.12793,0.12793,0.12036400000000001,0.12100799999999999,50948.0,6396500.0
ripple,2016-12-14,0.006704000000000001,0.006753,0.006690000000000001,0.006705,2002770.0,241323000
siacoin,2016-12-14,0.000227,0.000233,0.00021899999999999998,0.00022999999999999998,25072.0,4836720.0
steem,2016-12-14,0.152916,0.185067,0.146145,0.16927799999999998,272866.0,34765400
stellar,2016-12-14,0.002163,0.0022170000000000002,0.002104,0.00215,83790.0,14973400
verge,2016-12-14,1.7e-05,2.3e-05,1.6e-05,2.3e-05,110.0,216848
zcash,2016-12-14,46.82,47.24,43.13,44.33,801444.0,10014600
bitcoin,2016-12-15,780.07,781.43,777.8,778.09,81580100.0,12511700000
bitshares,2016-12-15,0.0037329999999999998,0.0037869999999999996,0.0036899999999999997,0.0037869999999999996,40059.0,9623660
bytecoin-bcn,2016-12-15,4e-05,4.6e-05,3.9e-05,3.9e-05,599.0,7204680
dash,2016-12-15,9.18,9.39,9.08,9.3,1999050.0,63821200
dogecoin,2016-12-15,0.000215,0.00022,0.00021400000000000002,0.000215,100360.0,23107200
ethereum,2016-12-15,8.24,8.24,7.72,7.83,13184400.0,715861000.0
ethereum-classic,2016-12-15,0.992717,1.11,0.9835950000000001,1.08,3175330.0,86222800.0
lisk,2016-12-15,0.136127,0.145806,0.136069,0.141592,79341.0,13612700.0
litecoin,2016-12-15,3.61,3.65,3.6,3.62,2679340.0,176603000
monero,2016-12-15,8.43,8.55,8.26,8.42,1224190.0,114274000
nem,2016-12-15,0.003401,0.0035520000000000005,0.0033770000000000002,0.0034049999999999996,26255.0,30606100
neo,2016-12-15,0.121012,0.123902,0.109819,0.10983699999999999,38086.0,6050600.0
ripple,2016-12-15,0.006698999999999999,0.006698999999999999,0.006606,0.006662,1050570.0,241138000
siacoin,2016-12-15,0.000226,0.000229,0.000218,0.00021899999999999998,21840.0,4820720.0
steem,2016-12-15,0.170431,0.194502,0.1631,0.181222,264099.0,38781600
stellar,2016-12-15,0.002151,0.003013,0.0021,0.002802,673328.0,14887800
verge,2016-12-15,2.3e-05,3.1e-05,1.6e-05,2.3e-05,569.0,295280
zcash,2016-12-15,44.41,44.41,40.08,40.31,658957.0,9817220
bitcoin,2016-12-16,778.96,785.03,778.96,784.91,83608200.0,12498800000
bitshares,2016-12-16,0.0037869999999999996,0.0038840000000000003,0.003773,0.003822,31894.0,9761750
bytecoin-bcn,2016-12-16,3.9e-05,4.5e-05,3.9e-05,3.9e-05,667.0,7135070
dash,2016-12-16,9.29,9.98,9.17,9.89,1951350.0,64662300
dogecoin,2016-12-16,0.000215,0.000218,0.000213,0.000217,92083.0,23085900
ethereum,2016-12-16,7.86,7.93,7.8,7.86,5178610.0,683399000.0
ethereum-classic,2016-12-16,1.08,1.09,1.04,1.07,1463920.0,94032300.0
lisk,2016-12-16,0.14164100000000002,0.143714,0.136185,0.139075,43560.0,14164100.0
litecoin,2016-12-16,3.63,3.65,3.61,3.63,1625780.0,177349000
monero,2016-12-16,8.43,8.54,8.39,8.51,960469.0,114291000
nem,2016-12-16,0.003404,0.0035960000000000002,0.0033979999999999995,0.0035960000000000002,41678.0,30639700
neo,2016-12-16,0.10986900000000001,0.118707,0.109327,0.11443199999999999,49515.0,5493450.0
ripple,2016-12-16,0.006662,0.006790999999999999,0.006661,0.00671,2575390.0,238467000
siacoin,2016-12-16,0.00021899999999999998,0.00022400000000000002,0.00021099999999999998,0.00021600000000000002,25053.0,4684750.0
steem,2016-12-16,0.18112,0.18801099999999998,0.1697,0.171155,73001.0,41300000
stellar,2016-12-16,0.002821,0.003149,0.002752,0.003123,1241390.0,19528800
verge,2016-12-16,2.3e-05,3.1e-05,1.6e-05,1.6e-05,183.0,298633
zcash,2016-12-16,40.48,42.3,40.06,40.22,417793.0,9235150
bitcoin,2016-12-17,785.17,792.51,784.86,790.83,78989800.0,12599600000
bitshares,2016-12-17,0.003822,0.0038420000000000004,0.00375,0.00375,19070.0,9853560
bytecoin-bcn,2016-12-17,3.9e-05,4.6e-05,3.9e-05,4e-05,124.0,7167670
dash,2016-12-17,9.87,9.91,9.39,9.74,1964650.0,68667100
dogecoin,2016-12-17,0.000217,0.00022,0.000212,0.00021899999999999998,155943.0,23277700
ethereum,2016-12-17,7.86,7.9,7.52,7.88,8502620.0,683357000.0
ethereum-classic,2016-12-17,1.07,1.07,0.9918799999999999,1.01,1410390.0,92896500.0
lisk,2016-12-17,0.139071,0.139984,0.132359,0.13501300000000002,34816.0,13907100.0
litecoin,2016-12-17,3.63,3.71,3.61,3.7,2559210.0,177535000
monero,2016-12-17,8.48,8.53,8.25,8.32,1046610.0,115014000
nem,2016-12-17,0.0035960000000000002,0.0036590000000000004,0.00352,0.0036270000000000004,32836.0,32361600
neo,2016-12-17,0.114445,0.115568,0.10174,0.105842,62650.0,5722250.0
ripple,2016-12-17,0.006704000000000001,0.006711,0.006534999999999999,0.006541,1838990.0,239970000
siacoin,2016-12-17,0.00021099999999999998,0.00022200000000000003,0.0002,0.00020099999999999998,25672.0,4530700.0
steem,2016-12-17,0.170749,0.181016,0.16027,0.16350499999999998,92403.0,38973700
stellar,2016-12-17,0.003129,0.003139,0.0027489999999999997,0.0027719999999999997,350471.0,21660900
verge,2016-12-17,1.6e-05,2.4e-05,1.6e-05,2.4e-05,224.0,205354
zcash,2016-12-17,40.22,40.22,35.8,35.84,668641.0,9464260
bitcoin,2016-12-18,791.01,794.74,788.03,790.53,60524400.0,12694800000
bitshares,2016-12-18,0.0037479999999999996,0.0038420000000000004,0.0037240000000000003,0.0037689999999999998,31875.0,9662720
bytecoin-bcn,2016-12-18,4e-05,4.7e-05,3.9e-05,4.7e-05,582.0,7211800
dash,2016-12-18,9.72,9.94,9.64,9.89,1935260.0,67675800
dogecoin,2016-12-18,0.00021899999999999998,0.00022,0.000215,0.000218,73407.0,23470700
ethereum,2016-12-18,7.86,7.93,7.72,7.87,5890020.0,684028000.0
ethereum-classic,2016-12-18,1.01,1.06,1.01,1.05,632975.0,87709900.0
lisk,2016-12-18,0.134372,0.1652,0.13376,0.15039,143862.0,13437200.0
litecoin,2016-12-18,3.7,3.71,3.66,3.68,1951490.0,181204000
monero,2016-12-18,8.33,8.83,8.31,8.61,2073320.0,113063000
nem,2016-12-18,0.0036270000000000004,0.003996,0.0035840000000000004,0.003819,100644.0,32641500
neo,2016-12-18,0.105842,0.117273,0.101063,0.11525999999999999,37746.0,5292100.0
ripple,2016-12-18,0.006541,0.00658,0.006533,0.006573999999999999,1194400.0,234125000
siacoin,2016-12-18,0.00020099999999999998,0.00021099999999999998,0.000198,0.000205,21640.0,4316230.0
steem,2016-12-18,0.163467,0.17644200000000002,0.160942,0.169774,52209.0,37321800
stellar,2016-12-18,0.0027719999999999997,0.0029579999999999997,0.002759,0.0029,142791.0,19186100
verge,2016-12-18,2.4e-05,2.4e-05,1.6e-05,1.6e-05,608.0,306251
zcash,2016-12-18,35.82,40.63,35.14,36.44,603727.0,8685170
bitcoin,2016-12-19,790.69,793.61,790.32,792.71,74886400.0,12691100000
bitshares,2016-12-19,0.0037689999999999998,0.003973,0.0037549999999999997,0.0039380000000000005,83210.0,9717360
bytecoin-bcn,2016-12-19,4.7e-05,4.7e-05,4e-05,4.1e-05,43898.0,8488400
dash,2016-12-19,9.88,10.53,9.87,10.32,2089000.0,68822100
dogecoin,2016-12-19,0.00021600000000000002,0.00022200000000000003,0.00021600000000000002,0.000218,225757.0,23232400
ethereum,2016-12-19,7.87,7.87,7.63,7.64,5894760.0,685054000.0
ethereum-classic,2016-12-19,1.06,1.21,1.06,1.2,3140940.0,92384900.0
lisk,2016-12-19,0.148792,0.159624,0.143252,0.155291,150048.0,14879200.0
litecoin,2016-12-19,3.68,3.68,3.65,3.66,2274070.0,179953000
monero,2016-12-19,8.6,8.77,8.39,8.63,1948360.0,116756000
nem,2016-12-19,0.0038200000000000005,0.003987,0.003694,0.003743,107734.0,34382500
neo,2016-12-19,0.11525999999999999,0.12181199999999999,0.106848,0.121387,55326.0,5763000.0
ripple,2016-12-19,0.006581999999999999,0.006581999999999999,0.006534000000000001,0.0065450000000000005,1109670.0,235601000
siacoin,2016-12-19,0.000205,0.00022200000000000003,0.000205,0.00021400000000000002,31415.0,4407730.0
steem,2016-12-19,0.16983299999999998,0.171929,0.14490999999999998,0.152631,164174.0,38800000
stellar,2016-12-19,0.0029010000000000004,0.002937,0.002785,0.002868,125139.0,20078900
verge,2016-12-19,1.6e-05,2e-05,1.6e-05,1.6e-05,24.0,202435
zcash,2016-12-19,36.55,37.48,33.91,34.47,544746.0,9123560
bitcoin,2016-12-20,792.25,801.34,791.5,800.88,99629300.0,12717600000
bitshares,2016-12-20,0.0039369999999999995,0.00415,0.003922,0.004012,67054.0,10150400
bytecoin-bcn,2016-12-20,4.1e-05,4.7e-05,4e-05,4e-05,442.0,7402940
dash,2016-12-20,10.33,10.51,10.22,10.22,2236060.0,71983000
dogecoin,2016-12-20,0.00021899999999999998,0.00022,0.00021600000000000002,0.00021899999999999998,186803.0,23480100
ethereum,2016-12-20,7.63,7.75,7.57,7.66,6313550.0,664772000.0
ethereum-classic,2016-12-20,1.2,1.2,1.13,1.14,2311760.0,104095000.0
lisk,2016-12-20,0.154576,0.16181700000000002,0.142862,0.147727,119852.0,15457600.0
litecoin,2016-12-20,3.66,3.66,3.64,3.66,2335510.0,179159000
monero,2016-12-20,8.63,8.7,8.39,8.43,2093870.0,117248000
nem,2016-12-20,0.003743,0.0038159999999999995,0.003708,0.0037310000000000004,31798.0,33686500
neo,2016-12-20,0.12153599999999999,0.124127,0.11510799999999999,0.120868,73913.0,6076800.0
ripple,2016-12-20,0.006540000000000001,0.006543000000000001,0.006481000000000001,0.0065,2284690.0,234114000
siacoin,2016-12-20,0.00021400000000000002,0.00021899999999999998,0.000206,0.00021400000000000002,23294.0,4608160.0
steem,2016-12-20,0.152357,0.158361,0.137186,0.138,101275.0,34857400
stellar,2016-12-20,0.002867,0.0030399999999999997,0.0028350000000000003,0.002836,130279.0,19847400
verge,2016-12-20,1.6e-05,2e-05,1.6e-05,1.6e-05,37.0,208839
zcash,2016-12-20,34.55,40.06,34.24,36.02,1105810.0,8869190
bitcoin,2016-12-21,800.64,834.28,799.4,834.28,155576000.0,12853700000
bitshares,2016-12-21,0.004,0.004137,0.003961999999999999,0.004103,54220.0,10313000
bytecoin-bcn,2016-12-21,4e-05,4.8e-05,4e-05,4.2e-05,831.0,7323720
dash,2016-12-21,10.23,10.27,9.78,9.81,2189580.0,71265200
dogecoin,2016-12-21,0.00022,0.00022799999999999999,0.000218,0.000227,205205.0,23608500
ethereum,2016-12-21,7.66,7.94,7.66,7.91,9393550.0,667625000.0
ethereum-classic,2016-12-21,1.14,1.17,1.12,1.14,2182690.0,98977000.0
lisk,2016-12-21,0.147532,0.161722,0.14299800000000001,0.154614,187510.0,14870900.0
litecoin,2016-12-21,3.66,3.69,3.65,3.65,2913250.0,179441000
monero,2016-12-21,8.45,8.62,8.26,8.28,2788170.0,114871000
nem,2016-12-21,0.0037310000000000004,0.003751,0.003471,0.003488,60202.0,33576900
neo,2016-12-21,0.120868,0.168983,0.118599,0.16711700000000002,635204.0,6043400.0
ripple,2016-12-21,0.006498,0.006498,0.006417,0.006445,2300840.0,232609000
siacoin,2016-12-21,0.00021400000000000002,0.000221,0.00020299999999999997,0.000218,34977.0,4613320.0
steem,2016-12-21,0.13692100000000001,0.143679,0.128573,0.13461099999999998,190601.0,31347900
stellar,2016-12-21,0.0028420000000000003,0.002947,0.0027649999999999997,0.00281,123212.0,19669400
verge,2016-12-21,1.6e-05,2.5e-05,1.6e-05,1.7e-05,865.0,204919
zcash,2016-12-21,36.17,39.32,35.77,36.29,892439.0,9545130
bitcoin,2016-12-22,834.18,875.78,834.15,864.54,200027000.0,13393800000
bitshares,2016-12-22,0.004089,0.004338,0.004028,0.004246,114686.0,10542400
bytecoin-bcn,2016-12-22,4.2e-05,5.1e-05,4.2e-05,5e-05,1197.0,7663970
dash,2016-12-22,9.84,9.93,9.21,9.79,2611390.0,68569100
dogecoin,2016-12-22,0.00022799999999999999,0.00022999999999999998,0.00022200000000000003,0.000225,260272.0,24450800
ethereum,2016-12-22,7.9,7.91,7.5,7.58,16376700.0,688380000.0
ethereum-classic,2016-12-22,1.14,1.16,1.08,1.1,2408530.0,99217600.0
lisk,2016-12-22,0.154109,0.161031,0.140093,0.148303,176840.0,15533800.0
litecoin,2016-12-22,3.67,3.75,3.66,3.71,3657740.0,179542000
monero,2016-12-22,8.3,9.49,8.3,8.9,4342540.0,112882000
nem,2016-12-22,0.003493,0.0037090000000000005,0.003479,0.0036,87629.0,31440800
neo,2016-12-22,0.166441,0.18498599999999998,0.147481,0.155065,544880.0,8322050.0
ripple,2016-12-22,0.006451999999999999,0.0064659999999999995,0.006324000000000001,0.006363000000000001,2897110.0,230933000
siacoin,2016-12-22,0.000218,0.000223,0.00020299999999999997,0.000204,53217.0,4713630.0
steem,2016-12-22,0.135553,0.137989,0.130422,0.132984,105589.0,31115600
stellar,2016-12-22,0.0028239999999999997,0.002873,0.0024460000000000003,0.002751,195628.0,19549800
verge,2016-12-22,1.7e-05,2.5e-05,1.7e-05,1.8e-05,64.0,213467
zcash,2016-12-22,36.29,48.57,36.28,47.76,2591110.0,9840030
bitcoin,2016-12-23,864.89,925.12,864.68,921.98,275564000.0,13888600000
bitshares,2016-12-23,0.004251,0.00447,0.004251,0.004353,143252.0,10958800
bytecoin-bcn,2016-12-23,5e-05,5.2000000000000004e-05,4.4e-05,4.7e-05,981.0,9129540
dash,2016-12-23,9.77,9.9,9.24,9.56,2883150.0,68143200
dogecoin,2016-12-23,0.000225,0.00023700000000000001,0.00022200000000000003,0.000236,378406.0,24169100
ethereum,2016-12-23,7.58,7.69,7.16,7.17,19613100.0,660546000.0
ethereum-classic,2016-12-23,1.1,1.11,1.02,1.05,4006640.0,95854800.0
lisk,2016-12-23,0.147121,0.152462,0.133133,0.134443,114771.0,14829500.0
litecoin,2016-12-23,3.72,4.66,3.71,4.66,15539100.0,182056000
monero,2016-12-23,8.89,9.79,8.89,9.55,4014090.0,120963000
nem,2016-12-23,0.0036,0.003822,0.003415,0.0035240000000000002,122783.0,32397800
neo,2016-12-23,0.155059,0.157925,0.131227,0.137593,187645.0,7752950.0
ripple,2016-12-23,0.006362,0.006436,0.006281,0.006286,3514540.0,229051000
siacoin,2016-12-23,0.000204,0.000217,0.000193,0.00020099999999999998,52867.0,4418810.0
steem,2016-12-23,0.133708,0.147039,0.132116,0.14163499999999998,115079.0,30809400
stellar,2016-12-23,0.002757,0.002857,0.002477,0.002646,176957.0,19080200
verge,2016-12-23,1.8e-05,2.1e-05,1.7e-05,1.8e-05,244.0,224244
zcash,2016-12-23,48.02,63.97,45.97,52.05,4812040.0,13371200
bitcoin,2016-12-24,922.18,923.48,886.34,898.82,137727000.0,14810300000
bitshares,2016-12-24,0.004367,0.0044280000000000005,0.004258,0.004294,68578.0,11258400
bytecoin-bcn,2016-12-24,5.2000000000000004e-05,5.2000000000000004e-05,4.4e-05,4.6e-05,682.0,9462730
dash,2016-12-24,9.59,10.02,9.59,9.83,2686220.0,66873600
dogecoin,2016-12-24,0.00023799999999999998,0.000252,0.00023199999999999997,0.000234,422843.0,25568700
ethereum,2016-12-24,7.15,7.41,7.15,7.27,7626020.0,623759000.0
ethereum-classic,2016-12-24,1.05,1.13,1.04,1.12,1701720.0,91254200.0
lisk,2016-12-24,0.134793,0.15592899999999998,0.134793,0.137493,133874.0,13586800.0
litecoin,2016-12-24,4.65,4.77,4.42,4.55,19773600.0,227716000
monero,2016-12-24,9.61,9.77,9.48,9.65,1553340.0,130752000
nem,2016-12-24,0.003529,0.0036520000000000003,0.00339,0.0035479999999999995,99398.0,31758500
neo,2016-12-24,0.139545,0.151804,0.136822,0.14691600000000002,132934.0,6977250.0
ripple,2016-12-24,0.006275,0.006371,0.006234,0.0063490000000000005,2495670.0,225933000
siacoin,2016-12-24,0.00020099999999999998,0.00022,0.00019099999999999998,0.000212,33417.0,4353630.0
steem,2016-12-24,0.141612,0.144734,0.134071,0.135703,53773.0,32662500
stellar,2016-12-24,0.002579,0.0027600000000000003,0.002564,0.002691,53322.0,17850900
verge,2016-12-24,1.8e-05,2.7000000000000002e-05,1.8e-05,1.8e-05,110.0,236019
zcash,2016-12-24,51.99,54.89,47.51,48.24,1362700.0,14847800
bitcoin,2016-12-25,899.65,899.65,862.42,896.18,143665000.0,14450100000
bitshares,2016-12-25,0.004295,0.004306,0.004062,0.004285,76824.0,11072700
bytecoin-bcn,2016-12-25,4.5e-05,4.7e-05,4.4e-05,4.5e-05,3703.0,8281740
dash,2016-12-25,9.82,10.17,9.78,10.01,2578850.0,68476200
dogecoin,2016-12-25,0.000234,0.000236,0.000225,0.00022999999999999998,241911.0,25116200
ethereum,2016-12-25,7.26,7.34,7.14,7.18,8671840.0,633792000.0
ethereum-classic,2016-12-25,1.12,1.13,1.06,1.07,1115620.0,97352300.0
lisk,2016-12-25,0.137475,0.14490999999999998,0.13339600000000001,0.14185599999999998,75791.0,13857200.0
litecoin,2016-12-25,4.56,4.57,4.22,4.35,11363100.0,223317000
monero,2016-12-25,9.65,9.8,9.49,9.73,2456860.0,131445000
nem,2016-12-25,0.003549,0.0037310000000000004,0.003474,0.0036060000000000003,49233.0,31938900
neo,2016-12-25,0.144213,0.153788,0.141296,0.146788,239670.0,7210650.0
ripple,2016-12-25,0.00635,0.006453,0.006334,0.006444,2188780.0,228638000
siacoin,2016-12-25,0.000212,0.000215,0.00020099999999999998,0.000207,20414.0,4596600.0
steem,2016-12-25,0.13575399999999999,0.13730599999999998,0.130885,0.136299,46936.0,31318300
stellar,2016-12-25,0.0026920000000000004,0.0027199999999999998,0.002559,0.002578,29175.0,18631500
verge,2016-12-25,1.8e-05,2.7000000000000002e-05,1.7e-05,2.1e-05,68.0,232169
zcash,2016-12-25,48.52,50.01,44.06,45.85,927218.0,14195300
bitcoin,2016-12-26,896.9,913.18,896.9,907.61,123771000.0,14407800000
bitshares,2016-12-26,0.004282,0.004294,0.004201,0.004220000000000001,67104.0,11041000
bytecoin-bcn,2016-12-26,4.5e-05,5.3e-05,4.5e-05,4.6e-05,498.0,8260000
dash,2016-12-26,9.98,10.17,9.7,9.7,2106310.0,69653100
dogecoin,2016-12-26,0.000231,0.000234,0.000229,0.000233,141805.0,24873000
ethereum,2016-12-26,7.13,7.33,7.05,7.27,5836810.0,622439000.0
ethereum-classic,2016-12-26,1.07,1.08,1.03,1.04,706717.0,93483900.0
lisk,2016-12-26,0.14191800000000002,0.146672,0.137578,0.138944,81084.0,14305000.0
litecoin,2016-12-26,4.35,4.47,4.28,4.36,7603100.0,213135000
monero,2016-12-26,9.72,10.29,9.7,10.27,2243850.0,132352000
nem,2016-12-26,0.003588,0.003643,0.0035,0.003575,32883.0,32290800
neo,2016-12-26,0.146785,0.182563,0.141148,0.166597,579250.0,7339250.0
ripple,2016-12-26,0.006443000000000001,0.006481000000000001,0.006323,0.006326,1640840.0,231980000
siacoin,2016-12-26,0.000213,0.000217,0.000207,0.00020899999999999998,11989.0,4623450.0
steem,2016-12-26,0.135261,0.156852,0.135261,0.152022,159876.0,31204500
stellar,2016-12-26,0.002578,0.002696,0.002569,0.002657,23143.0,17843400
verge,2016-12-26,2.1e-05,2.7000000000000002e-05,1.8e-05,1.9e-05,133.0,273194
zcash,2016-12-26,45.89,46.91,42.67,43.59,896655.0,13753700
bitcoin,2016-12-27,908.35,940.05,904.25,933.2,167308000.0,14593300000
bitshares,2016-12-27,0.004221,0.0042369999999999994,0.004006,0.004115,100732.0,10883300
bytecoin-bcn,2016-12-27,4.6e-05,5.5e-05,3.9e-05,3.9e-05,2583.0,8317810
dash,2016-12-27,9.72,9.91,9.45,9.74,2285700.0,67846400
dogecoin,2016-12-27,0.00023199999999999997,0.00023500000000000002,0.000223,0.000227,251069.0,24924000
ethereum,2016-12-27,7.28,7.32,7.09,7.17,8778610.0,635260000.0
ethereum-classic,2016-12-27,1.04,1.07,1.03,1.05,838558.0,91042200.0
lisk,2016-12-27,0.139654,0.14151,0.13397699999999998,0.137202,59771.0,14076800.0
litecoin,2016-12-27,4.37,4.58,4.33,4.47,9294450.0,214286000
monero,2016-12-27,10.27,13.05,10.25,12.69,10888000.0,139913000
nem,2016-12-27,0.003578,0.00364,0.003317,0.003392,80148.0,32200200
neo,2016-12-27,0.1666,0.177395,0.15393199999999999,0.158032,265268.0,8330000.0
ripple,2016-12-27,0.006326,0.006326,0.006188,0.0061990000000000005,2471000.0,227764000
siacoin,2016-12-27,0.00020899999999999998,0.000215,0.00020099999999999998,0.000206,14307.0,4550320.0
steem,2016-12-27,0.151803,0.159958,0.14823599999999998,0.152024,129719.0,35018900
stellar,2016-12-27,0.0026579999999999998,0.002747,0.002432,0.002543,126849.0,18400800
verge,2016-12-27,1.9e-05,1.9e-05,1.8e-05,1.9e-05,275.0,237539
zcash,2016-12-27,43.5,48.31,42.16,44.38,1034630.0,13352300
bitcoin,2016-12-28,934.83,975.92,934.83,975.92,236630000.0,15020500000
bitshares,2016-12-28,0.004117,0.004145,0.003929,0.004053,60720.0,10615600
bytecoin-bcn,2016-12-28,4.7e-05,4.9e-05,4e-05,4.4e-05,832.0,8511280
dash,2016-12-28,9.73,10.36,9.72,10.07,2490150.0,67916000
dogecoin,2016-12-28,0.000227,0.000231,0.00022,0.000223,295278.0,24448700
ethereum,2016-12-28,7.15,7.62,7.08,7.52,17453300.0,624359000.0
ethereum-classic,2016-12-28,1.05,1.12,1.04,1.11,1532120.0,91838000.0
lisk,2016-12-28,0.13713699999999998,0.14084100000000002,0.12440799999999999,0.130487,131484.0,13862900.0
litecoin,2016-12-28,4.49,4.67,4.49,4.57,10319300.0,220199000
monero,2016-12-28,12.54,14.62,12.2,14.09,13579500.0,171000000
nem,2016-12-28,0.003399,0.0036270000000000004,0.003288,0.0036270000000000004,87826.0,30591300
neo,2016-12-28,0.158032,0.16204100000000002,0.14599,0.15068900000000002,118030.0,7901600.0
ripple,2016-12-28,0.006193,0.006336,0.0061259999999999995,0.006173,2064130.0,222957000
siacoin,2016-12-28,0.000213,0.000217,0.000204,0.000206,35730.0,4631110.0
steem,2016-12-28,0.152588,0.160217,0.14941500000000002,0.15626700000000002,108223.0,35181100
stellar,2016-12-28,0.002552,0.002553,0.0024059999999999997,0.002509,66923.0,17665800
verge,2016-12-28,1.9e-05,2.8999999999999997e-05,1.9e-05,2e-05,301.0,238777
zcash,2016-12-28,44.02,54.11,43.72,48.49,2236980.0,13824500
bitcoin,2016-12-29,975.13,979.4,954.5,973.5,199320000.0,15670000000
bitshares,2016-12-29,0.00404,0.004197,0.003995,0.004161,80845.0,10416000
bytecoin-bcn,2016-12-29,4.4e-05,5.9999999999999995e-05,4.4e-05,5.6999999999999996e-05,52539.0,8026540
dash,2016-12-29,10.05,11.05,10.01,10.85,3237930.0,70227400
dogecoin,2016-12-29,0.000223,0.00023500000000000002,0.000221,0.00022799999999999999,214764.0,23991800
ethereum,2016-12-29,7.54,8.53,7.54,8.28,27543800.0,658674000.0
ethereum-classic,2016-12-29,1.11,1.46,1.11,1.43,8164640.0,97111000.0
lisk,2016-12-29,0.131151,0.151571,0.129255,0.142204,129925.0,13263400.0
litecoin,2016-12-29,4.58,4.63,4.51,4.56,9352850.0,224755000
monero,2016-12-29,14.14,14.17,12.46,13.13,8200850.0,192960000
nem,2016-12-29,0.0036270000000000004,0.003795,0.003445,0.0037259999999999997,64921.0,32642000
neo,2016-12-29,0.15068800000000002,0.15191500000000002,0.140106,0.14095,100992.0,7534400.0
ripple,2016-12-29,0.00618,0.006354,0.006167,0.006340999999999999,1345050.0,222517000
siacoin,2016-12-29,0.000206,0.00022200000000000003,0.00020299999999999997,0.00021400000000000002,27161.0,4491410.0
steem,2016-12-29,0.15651900000000002,0.169471,0.15437,0.16583499999999998,108068.0,35999500
stellar,2016-12-29,0.00251,0.0026030000000000003,0.002309,0.002559,144014.0,17370800
verge,2016-12-29,2e-05,2.8999999999999997e-05,1.9e-05,1.9e-05,222.0,252209
zcash,2016-12-29,48.43,52.93,48.43,50.99,1191160.0,15557400
bitcoin,2016-12-30,972.53,972.53,934.83,961.24,187474000.0,15630200000
bitshares,2016-12-30,0.0041600000000000005,0.0041600000000000005,0.004025,0.004074,51057.0,10725100
bytecoin-bcn,2016-12-30,5.7999999999999994e-05,6.500000000000001e-05,5e-05,5.6999999999999996e-05,3861.0,10638600
dash,2016-12-30,10.83,11.44,10.72,11.11,4445310.0,75640100
dogecoin,2016-12-30,0.000234,0.000234,0.00022200000000000003,0.00022799999999999999,176730.0,25128400
ethereum,2016-12-30,8.29,8.47,8.05,8.16,13909900.0,724528000.0
ethereum-classic,2016-12-30,1.43,1.63,1.42,1.55,9605480.0,124970000.0
lisk,2016-12-30,0.14344,0.14938900000000002,0.13868,0.146274,80064.0,14512300.0
litecoin,2016-12-30,4.56,4.56,4.29,4.39,11912800.0,224021000
monero,2016-12-30,13.09,13.28,12.26,12.97,3491280.0,178684000
nem,2016-12-30,0.00374,0.0038200000000000005,0.003565,0.003793,101380.0,33655500
neo,2016-12-30,0.143599,0.14807,0.13689300000000001,0.147527,69464.0,7179950.0
ripple,2016-12-30,0.006352,0.006455,0.006338,0.006426,1379470.0,230797000
siacoin,2016-12-30,0.00021400000000000002,0.000254,0.000213,0.000242,148828.0,4668430.0
steem,2016-12-30,0.165689,0.17974500000000002,0.15913,0.167055,136881.0,38102400
stellar,2016-12-30,0.002559,0.0025800000000000003,0.002479,0.0025440000000000003,55768.0,17714100
verge,2016-12-30,1.9e-05,2.8999999999999997e-05,1.9e-05,1.9e-05,303.0,249087
zcash,2016-12-30,50.52,52.24,49.97,50.38,960167.0,16595400
bitcoin,2016-12-31,960.63,963.74,947.24,963.74,99135100.0,15440700000
bitshares,2016-12-31,0.004074,0.004084,0.0039829999999999996,0.00399,28432.0,10505800
bytecoin-bcn,2016-12-31,5.6999999999999996e-05,6.6e-05,4.8e-05,4.9e-05,2322.0,10413200
dash,2016-12-31,11.14,11.33,10.93,11.21,3468330.0,77833900
dogecoin,2016-12-31,0.000227,0.00022799999999999999,0.000223,0.000223,73496.0,24454500
ethereum,2016-12-31,8.15,8.16,7.91,7.97,9066800.0,712662000.0
ethereum-classic,2016-12-31,1.55,1.58,1.33,1.41,3908650.0,135389000.0
lisk,2016-12-31,0.146924,0.147981,0.14157,0.14441500000000002,30538.0,14871100.0
litecoin,2016-12-31,4.39,4.4,4.29,4.33,9210720.0,215734000
monero,2016-12-31,12.96,13.88,12.8,13.78,4421340.0,177027000
nem,2016-12-31,0.003793,0.003804,0.0036439999999999997,0.003676,26284.0,34136900
neo,2016-12-31,0.147526,0.148837,0.142705,0.144763,61000.0,7376300.0
ripple,2016-12-31,0.006417,0.0065379999999999995,0.0063869999999999994,0.006449,272884.0,233185000
siacoin,2016-12-31,0.000234,0.00024900000000000004,0.000229,0.000242,36701.0,5122660.0
steem,2016-12-31,0.164443,0.177779,0.160077,0.169495,78049.0,37817400
stellar,2016-12-31,0.002545,0.002545,0.002426,0.0024690000000000003,43346.0,17612200
verge,2016-12-31,1.9e-05,1.9e-05,1.9e-05,1.9e-05,21.0,246945
zcash,2016-12-31,50.48,50.48,48.01,48.1,534660.0,16941000
bitcoin,2017-01-01,963.66,1003.08,958.7,998.33,147775000.0,15491200000
bitshares,2017-01-01,0.003968,0.004055,0.003867,0.0040490000000000005,84776.0,10231400
bytecoin-bcn,2017-01-01,4.9e-05,5.7999999999999994e-05,4.9e-05,5.7999999999999994e-05,488.0,8963960
dash,2017-01-01,11.21,11.49,10.96,11.23,3684210.0,78350600
dogecoin,2017-01-01,0.000223,0.00022799999999999999,0.000221,0.00022799999999999999,136829.0,24026000
ethereum,2017-01-01,7.98,8.47,7.98,8.17,14731700.0,698149000.0
ethereum-classic,2017-01-01,1.41,1.5,1.35,1.4,3570370.0,123453000.0
lisk,2017-01-01,0.144362,0.162641,0.144362,0.150247,207507.0,14617900.0
litecoin,2017-01-01,4.33,4.52,4.33,4.51,11337500.0,212691000
monero,2017-01-01,13.79,14.17,13.42,13.97,3923550.0,188431000
nem,2017-01-01,0.003676,0.003718,0.0034100000000000003,0.00344,78880.0,33087800
neo,2017-01-01,0.144763,0.147274,0.139742,0.141841,63512.0,7238150.0
ripple,2017-01-01,0.006523,0.006702,0.006334,0.006368,418978.0,237032000
siacoin,2017-01-01,0.000242,0.000246,0.00022,0.00022999999999999998,43397.0,5289400.0
steem,2017-01-01,0.170221,0.17665699999999998,0.15845399999999998,0.161161,108192.0,39084000
stellar,2017-01-01,0.002464,0.002575,0.002432,0.0024809999999999997,39325.0,17052000
verge,2017-01-01,1.9e-05,2.9999999999999997e-05,1.9e-05,2.2e-05,297.0,246813
zcash,2017-01-01,48.05,49.06,47.97,48.47,530961.0,16468900
bitcoin,2017-01-02,998.62,1031.39,996.7,1021.75,222185000.0,16055100000
bitshares,2017-01-02,0.00405,0.004211,0.003988,0.004051,122104.0,10443900
bytecoin-bcn,2017-01-02,5.7999999999999994e-05,6.1e-05,5.2000000000000004e-05,5.9e-05,27320.0,10573400
dash,2017-01-02,11.27,11.96,11.24,11.81,3800380.0,78789700
dogecoin,2017-01-02,0.00022799999999999999,0.00022999999999999998,0.00022200000000000003,0.000226,195520.0,24560200
ethereum,2017-01-02,8.17,8.44,8.05,8.38,14579600.0,714900000.0
ethereum-classic,2017-01-02,1.4,1.46,1.36,1.44,3098340.0,122159000.0
lisk,2017-01-02,0.150291,0.165129,0.149029,0.158091,188263.0,15224700.0
litecoin,2017-01-02,4.52,4.74,4.48,4.65,14595300.0,222154000
monero,2017-01-02,14.07,16.47,13.84,16.05,12171300.0,192331000
nem,2017-01-02,0.003445,0.003556,0.003341,0.0033770000000000002,106864.0,31006400
neo,2017-01-02,0.141841,0.14774600000000002,0.141841,0.145642,75921.0,7092050.0
ripple,2017-01-02,0.006386,0.006437000000000001,0.006281,0.006311,1046250.0,232067000
siacoin,2017-01-02,0.00022999999999999998,0.00025,0.000229,0.00023799999999999998,42093.0,5042000.0
steem,2017-01-02,0.16123800000000002,0.169737,0.143653,0.154039,194856.0,37017400
stellar,2017-01-02,0.002475,0.002537,0.002425,0.002477,46380.0,17129800
verge,2017-01-02,2.2e-05,3.1e-05,2.1e-05,2.1e-05,773.0,283254
zcash,2017-01-02,48.36,50.26,48.14,49.79,795244.0,16919100
bitcoin,2017-01-03,1021.6,1044.08,1021.6,1043.84,185168000.0,16426600000
bitshares,2017-01-03,0.004045,0.004213000000000001,0.0040100000000000005,0.004154,92600.0,10429700
bytecoin-bcn,2017-01-03,5.9e-05,6.4e-05,5.4000000000000005e-05,5.4000000000000005e-05,1753.0,10709500
dash,2017-01-03,11.81,13.05,11.81,12.78,3846520.0,82603400
dogecoin,2017-01-03,0.00022400000000000002,0.00022799999999999999,0.00022200000000000003,0.000227,132352.0,24049700
ethereum,2017-01-03,8.37,10.0,8.32,9.73,33625200.0,732988000.0
ethereum-classic,2017-01-03,1.44,1.6,1.41,1.49,5508620.0,125771000.0
lisk,2017-01-03,0.158092,0.162545,0.153842,0.15903299999999998,111416.0,16021700.0
litecoin,2017-01-03,4.66,4.73,4.56,4.63,10055700.0,228878000
monero,2017-01-03,16.07,17.03,15.0,16.09,16381900.0,219693000
nem,2017-01-03,0.0033770000000000002,0.003595,0.003357,0.003573,70691.0,30396000
neo,2017-01-03,0.145645,0.147282,0.139653,0.140422,90544.0,7282250.0
ripple,2017-01-03,0.00629,0.006392,0.006278,0.006386,1014830.0,228578000
siacoin,2017-01-03,0.00023799999999999998,0.000254,0.00023700000000000001,0.00025299999999999997,50171.0,5230440.0
steem,2017-01-03,0.155622,0.165616,0.154594,0.15803299999999998,88627.0,35737900
stellar,2017-01-03,0.002499,0.002561,0.002449,0.002554,39944.0,17295800
verge,2017-01-03,2.1e-05,3.1e-05,2e-05,2.1e-05,207.0,270343
zcash,2017-01-03,50.09,51.71,48.61,50.04,1131760.0,17880500
bitcoin,2017-01-04,1044.4,1159.42,1044.4,1154.73,344946000.0,16795400000
bitshares,2017-01-04,0.004148,0.004511,0.004011,0.004438,675267.0,10696400
bytecoin-bcn,2017-01-04,5.4000000000000005e-05,6.7e-05,5.4000000000000005e-05,5.9999999999999995e-05,3903.0,9797520
dash,2017-01-04,12.81,16.96,12.75,16.52,4901250.0,89664000
dogecoin,2017-01-04,0.000227,0.000239,0.000225,0.000236,442095.0,24417800
ethereum,2017-01-04,9.71,11.28,9.56,11.25,41051200.0,850115000.0
ethereum-classic,2017-01-04,1.49,1.79,1.49,1.76,7173020.0,130536000.0
lisk,2017-01-04,0.15914,0.176735,0.158249,0.172757,204520.0,16134600.0
litecoin,2017-01-04,4.63,4.84,4.63,4.84,13762400.0,227855000
monero,2017-01-04,16.14,18.64,15.83,18.53,10179100.0,220820000
nem,2017-01-04,0.003572,0.003766,0.0035060000000000004,0.003766,347165.0,32151100
neo,2017-01-04,0.140294,0.142834,0.134433,0.136734,94045.0,7014700.0
ripple,2017-01-04,0.006385,0.0066560000000000005,0.006385,0.00657,1642730.0,232030000
siacoin,2017-01-04,0.00025299999999999997,0.00028900000000000003,0.00024300000000000002,0.000285,128132.0,5564380.0
steem,2017-01-04,0.15625799999999998,0.177039,0.154192,0.176297,126188.0,35900800
stellar,2017-01-04,0.002553,0.002787,0.002541,0.002735,85385.0,17673500
verge,2017-01-04,2.1e-05,3.4e-05,2.1e-05,2.3e-05,293.0,267087
zcash,2017-01-04,49.8,57.25,49.72,57.03,1998750.0,18137500
bitcoin,2017-01-05,1156.73,1191.1,910.42,1013.38,510199000.0,18604000000
bitshares,2017-01-05,0.004438,0.004472,0.003773,0.004089,365829.0,11443600
bytecoin-bcn,2017-01-05,5.9999999999999995e-05,6.9e-05,4.7e-05,5.3e-05,2335.0,10929600
dash,2017-01-05,16.58,17.11,12.94,14.38,2579450.0,116187000
dogecoin,2017-01-05,0.000233,0.00025699999999999996,0.000221,0.000229,994730.0,25089500
ethereum,2017-01-05,11.29,11.89,9.4,10.25,41557400.0,988599000.0
ethereum-classic,2017-01-05,1.77,1.91,1.44,1.61,7339060.0,154605000.0
lisk,2017-01-05,0.173878,0.185065,0.14538099999999998,0.157554,161476.0,17636100.0
litecoin,2017-01-05,4.91,4.95,4.23,4.29,19196000.0,241730000
monero,2017-01-05,18.55,19.02,14.86,16.19,8528910.0,253879000
nem,2017-01-05,0.0037920000000000002,0.004058,0.0032259999999999997,0.003638,566753.0,34123700
neo,2017-01-05,0.136797,0.143977,0.126582,0.13107,206224.0,6839850.0
ripple,2017-01-05,0.006572,0.00658,0.006031,0.006201,4058170.0,238808000
siacoin,2017-01-05,0.000295,0.000337,0.000244,0.00028399999999999996,239972.0,6493310.0
steem,2017-01-05,0.176546,0.186316,0.143535,0.159329,111056.0,40582700
stellar,2017-01-05,0.0027370000000000003,0.002826,0.0023870000000000002,0.002598,208399.0,18946300
verge,2017-01-05,2.3e-05,2.4e-05,1.8e-05,2e-05,174.0,295460
zcash,2017-01-05,57.22,59.77,47.7,49.84,2845970.0,21251900
bitcoin,2017-01-06,1014.24,1046.81,883.94,902.2,351876000.0,16314100000
bitshares,2017-01-06,0.004093,0.004093,0.003625,0.0036630000000000005,154796.0,10555600
bytecoin-bcn,2017-01-06,5.3e-05,6.1e-05,4.6e-05,5.3e-05,700.0,9616620
dash,2017-01-06,14.42,14.87,11.87,12.03,2262740.0,101082000
dogecoin,2017-01-06,0.00022799999999999999,0.00023500000000000002,0.000218,0.00022,305084.0,24493200
ethereum,2017-01-06,10.29,10.63,9.63,10.25,29471800.0,901249000.0
ethereum-classic,2017-01-06,1.63,1.65,1.42,1.51,3402610.0,142529000.0
lisk,2017-01-06,0.158248,0.16529000000000002,0.13638499999999998,0.141302,188513.0,16057500.0
litecoin,2017-01-06,4.3,4.35,3.84,3.86,11063700.0,211689000
monero,2017-01-06,16.19,16.93,13.58,14.03,9256850.0,221476000
nem,2017-01-06,0.003633,0.003669,0.00318,0.003329,184896.0,32693700
neo,2017-01-06,0.13108699999999998,0.139018,0.13108699999999998,0.135472,54666.0,6554350.0
ripple,2017-01-06,0.006197,0.0063939999999999995,0.006109000000000001,0.006314999999999999,1746150.0,225184000
siacoin,2017-01-06,0.00029,0.000291,0.00023999999999999998,0.000256,68197.0,6392490.0
steem,2017-01-06,0.159777,0.163993,0.14403,0.15640199999999999,86193.0,36750800
stellar,2017-01-06,0.002606,0.002671,0.0022960000000000003,0.002494,121804.0,18034100
verge,2017-01-06,2e-05,2.4e-05,1.8e-05,2.2e-05,202.0,259293
zcash,2017-01-06,49.79,52.24,45.74,47.46,1202660.0,18845700
bitcoin,2017-01-07,903.49,908.59,823.56,908.59,279550000.0,14534400000
bitshares,2017-01-07,0.003667,0.0036899999999999997,0.0034509999999999996,0.0036780000000000003,75507.0,9455510
bytecoin-bcn,2017-01-07,5.3e-05,5.4000000000000005e-05,4.1e-05,5.4000000000000005e-05,2289.0,9689490
dash,2017-01-07,11.96,12.59,11.39,12.44,2542530.0,83814000
dogecoin,2017-01-07,0.00022200000000000003,0.00022799999999999999,0.00021600000000000002,0.000221,315096.0,23845200
ethereum,2017-01-07,10.24,10.28,9.59,9.87,23153600.0,897636000.0
ethereum-classic,2017-01-07,1.51,1.51,1.27,1.44,3523930.0,132231000.0
lisk,2017-01-07,0.14135899999999998,0.147264,0.13127,0.145559,98729.0,14349800.0
litecoin,2017-01-07,3.86,3.96,3.61,3.96,14628400.0,190143000
monero,2017-01-07,14.09,14.17,12.37,13.06,9904390.0,192770000
nem,2017-01-07,0.003317,0.003508,0.003069,0.003508,289376.0,29854700
neo,2017-01-07,0.135505,0.135759,0.125106,0.131104,53818.0,6775250.0
ripple,2017-01-07,0.006351,0.006404000000000001,0.0061329999999999996,0.006365999999999999,1351030.0,230770000
siacoin,2017-01-07,0.00025,0.000306,0.000233,0.000288,187195.0,5526300.0
steem,2017-01-07,0.156605,0.159802,0.140628,0.1538,64169.0,36054200
stellar,2017-01-07,0.002497,0.002512,0.002264,0.002396,74459.0,17286000
verge,2017-01-07,2.2e-05,2.7000000000000002e-05,1.7e-05,1.8e-05,1361.0,285384
zcash,2017-01-07,47.71,47.87,44.01,47.38,1084960.0,18393900
bitcoin,2017-01-08,908.17,942.72,887.25,911.2,158715000.0,14611400000
bitshares,2017-01-08,0.0036799999999999997,0.003807,0.0036509999999999997,0.003699,35075.0,9490690
bytecoin-bcn,2017-01-08,5.4000000000000005e-05,5.5e-05,4.5e-05,5e-05,1230.0,9817960
dash,2017-01-08,12.42,13.12,12.19,12.54,3118970.0,87104800
dogecoin,2017-01-08,0.00022400000000000002,0.00022999999999999998,0.00021899999999999998,0.000221,132159.0,24134500
ethereum,2017-01-08,9.87,10.39,9.83,10.29,16676600.0,865667000.0
ethereum-classic,2017-01-08,1.44,1.5,1.42,1.45,1085530.0,126377000.0
lisk,2017-01-08,0.145559,0.16181099999999998,0.141809,0.157737,141961.0,14782400.0
litecoin,2017-01-08,3.96,4.02,3.9,3.99,11728600.0,194906000
monero,2017-01-08,13.01,13.91,12.86,13.47,3741330.0,178079000
nem,2017-01-08,0.003508,0.00355,0.003351,0.003421,82314.0,31574500
neo,2017-01-08,0.128325,0.134773,0.127755,0.132609,69033.0,6416250.0
ripple,2017-01-08,0.006383,0.006383,0.006232,0.006233,554133.0,231946000
siacoin,2017-01-08,0.000288,0.000365,0.00027,0.00035099999999999997,505883.0,6371760.0
steem,2017-01-08,0.154055,0.156633,0.14960299999999999,0.15252000000000002,43546.0,35486400
stellar,2017-01-08,0.002396,0.002436,0.002332,0.002355,26202.0,16586000
verge,2017-01-08,1.8e-05,2.4e-05,1.8e-05,1.8e-05,60.0,233909
zcash,2017-01-08,47.39,48.17,45.62,46.11,831332.0,18617800
bitcoin,2017-01-09,913.24,913.69,879.81,902.83,141877000.0,14694900000
bitshares,2017-01-09,0.0036969999999999998,0.003783,0.0036009999999999996,0.0037479999999999996,112612.0,9533960
bytecoin-bcn,2017-01-09,4.7e-05,5.3e-05,4.5e-05,4.6e-05,1102.0,8628560
dash,2017-01-09,12.57,12.6,12.03,12.09,2365630.0,88154300
dogecoin,2017-01-09,0.000221,0.00022999999999999998,0.00021600000000000002,0.000229,160173.0,23819300
ethereum,2017-01-09,10.31,10.78,10.14,10.33,25718300.0,904682000.0
ethereum-classic,2017-01-09,1.45,1.46,1.39,1.41,1833120.0,127367000.0
lisk,2017-01-09,0.158679,0.15954300000000002,0.146741,0.149266,92910.0,16119400.0
litecoin,2017-01-09,4.0,4.36,3.93,4.3,11165200.0,196828000
monero,2017-01-09,13.51,13.74,12.66,13.74,4649000.0,184874000
nem,2017-01-09,0.0034240000000000004,0.0036609999999999998,0.0033590000000000004,0.0036079999999999997,99833.0,30815200
neo,2017-01-09,0.13263,0.13367,0.11766700000000001,0.123767,90000.0,6631500.0
ripple,2017-01-09,0.006239,0.006294,0.0061270000000000005,0.006167,702255.0,226700000
siacoin,2017-01-09,0.000344,0.00035800000000000003,0.000321,0.000335,256685.0,7611160.0
steem,2017-01-09,0.15251199999999998,0.15532100000000001,0.145945,0.147024,46253.0,35131000
stellar,2017-01-09,0.002357,0.002381,0.002309,0.0023469999999999997,36858.0,16313100
verge,2017-01-09,1.8e-05,2.7000000000000002e-05,1.8e-05,1.8e-05,385.0,233148
zcash,2017-01-09,46.12,46.47,45.59,46.1,668273.0,18441800
bitcoin,2017-01-10,902.44,914.87,901.06,907.68,115808000.0,14522600000
bitshares,2017-01-10,0.003747,0.003941,0.003714,0.003826,89913.0,9662720
bytecoin-bcn,2017-01-10,4.6e-05,5.4000000000000005e-05,4.6e-05,4.8e-05,688.0,8455700
dash,2017-01-10,12.02,12.65,11.98,12.49,1391630.0,84366800
dogecoin,2017-01-10,0.000229,0.000231,0.00022,0.000226,204249.0,24646600
ethereum,2017-01-10,10.37,10.69,10.29,10.55,10879700.0,909897000.0
ethereum-classic,2017-01-10,1.41,1.45,1.41,1.43,1161360.0,123839000.0
lisk,2017-01-10,0.149196,0.156168,0.144804,0.149062,93383.0,15162400.0
litecoin,2017-01-10,4.3,4.68,4.29,4.59,15157900.0,211857000
monero,2017-01-10,13.7,14.03,13.34,13.39,3943650.0,187430000
nem,2017-01-10,0.0036060000000000003,0.003668,0.003493,0.0036009999999999996,75660.0,32458000
neo,2017-01-10,0.123761,0.13955,0.12311300000000001,0.133864,126915.0,6188050.0
ripple,2017-01-10,0.006157,0.006815000000000001,0.006148,0.006698000000000001,2510530.0,223720000
siacoin,2017-01-10,0.000333,0.000344,0.000301,0.00031600000000000004,165638.0,7399990.0
steem,2017-01-10,0.147053,0.154064,0.14515999999999998,0.150015,48591.0,33873500
stellar,2017-01-10,0.002346,0.002378,0.002323,0.002355,24044.0,16235200
verge,2017-01-10,1.8e-05,1.8e-05,1.8e-05,1.8e-05,83.0,231006
zcash,2017-01-10,46.22,46.37,45.03,45.66,749575.0,18817000
bitcoin,2017-01-11,908.12,919.45,762.76,777.76,310929000.0,14615700000
bitshares,2017-01-11,0.003826,0.003908,0.0033640000000000002,0.0034659999999999995,143254.0,9866790
bytecoin-bcn,2017-01-11,4.7e-05,5.2000000000000004e-05,4e-05,4.2e-05,658.0,8580150
dash,2017-01-11,12.47,12.8,10.83,11.3,3100210.0,87501500
dogecoin,2017-01-11,0.000225,0.000226,0.0002,0.000205,458200.0,24206100
ethereum,2017-01-11,10.54,10.66,9.46,9.72,26823500.0,925320000.0
ethereum-classic,2017-01-11,1.43,1.45,1.15,1.18,3176450.0,125722000.0
lisk,2017-01-11,0.149072,0.15799100000000002,0.13479000000000002,0.140104,139328.0,15156100.0
litecoin,2017-01-11,4.6,4.64,3.8,3.85,21863300.0,226517000
monero,2017-01-11,13.38,13.6,11.18,11.64,4338380.0,183143000
nem,2017-01-11,0.0036009999999999996,0.003628,0.003199,0.003297,115847.0,32406900
neo,2017-01-11,0.13397,0.13495,0.112802,0.115138,120522.0,6698500.0
ripple,2017-01-11,0.0067079999999999996,0.0067209999999999995,0.006312,0.006411,3436270.0,243761000
siacoin,2017-01-11,0.00031600000000000004,0.000327,0.00024900000000000004,0.00025699999999999996,170883.0,7032800.0
steem,2017-01-11,0.149843,0.153168,0.130474,0.131628,107294.0,34586800
stellar,2017-01-11,0.002355,0.002381,0.002059,0.002089,168734.0,16303000
verge,2017-01-11,1.8e-05,2.4e-05,1.6e-05,1.6e-05,583.0,232247
zcash,2017-01-11,45.63,46.04,39.76,40.05,1211260.0,18903600
bitcoin,2017-01-12,775.18,826.25,755.76,804.83,222326000.0,12477600000
bitshares,2017-01-12,0.003464,0.003934,0.003368,0.003761,127764.0,8933010
bytecoin-bcn,2017-01-12,4.1e-05,4.7e-05,3.9e-05,4.1e-05,817.0,7446210
dash,2017-01-12,11.29,12.53,11.05,12.22,8272830.0,79295200
dogecoin,2017-01-12,0.00020299999999999997,0.000212,0.000195,0.00020800000000000001,263155.0,21909400
ethereum,2017-01-12,9.72,10.08,9.18,9.86,30453800.0,853638000.0
ethereum-classic,2017-01-12,1.17,1.25,1.12,1.22,1906150.0,103032000.0
lisk,2017-01-12,0.140401,0.142742,0.128978,0.138436,102894.0,14280500.0
litecoin,2017-01-12,3.84,4.02,3.78,3.96,13690900.0,189108000
monero,2017-01-12,11.61,12.19,11.1,11.85,2923060.0,158831000
nem,2017-01-12,0.0032939999999999996,0.003592,0.0032310000000000004,0.003489,104014.0,29643500
neo,2017-01-12,0.11513699999999999,0.124128,0.10926300000000001,0.124122,59945.0,5756850.0
ripple,2017-01-12,0.006417,0.006851,0.006351,0.006423000000000001,5013190.0,233170000
siacoin,2017-01-12,0.00025699999999999996,0.000279,0.00025299999999999997,0.000266,56279.0,5714840.0
steem,2017-01-12,0.131425,0.141509,0.129798,0.138363,83139.0,30350600
stellar,2017-01-12,0.0020800000000000003,0.002512,0.0020469999999999998,0.002475,196679.0,14396500
verge,2017-01-12,1.6e-05,2.4e-05,1.4999999999999999e-05,1.6e-05,82.0,199004
zcash,2017-01-12,40.07,45.42,39.44,42.81,1387920.0,16884400
bitcoin,2017-01-13,803.74,829.0,780.0,823.98,168968000.0,12939100000
bitshares,2017-01-13,0.003768,0.003846,0.003668,0.0037170000000000003,54270.0,9717700
bytecoin-bcn,2017-01-13,4.1e-05,4.5e-05,3.9e-05,4.3e-05,4490.0,7480050
dash,2017-01-13,12.21,12.66,11.5,12.59,8400930.0,85789600
dogecoin,2017-01-13,0.00020800000000000001,0.000213,0.000202,0.00020899999999999998,108930.0,22394500
ethereum,2017-01-13,9.83,9.85,9.51,9.77,25066600.0,863241000.0
ethereum-classic,2017-01-13,1.21,1.25,1.17,1.21,1510150.0,106440000.0
lisk,2017-01-13,0.138343,0.142513,0.133051,0.140261,55126.0,14077100.0
litecoin,2017-01-13,3.95,3.96,3.8,3.89,7720620.0,194684000
monero,2017-01-13,11.84,11.97,11.07,11.27,6063910.0,162603000
nem,2017-01-13,0.0034869999999999996,0.0036799999999999997,0.003375,0.003592,84278.0,31385200
neo,2017-01-13,0.124106,0.12434200000000001,0.113803,0.121321,50365.0,6205300.0
ripple,2017-01-13,0.0064340000000000005,0.006664,0.006396,0.006595999999999999,2059340.0,236592000
siacoin,2017-01-13,0.000265,0.000293,0.000258,0.00028399999999999996,75499.0,5913190.0
steem,2017-01-13,0.138201,0.141487,0.127278,0.136241,86913.0,31945400
stellar,2017-01-13,0.002459,0.00249,0.002316,0.002398,88948.0,17021400
verge,2017-01-13,1.6e-05,1.7e-05,1.6e-05,1.6e-05,42.0,205933
zcash,2017-01-13,42.66,44.47,42.28,43.21,691680.0,18284300
bitcoin,2017-01-14,825.14,835.09,812.46,818.41,93063300.0,13285200000
bitshares,2017-01-14,0.003725,0.003872,0.003638,0.0038520000000000004,85817.0,9606990
bytecoin-bcn,2017-01-14,4.3e-05,4.9e-05,4.1e-05,4.2e-05,1091.0,7861240
dash,2017-01-14,12.59,12.66,12.0,12.08,7960870.0,88482900
dogecoin,2017-01-14,0.00020899999999999998,0.000212,0.000206,0.00020899999999999998,71388.0,22506100
ethereum,2017-01-14,9.79,9.89,9.44,9.65,20085800.0,859971000.0
ethereum-classic,2017-01-14,1.21,1.23,1.19,1.2,574209.0,106020000.0
lisk,2017-01-14,0.14044700000000002,0.14841500000000002,0.139761,0.147586,73772.0,14297200.0
litecoin,2017-01-14,3.89,3.95,3.87,3.9,3999180.0,191987000
monero,2017-01-14,11.28,11.72,10.96,11.09,3439220.0,155007000
nem,2017-01-14,0.0036009999999999996,0.0037359999999999997,0.0035259999999999996,0.00372,66880.0,32410500
neo,2017-01-14,0.12133699999999999,0.12394000000000001,0.116299,0.122939,9262.0,6066850.0
ripple,2017-01-14,0.0066099999999999996,0.006872,0.006585,0.006862999999999999,1307810.0,243056000
siacoin,2017-01-14,0.00028399999999999996,0.00033,0.00028399999999999996,0.000303,175915.0,6340010.0
steem,2017-01-14,0.136439,0.139952,0.132519,0.137694,37147.0,31634600
stellar,2017-01-14,0.002378,0.0024879999999999998,0.002358,0.002472,65155.0,16461700
verge,2017-01-14,1.6e-05,2.4e-05,1.6e-05,1.6e-05,119.0,210832
zcash,2017-01-14,43.21,44.04,42.9,43.64,575149.0,18834500
bitcoin,2017-01-15,818.14,823.31,812.87,821.8,71013600.0,13174300000
bitshares,2017-01-15,0.003856,0.0038770000000000002,0.003713,0.00381,54688.0,9943670
bytecoin-bcn,2017-01-15,4.2e-05,4.8e-05,4.1e-05,4.2e-05,1617.0,7609480
dash,2017-01-15,12.08,12.55,12.02,12.39,4362180.0,84869100
dogecoin,2017-01-15,0.000207,0.00021,0.000202,0.000206,77839.0,22264100
ethereum,2017-01-15,9.83,10.0,9.6,9.9,14837900.0,864037000.0
ethereum-classic,2017-01-15,1.2,1.21,1.16,1.19,748170.0,105800000.0
lisk,2017-01-15,0.148051,0.168503,0.148039,0.161148,270640.0,15077600.0
litecoin,2017-01-15,3.89,3.95,3.88,3.93,9341360.0,191859000
monero,2017-01-15,11.07,11.15,9.92,10.76,7417420.0,152277000
nem,2017-01-15,0.0037189999999999996,0.00374,0.0035409999999999994,0.003667,72802.0,33470900
neo,2017-01-15,0.122904,0.132022,0.117124,0.123732,6954.0,6145200.0
ripple,2017-01-15,0.006867,0.006925,0.006726,0.006726,780822.0,252519000
siacoin,2017-01-15,0.00031600000000000004,0.00038700000000000003,0.0003,0.00035099999999999997,538389.0,7049460.0
steem,2017-01-15,0.137148,0.142374,0.136285,0.139287,58020.0,31816900
stellar,2017-01-15,0.0024579999999999997,0.0024920000000000003,0.0023769999999999998,0.002441,50895.0,17012400
verge,2017-01-15,1.6e-05,2.4e-05,1.6e-05,1.7e-05,217.0,209406
zcash,2017-01-15,43.63,45.41,43.02,45.15,806839.0,19324100
bitcoin,2017-01-16,821.78,834.53,820.27,831.53,82755200.0,13234600000
bitshares,2017-01-16,0.003797,0.003968,0.003781,0.0039109999999999995,52343.0,9794860
bytecoin-bcn,2017-01-16,4.2e-05,4.9e-05,4.1e-05,4.3e-05,5046.0,7564670
dash,2017-01-16,12.37,13.08,12.04,12.94,3715630.0,86960200
dogecoin,2017-01-16,0.000206,0.000212,0.00020299999999999997,0.000207,103512.0,22207000
ethereum,2017-01-16,9.88,9.93,9.58,9.64,14937400.0,869126000.0
ethereum-classic,2017-01-16,1.19,1.2,1.17,1.18,368937.0,104251000.0
lisk,2017-01-16,0.161863,0.161863,0.15095999999999998,0.154283,119266.0,16491200.0
litecoin,2017-01-16,3.92,3.96,3.87,3.9,8159260.0,193560000
monero,2017-01-16,10.77,10.96,10.29,10.64,3507560.0,148169000
nem,2017-01-16,0.003667,0.0037770000000000004,0.0036200000000000004,0.003669,27101.0,33006100
neo,2017-01-16,0.12372999999999999,0.123958,0.118628,0.119649,5112.0,6186500.0
ripple,2017-01-16,0.0067469999999999995,0.006836,0.006717,0.006788,699284.0,248106000
siacoin,2017-01-16,0.00035099999999999997,0.000371,0.000337,0.000357,242415.0,7844220.0
steem,2017-01-16,0.13928,0.195324,0.13927799999999999,0.179767,485593.0,32311600
stellar,2017-01-16,0.002441,0.002483,0.002334,0.00238,49556.0,16893600
verge,2017-01-16,1.7e-05,2.5e-05,1.7e-05,1.7e-05,349.0,212125
zcash,2017-01-16,45.1,45.23,43.3,43.46,667903.0,20288200
bitcoin,2017-01-17,830.95,910.56,830.8,907.94,155095000.0,13383900000
bitshares,2017-01-17,0.003915999999999999,0.004012,0.0037670000000000004,0.0039109999999999995,106850.0,10101800
bytecoin-bcn,2017-01-17,4.4e-05,5.3e-05,4.3e-05,4.6e-05,1534.0,7943900
dash,2017-01-17,12.92,14.41,12.91,14.25,1810660.0,90828600
dogecoin,2017-01-17,0.000207,0.00021899999999999998,0.000202,0.000215,161002.0,22269400
ethereum,2017-01-17,9.64,10.61,9.54,10.3,18391900.0,847981000.0
ethereum-classic,2017-01-17,1.18,1.23,1.18,1.21,1531790.0,103624000.0
lisk,2017-01-17,0.154748,0.16083699999999998,0.154256,0.157547,105637.0,15772900.0
litecoin,2017-01-17,3.91,3.95,3.85,3.94,4816480.0,192814000
monero,2017-01-17,10.69,12.49,10.56,12.39,4403350.0,147101000
nem,2017-01-17,0.003669,0.0037409999999999995,0.003512,0.0035240000000000002,106348.0,33025300
neo,2017-01-17,0.119675,0.122525,0.11466199999999999,0.116638,7960.0,5983750.0
ripple,2017-01-17,0.006772,0.006848000000000001,0.006612000000000001,0.0068,1842150.0,249018000
siacoin,2017-01-17,0.000357,0.000379,0.000352,0.000371,303586.0,7993570.0
steem,2017-01-17,0.179812,0.19230999999999998,0.158788,0.169426,410637.0,41721900
stellar,2017-01-17,0.00238,0.002558,0.00237,0.002545,52442.0,16475800
verge,2017-01-17,1.7e-05,2.7000000000000002e-05,1.7e-05,1.9e-05,212.0,213005
zcash,2017-01-17,43.58,45.25,43.4,44.68,1087180.0,19924600
bitcoin,2017-01-18,909.37,917.5,858.3,886.62,225677000.0,14648900000
bitshares,2017-01-18,0.003913000000000001,0.003961,0.0038090000000000003,0.003945000000000001,53214.0,10092100
bytecoin-bcn,2017-01-18,4.6e-05,5.4000000000000005e-05,4.3e-05,4.9e-05,1194.0,8344520
dash,2017-01-18,14.25,14.3,13.48,14.06,1510760.0,100228000
dogecoin,2017-01-18,0.000215,0.00021600000000000002,0.000205,0.00020800000000000001,98052.0,23216200
ethereum,2017-01-18,10.3,10.52,9.94,10.23,10788200.0,906079000.0
ethereum-classic,2017-01-18,1.21,1.22,1.16,1.2,984448.0,106445000.0
lisk,2017-01-18,0.157643,0.169004,0.15403599999999998,0.161745,78993.0,16074800.0
litecoin,2017-01-18,3.94,3.95,3.78,3.84,4321020.0,194678000
monero,2017-01-18,12.43,12.7,11.57,12.05,4232060.0,171153000
nem,2017-01-18,0.0035280000000000003,0.0036200000000000004,0.0034560000000000003,0.0035520000000000005,84317.0,31752200
neo,2017-01-18,0.116816,0.12303499999999999,0.11568699999999998,0.12303499999999999,7457.0,5840800.0
ripple,2017-01-18,0.006790000000000001,0.007125,0.006659,0.0067090000000000006,1342730.0,249667000
siacoin,2017-01-18,0.000363,0.000373,0.000343,0.000363,75732.0,8149460.0
steem,2017-01-18,0.167852,0.16938,0.15125999999999998,0.165915,275645.0,38785000
stellar,2017-01-18,0.002546,0.002588,0.002298,0.0024809999999999997,133001.0,17624100
verge,2017-01-18,1.9e-05,2.6000000000000002e-05,1.7e-05,1.8e-05,70.0,245082
zcash,2017-01-18,44.74,44.98,41.95,43.92,963419.0,20774000
bitcoin,2017-01-19,888.34,904.61,884.34,899.07,105625000.0,14311700000
bitshares,2017-01-19,0.003947,0.0039829999999999996,0.00381,0.003878,55482.0,10179800
bytecoin-bcn,2017-01-19,4.6e-05,5.2000000000000004e-05,4.4e-05,4.7e-05,977.0,8396750
dash,2017-01-19,14.12,15.28,14.12,15.18,2170870.0,99371100
dogecoin,2017-01-19,0.000206,0.000212,0.000206,0.00021099999999999998,64430.0,22162400
ethereum,2017-01-19,10.24,10.44,10.18,10.4,8347550.0,901484000.0
ethereum-classic,2017-01-19,1.2,1.22,1.16,1.17,686642.0,105903000.0
lisk,2017-01-19,0.162348,0.16551,0.154694,0.15663,69961.0,16561400.0
litecoin,2017-01-19,3.84,3.93,3.81,3.86,4090650.0,189782000
monero,2017-01-19,12.05,12.31,11.68,12.15,3546870.0,166091000
nem,2017-01-19,0.003551,0.0036420000000000003,0.003496,0.003585,53326.0,31962200
neo,2017-01-19,0.12303499999999999,0.123948,0.116102,0.116619,14984.0,6151750.0
ripple,2017-01-19,0.006712999999999999,0.00704,0.006670999999999999,0.007034,760684.0,246854000
siacoin,2017-01-19,0.000365,0.000376,0.00034500000000000004,0.000368,139704.0,8191670.0
steem,2017-01-19,0.16331800000000002,0.167954,0.158029,0.158604,110069.0,37716200
stellar,2017-01-19,0.00249,0.002526,0.0022649999999999997,0.002349,136244.0,17233400
verge,2017-01-19,1.8e-05,2.7000000000000002e-05,9e-06,1.8e-05,3820.0,227502
zcash,2017-01-19,43.89,44.35,42.99,44.25,589695.0,20688300
bitcoin,2017-01-20,898.17,899.4,887.01,895.03,86728400.0,14472100000
bitshares,2017-01-20,0.0038770000000000002,0.003894,0.0038020000000000003,0.003882,39786.0,10002300
bytecoin-bcn,2017-01-20,4.6e-05,5.2000000000000004e-05,4.5e-05,4.5e-05,787.0,8476240
dash,2017-01-20,15.14,15.48,14.83,15.16,2021010.0,106564000
dogecoin,2017-01-20,0.00020899999999999998,0.000212,0.000205,0.00020899999999999998,72040.0,22531500
ethereum,2017-01-20,10.39,10.76,10.35,10.6,10992800.0,914696000.0
ethereum-classic,2017-01-20,1.17,1.4,1.16,1.34,4968780.0,103069000.0
lisk,2017-01-20,0.156967,0.159171,0.1543,0.154868,39035.0,16019200.0
litecoin,2017-01-20,3.86,3.91,3.84,3.89,3427180.0,190693000
monero,2017-01-20,12.17,12.17,11.75,11.91,3768400.0,167736000
nem,2017-01-20,0.003583,0.0036880000000000003,0.003532,0.0035450000000000004,61333.0,32249200
neo,2017-01-20,0.116596,0.124276,0.11175399999999999,0.117809,16255.0,5829800.0
ripple,2017-01-20,0.007031999999999999,0.00716,0.0066099999999999996,0.006675,620052.0,259186000
siacoin,2017-01-20,0.000368,0.000399,0.000336,0.00035,278815.0,8271680.0
steem,2017-01-20,0.15923199999999998,0.16883399999999998,0.158526,0.16099000000000002,90005.0,36765300
stellar,2017-01-20,0.002348,0.0025280000000000003,0.002343,0.002357,123512.0,16254400
verge,2017-01-20,1.8e-05,2.7000000000000002e-05,1.1e-05,1.8e-05,86.0,234674
zcash,2017-01-20,44.22,44.22,43.12,43.65,682880.0,21162900
bitcoin,2017-01-21,895.55,927.37,895.53,921.79,111158000.0,14432000000
bitshares,2017-01-21,0.003882,0.0038909999999999995,0.0037119999999999996,0.0037939999999999996,59382.0,10015600
bytecoin-bcn,2017-01-21,4.5e-05,5.4000000000000005e-05,4.5e-05,4.6e-05,461.0,8224180
dash,2017-01-21,15.19,15.37,14.83,14.97,1958960.0,106916000
dogecoin,2017-01-21,0.000206,0.00021400000000000002,0.000204,0.00020800000000000001,131115.0,22171400
ethereum,2017-01-21,10.6,10.98,10.58,10.91,11937600.0,933405000.0
ethereum-classic,2017-01-21,1.34,1.44,1.34,1.41,3094200.0,118279000.0
lisk,2017-01-21,0.154866,0.161977,0.153007,0.158228,54266.0,15811400.0
litecoin,2017-01-21,3.89,3.92,3.89,3.9,2717700.0,192408000
monero,2017-01-21,11.91,12.18,11.84,12.03,2878010.0,164256000
nem,2017-01-21,0.0035450000000000004,0.00372,0.0035450000000000004,0.003691,46416.0,31909200
neo,2017-01-21,0.11795499999999999,0.127853,0.11424100000000001,0.116309,15335.0,5897750.0
ripple,2017-01-21,0.006693999999999999,0.006823999999999999,0.006678,0.006706,553724.0,246709000
siacoin,2017-01-21,0.000342,0.000368,0.00032599999999999996,0.000352,127389.0,7708160.0
steem,2017-01-21,0.160976,0.168211,0.15357,0.165674,116457.0,37184000
stellar,2017-01-21,0.0023710000000000003,0.002411,0.002301,0.002301,71722.0,16411000
verge,2017-01-21,1.8e-05,2.1e-05,9e-06,1.8e-05,500.0,233596
zcash,2017-01-21,43.6,44.42,43.39,43.51,691633.0,21181600
bitcoin,2017-01-22,922.21,937.52,897.56,924.67,116573000.0,14863600000
bitshares,2017-01-22,0.0037939999999999996,0.0038179999999999998,0.0036200000000000004,0.003694,72739.0,9787150
bytecoin-bcn,2017-01-22,4.6e-05,5.5e-05,4.5e-05,4.6e-05,902.0,8395190
dash,2017-01-22,15.0,15.52,14.96,15.11,1918440.0,105622000
dogecoin,2017-01-22,0.00020800000000000001,0.00021099999999999998,0.00020299999999999997,0.000207,72923.0,22461600
ethereum,2017-01-22,10.91,10.97,10.58,10.7,8678620.0,961463000.0
ethereum-classic,2017-01-22,1.41,1.47,1.36,1.38,1770900.0,124520000.0
lisk,2017-01-22,0.158225,0.162473,0.152656,0.155556,39804.0,16161100.0
litecoin,2017-01-22,3.9,3.92,3.82,3.84,2630830.0,192953000
monero,2017-01-22,12.01,12.19,11.81,12.18,2588540.0,165727000
nem,2017-01-22,0.003686,0.003751,0.0036030000000000003,0.003696,47775.0,33176600
neo,2017-01-22,0.11630599999999999,0.119379,0.109804,0.11431300000000001,6468.0,5815300.0
ripple,2017-01-22,0.006706,0.006759,0.006653,0.006712999999999999,362422.0,247165000
siacoin,2017-01-22,0.00035099999999999997,0.000375,0.00035099999999999997,0.00036,151265.0,7907110.0
steem,2017-01-22,0.165562,0.167785,0.158411,0.161027,54236.0,38266000
stellar,2017-01-22,0.0022949999999999997,0.002428,0.002291,0.002336,60392.0,15888100
verge,2017-01-22,1.8e-05,2.8000000000000003e-05,9e-06,1.8e-05,809.0,235932
zcash,2017-01-22,43.5,44.49,42.79,43.31,812956.0,21444100
bitcoin,2017-01-23,925.5,928.27,916.74,921.01,73588600.0,14918800000
bitshares,2017-01-23,0.003692,0.003768,0.0036200000000000004,0.003698,54820.0,9525310
bytecoin-bcn,2017-01-23,4.6e-05,5.3e-05,4.6e-05,4.6e-05,1006.0,8473030
dash,2017-01-23,15.13,15.32,14.99,15.19,1553800.0,106549000
dogecoin,2017-01-23,0.000205,0.00020899999999999998,0.00020299999999999997,0.00020800000000000001,60873.0,22104300
ethereum,2017-01-23,10.71,10.84,10.67,10.82,7267210.0,944159000.0
ethereum-classic,2017-01-23,1.39,1.41,1.37,1.41,797981.0,122297000.0
lisk,2017-01-23,0.155731,0.15731199999999998,0.150725,0.155645,55916.0,15913000.0
litecoin,2017-01-23,3.86,3.86,3.82,3.84,2725110.0,190717000
monero,2017-01-23,12.19,12.29,12.05,12.25,2414740.0,168236000
nem,2017-01-23,0.003699,0.0037619999999999997,0.0036200000000000004,0.003689,67803.0,33289600
neo,2017-01-23,0.114416,0.130461,0.111428,0.129948,7175.0,5720800.0
ripple,2017-01-23,0.006718000000000001,0.006735,0.006662,0.006697,309838.0,247604000
siacoin,2017-01-23,0.00036,0.000377,0.00035099999999999997,0.000365,51177.0,8124350.0
steem,2017-01-23,0.161233,0.162918,0.156253,0.159152,71378.0,37268200
stellar,2017-01-23,0.002323,0.0023870000000000002,0.0022789999999999998,0.002332,84697.0,16076200
verge,2017-01-23,1.9e-05,3.7e-05,1.8e-05,2.8000000000000003e-05,5085.0,236895
zcash,2017-01-23,43.34,43.61,42.79,42.85,611189.0,21673400
bitcoin,2017-01-24,910.68,924.14,892.29,892.69,111349000.0,14681400000
bitshares,2017-01-24,0.0036969999999999998,0.0037530000000000003,0.003675,0.0036850000000000003,17435.0,9537300
bytecoin-bcn,2017-01-24,4.7e-05,5.3e-05,4.5e-05,4.5e-05,1254.0,8486800
dash,2017-01-24,15.11,15.11,13.91,14.09,2694720.0,106493000
dogecoin,2017-01-24,0.00020800000000000001,0.00020899999999999998,0.0002,0.000202,59545.0,22428500
ethereum,2017-01-24,10.73,10.77,10.57,10.63,8327330.0,946083000.0
ethereum-classic,2017-01-24,1.39,1.4,1.36,1.36,921969.0,122697000.0
lisk,2017-01-24,0.153851,0.155529,0.148628,0.14893599999999999,45335.0,15727600.0
litecoin,2017-01-24,3.84,3.84,3.78,3.79,2629220.0,189741000
monero,2017-01-24,12.25,12.25,11.79,11.81,3121430.0,169206000
nem,2017-01-24,0.003693,0.004033,0.0036869999999999997,0.0039020000000000005,69622.0,33236100
neo,2017-01-24,0.12856900000000002,0.12856900000000002,0.113295,0.12021300000000001,7139.0,6428450.0
ripple,2017-01-24,0.0067079999999999996,0.006718000000000001,0.006534000000000001,0.006540000000000001,509262.0,247242000
siacoin,2017-01-24,0.00035499999999999996,0.00035800000000000003,0.000333,0.000333,77005.0,8018380.0
steem,2017-01-24,0.157276,0.160438,0.14744000000000002,0.147587,102734.0,36370900
stellar,2017-01-24,0.002336,0.002336,0.0022329999999999997,0.002234,64052.0,16169000
verge,2017-01-24,2.8000000000000003e-05,3.7e-05,2.5e-05,2.5e-05,1143.0,353288
zcash,2017-01-24,42.67,43.42,41.41,41.41,661979.0,21641900
bitcoin,2017-01-25,891.92,903.25,891.69,901.54,120831000.0,14380700000
bitshares,2017-01-25,0.003699,0.0037070000000000002,0.003626,0.003658,23913.0,9543420
bytecoin-bcn,2017-01-25,4.5e-05,5.2000000000000004e-05,4.5e-05,5e-05,1854.0,8139300
dash,2017-01-25,14.1,14.61,13.9,14.51,1656580.0,99366700
dogecoin,2017-01-25,0.00020299999999999997,0.000205,0.0002,0.000204,71636.0,21874100
ethereum,2017-01-25,10.62,10.62,10.48,10.57,6751450.0,936769000.0
ethereum-classic,2017-01-25,1.36,1.37,1.29,1.29,1373550.0,119962000.0
lisk,2017-01-25,0.14899600000000002,0.150036,0.145298,0.14590899999999998,73999.0,15237700.0
litecoin,2017-01-25,3.79,3.8,3.69,3.71,6863540.0,187625000
monero,2017-01-25,11.81,11.88,11.54,11.83,1897140.0,163221000
nem,2017-01-25,0.0039030000000000002,0.004964,0.0038380000000000003,0.004543,227633.0,35127500
neo,2017-01-25,0.12021199999999999,0.12925599999999998,0.115434,0.12421600000000001,6427.0,6010600.0
ripple,2017-01-25,0.006527,0.006594,0.006490000000000001,0.006513,522497.0,240565000
siacoin,2017-01-25,0.000333,0.000348,0.000325,0.000336,91931.0,7536580.0
steem,2017-01-25,0.147322,0.151755,0.144395,0.146054,112269.0,34092100
stellar,2017-01-25,0.002234,0.002251,0.002146,0.002157,95889.0,15465500
verge,2017-01-25,2.5e-05,2.7000000000000002e-05,1.8e-05,1.8e-05,917.0,318694
zcash,2017-01-25,41.41,42.08,39.69,40.15,831920.0,21303700
bitcoin,2017-01-26,902.39,919.33,902.22,917.59,131958000.0,14551200000
bitshares,2017-01-26,0.003668,0.0038799999999999998,0.003614,0.003832,85667.0,9464660
bytecoin-bcn,2017-01-26,5e-05,5.6999999999999996e-05,4.5e-05,5.6000000000000006e-05,13014.0,9164150
dash,2017-01-26,14.49,15.05,14.43,15.04,1348170.0,102158000
dogecoin,2017-01-26,0.000204,0.00021,0.00020099999999999998,0.00020800000000000001,93096.0,21979000
ethereum,2017-01-26,10.57,10.67,10.51,10.59,8465020.0,932575000.0
ethereum-classic,2017-01-26,1.29,1.36,1.29,1.33,948543.0,113854000.0
lisk,2017-01-26,0.145769,0.149097,0.145097,0.146255,169125.0,14913500.0
litecoin,2017-01-26,3.71,3.84,3.71,3.83,5817220.0,183873000
monero,2017-01-26,11.85,12.15,11.73,11.98,2172210.0,163778000
nem,2017-01-26,0.004549,0.005303,0.004326,0.005204,503776.0,40937400
neo,2017-01-26,0.124319,0.135711,0.12075899999999999,0.13361199999999998,7694.0,6215950.0
ripple,2017-01-26,0.006511,0.007073,0.006425,0.006690000000000001,1446950.0,239951000
siacoin,2017-01-26,0.00032900000000000003,0.000366,0.00032599999999999996,0.000356,103386.0,7468020.0
steem,2017-01-26,0.14547000000000002,0.15113900000000002,0.14409,0.147754,106103.0,33693800
stellar,2017-01-26,0.002157,0.0022329999999999997,0.0021190000000000002,0.0021969999999999997,68879.0,14930300
verge,2017-01-26,1.8e-05,2.7000000000000002e-05,1.8e-05,2.7000000000000002e-05,685.0,230781
zcash,2017-01-26,40.09,41.55,37.64,38.52,1161820.0,20909800
bitcoin,2017-01-27,918.36,923.22,915.85,919.75,125594000.0,14810400000
bitshares,2017-01-27,0.003836,0.003892,0.003807,0.003868,45063.0,9898050
bytecoin-bcn,2017-01-27,5.6000000000000006e-05,6.3e-05,4.8e-05,5.6000000000000006e-05,35867.0,10195900
dash,2017-01-27,15.06,15.41,14.99,15.34,1303190.0,106228000
dogecoin,2017-01-27,0.00020800000000000001,0.00021,0.000204,0.000204,114996.0,22445100
ethereum,2017-01-27,10.58,10.61,10.44,10.54,7189170.0,934404000.0
ethereum-classic,2017-01-27,1.33,1.35,1.28,1.28,1341760.0,117575000.0
lisk,2017-01-27,0.146261,0.161357,0.143183,0.147809,291370.0,14970400.0
litecoin,2017-01-27,3.84,3.86,3.81,3.86,5049680.0,190149000
monero,2017-01-27,11.98,12.24,11.67,12.1,4346850.0,165604000
nem,2017-01-27,0.0051979999999999995,0.006032,0.004954999999999999,0.004994,624751.0,46780000
neo,2017-01-27,0.129894,0.135296,0.128775,0.13034300000000001,9238.0,6494700.0
ripple,2017-01-27,0.006684999999999999,0.006815000000000001,0.006331,0.0064150000000000006,924745.0,246404000
siacoin,2017-01-27,0.000357,0.000393,0.000349,0.000376,189887.0,8100570.0
steem,2017-01-27,0.147751,0.152955,0.144224,0.152192,114266.0,34292200
stellar,2017-01-27,0.002254,0.002254,0.002159,0.002196,106139.0,15602800
verge,2017-01-27,2.7000000000000002e-05,2.7000000000000002e-05,1.8e-05,1.9e-05,229.0,347166
zcash,2017-01-27,38.71,40.16,37.9,38.22,939370.0,20464400
bitcoin,2017-01-28,919.81,923.91,919.81,921.59,68979600.0,14835800000
bitshares,2017-01-28,0.003868,0.003919,0.0037920000000000002,0.0038179999999999998,39402.0,9982340
bytecoin-bcn,2017-01-28,5.6000000000000006e-05,6.3e-05,5.2000000000000004e-05,6.1e-05,33571.0,10251200
dash,2017-01-28,15.33,15.36,15.07,15.27,1333010.0,108155000
dogecoin,2017-01-28,0.00020899999999999998,0.00021,0.00020299999999999997,0.00020899999999999998,54080.0,22554000
ethereum,2017-01-28,10.54,10.58,10.43,10.56,6580700.0,930688000.0
ethereum-classic,2017-01-28,1.28,1.31,1.28,1.3,513562.0,113059000.0
lisk,2017-01-28,0.14668699999999998,0.15926400000000002,0.144956,0.155418,206858.0,15020300.0
litecoin,2017-01-28,3.85,3.87,3.84,3.85,3305270.0,190872000
monero,2017-01-28,12.12,13.04,12.07,12.85,6585960.0,167743000
nem,2017-01-28,0.005,0.005171,0.004775,0.004815,223403.0,44998100
neo,2017-01-28,0.130334,0.13738699999999998,0.125774,0.134674,7066.0,6516700.0
ripple,2017-01-28,0.006409000000000001,0.006418999999999999,0.006323,0.006342,241491.0,236216000
siacoin,2017-01-28,0.000376,0.000411,0.00037,0.000386,192873.0,8543650.0
steem,2017-01-28,0.15219000000000002,0.169682,0.150168,0.16877899999999998,173204.0,35341300
stellar,2017-01-28,0.002203,0.0022649999999999997,0.002191,0.0021920000000000004,63589.0,15247000
verge,2017-01-28,1.9e-05,3.4e-05,1.8e-05,1.9e-05,2371.0,248536
zcash,2017-01-28,38.23,38.98,38.09,38.2,571993.0,20487000
bitcoin,2017-01-29,922.07,923.42,919.15,919.5,60851700.0,14874000000
bitshares,2017-01-29,0.0038179999999999998,0.00418,0.0038179999999999998,0.004159,106277.0,9853160
bytecoin-bcn,2017-01-29,6.1e-05,6.3e-05,5.5e-05,5.7999999999999994e-05,35342.0,11076600
dash,2017-01-29,15.26,15.65,15.17,15.51,1363910.0,107705000
dogecoin,2017-01-29,0.00020899999999999998,0.00021099999999999998,0.000204,0.000204,88538.0,22555000
ethereum,2017-01-29,10.56,10.57,10.45,10.48,4689950.0,933087000.0
ethereum-classic,2017-01-29,1.3,1.31,1.29,1.3,308654.0,115225000.0
lisk,2017-01-29,0.155309,0.16103499999999998,0.152185,0.157884,144577.0,15909800.0
litecoin,2017-01-29,3.85,3.86,3.84,3.85,2804420.0,190873000
monero,2017-01-29,12.85,13.26,12.55,12.66,3027920.0,177874000
nem,2017-01-29,0.004822,0.005563,0.004778,0.005164,286060.0,43394900
neo,2017-01-29,0.138097,0.14185999999999999,0.132053,0.141204,11695.0,6904850.0
ripple,2017-01-29,0.0063560000000000005,0.0064930000000000005,0.006287,0.006402,325176.0,234254000
siacoin,2017-01-29,0.000379,0.000388,0.000361,0.00036899999999999997,89740.0,8628540.0
steem,2017-01-29,0.16841199999999998,0.175446,0.162745,0.162777,155716.0,39117500
stellar,2017-01-29,0.0021920000000000004,0.0022429999999999998,0.0021920000000000004,0.002225,31416.0,15175100
verge,2017-01-29,1.9e-05,2.8000000000000003e-05,1.9e-05,1.9e-05,304.0,246765
zcash,2017-01-29,38.26,41.53,38.24,38.67,890475.0,20775300
bitcoin,2017-01-30,920.15,923.05,919.47,920.38,78227300.0,14844900000
bitshares,2017-01-30,0.004157,0.004174000000000001,0.004013,0.0041340000000000005,77841.0,10729100
bytecoin-bcn,2017-01-30,5.7999999999999994e-05,6.1e-05,5.5e-05,5.7999999999999994e-05,25599.0,10553000
dash,2017-01-30,15.5,16.03,15.5,15.96,2046270.0,109407000
dogecoin,2017-01-30,0.000204,0.00021,0.00020299999999999997,0.00020800000000000001,60616.0,21996900
ethereum,2017-01-30,10.49,10.71,10.47,10.57,8042180.0,927415000.0
ethereum-classic,2017-01-30,1.3,1.35,1.29,1.35,564097.0,114748000.0
lisk,2017-01-30,0.157961,0.168072,0.156736,0.161823,189453.0,16188000.0
litecoin,2017-01-30,3.86,4.02,3.86,4.02,10192700.0,191115000
monero,2017-01-30,12.65,12.91,12.64,12.71,2171460.0,175164000
nem,2017-01-30,0.005173,0.0052640000000000004,0.005078,0.005252000000000001,99034.0,46560200
neo,2017-01-30,0.141147,0.15375999999999998,0.140489,0.15375999999999998,9285.0,7057350.0
ripple,2017-01-30,0.006402,0.006468000000000001,0.006353,0.006381,391822.0,235961000
siacoin,2017-01-30,0.00036899999999999997,0.000386,0.00036,0.00036899999999999997,63094.0,8406820.0
steem,2017-01-30,0.162822,0.169848,0.160608,0.166666,74949.0,37819100
stellar,2017-01-30,0.002225,0.002538,0.002222,0.0024579999999999997,168268.0,15399600
verge,2017-01-30,1.9e-05,2.8000000000000003e-05,1.8e-05,2.7000000000000002e-05,1241.0,244890
zcash,2017-01-30,38.65,40.31,38.52,39.98,764947.0,21264100
bitcoin,2017-01-31,920.96,972.02,920.96,970.4,164582000.0,14859700000
bitshares,2017-01-31,0.0041329999999999995,0.004158,0.003949,0.004059,74828.0,10666700
bytecoin-bcn,2017-01-31,5.6000000000000006e-05,6.1e-05,4.9e-05,5.6999999999999996e-05,27342.0,10291400
dash,2017-01-31,15.93,16.22,15.78,16.07,1384500.0,112498000
dogecoin,2017-01-31,0.00020800000000000001,0.000215,0.00020299999999999997,0.000206,122078.0,22496400
ethereum,2017-01-31,10.56,10.75,10.54,10.73,11648700.0,933975000.0
ethereum-classic,2017-01-31,1.35,1.38,1.33,1.36,1080040.0,119181000.0
lisk,2017-01-31,0.161715,0.164026,0.157721,0.160103,164623.0,16579600.0
litecoin,2017-01-31,4.02,4.1,4.02,4.08,15799800.0,199116000
monero,2017-01-31,12.7,13.26,12.7,12.99,8919760.0,175986000
nem,2017-01-31,0.00525,0.005364,0.005097,0.0052369999999999995,175057.0,47246900
neo,2017-01-31,0.15371300000000002,0.153791,0.144326,0.147016,17416.0,7685650.0
ripple,2017-01-31,0.00639,0.006411,0.006297,0.006314,661444.0,235508000
siacoin,2017-01-31,0.000377,0.00038700000000000003,0.00035499999999999996,0.00037799999999999997,173116.0,8605130.0
steem,2017-01-31,0.166604,0.168574,0.157039,0.160804,129933.0,38589500
stellar,2017-01-31,0.002457,0.002459,0.002264,0.0023710000000000003,154049.0,17008100
verge,2017-01-31,2.7000000000000002e-05,2.8999999999999997e-05,1.9e-05,2.8999999999999997e-05,1517.0,348133
zcash,2017-01-31,39.8,40.45,38.94,39.52,973401.0,22181100
bitcoin,2017-02-01,970.94,989.11,970.74,989.02,150110000.0,15667900000
bitshares,2017-02-01,0.004046,0.0040880000000000005,0.0039770000000000005,0.004062,76888.0,10442200
bytecoin-bcn,2017-02-01,5.6999999999999996e-05,5.9e-05,4.9e-05,5.6000000000000006e-05,15916.0,10392900
dash,2017-02-01,16.05,16.24,15.65,16.03,2139000.0,113338000
dogecoin,2017-02-01,0.00021099999999999998,0.00021400000000000002,0.000206,0.00020899999999999998,83192.0,22754900
ethereum,2017-02-01,10.74,10.85,10.56,10.73,12852200.0,949969000.0
ethereum-classic,2017-02-01,1.36,1.38,1.35,1.36,738198.0,120212000.0
lisk,2017-02-01,0.16020399999999999,0.163635,0.153805,0.159417,188355.0,16431000.0
litecoin,2017-02-01,4.08,4.13,4.03,4.08,7753930.0,202128000
monero,2017-02-01,12.97,13.38,12.93,13.27,2715170.0,179699000
nem,2017-02-01,0.0052439999999999995,0.005488,0.005224,0.005487,103152.0,47197000
neo,2017-02-01,0.147034,0.15028699999999998,0.140878,0.14721800000000002,4496.0,7351700.0
ripple,2017-02-01,0.006311,0.006642,0.006249,0.006540000000000001,1836820.0,232609000
siacoin,2017-02-01,0.00037799999999999997,0.00040199999999999996,0.00036899999999999997,0.000386,114793.0,8652630.0
steem,2017-02-01,0.163073,0.170909,0.160905,0.16331700000000002,126515.0,37780500
stellar,2017-02-01,0.0023539999999999998,0.002414,0.002303,0.002357,60079.0,16290400
verge,2017-02-01,2.8999999999999997e-05,2.8999999999999997e-05,2e-05,2e-05,989.0,371810
zcash,2017-02-01,39.57,40.29,39.44,39.89,635382.0,22332800
bitcoin,2017-02-02,990.0,1013.52,983.22,1011.8,145821000.0,15977800000
bitshares,2017-02-02,0.004062,0.004116,0.003939,0.004093,99888.0,10483800
bytecoin-bcn,2017-02-02,5.6000000000000006e-05,5.9e-05,5e-05,5.1e-05,12177.0,10252600
dash,2017-02-02,15.98,16.41,15.85,16.31,1350760.0,112934000
dogecoin,2017-02-02,0.000212,0.000215,0.000207,0.00021099999999999998,76734.0,22879700
ethereum,2017-02-02,10.74,10.89,10.55,10.82,10172500.0,949793000.0
ethereum-classic,2017-02-02,1.35,1.37,1.33,1.36,486080.0,119811000.0
lisk,2017-02-02,0.159949,0.161813,0.153652,0.15786,135496.0,16411800.0
litecoin,2017-02-02,4.08,4.09,4.02,4.09,5175450.0,202147000
monero,2017-02-02,13.29,13.42,13.05,13.14,2841870.0,184201000
nem,2017-02-02,0.005487,0.006426,0.005384000000000001,0.006294,293401.0,49383300
neo,2017-02-02,0.147206,0.147974,0.134287,0.145699,2973.0,7360300.0
ripple,2017-02-02,0.006540000000000001,0.00663,0.006381,0.006469,670888.0,241026000
siacoin,2017-02-02,0.000386,0.0004,0.00037799999999999997,0.000386,48847.0,8825760.0
steem,2017-02-02,0.16483399999999998,0.166916,0.160324,0.16601400000000002,87060.0,38200700
stellar,2017-02-02,0.002362,0.0024879999999999998,0.00233,0.00242,82584.0,16351600
verge,2017-02-02,2e-05,4e-05,2e-05,2.9999999999999997e-05,2360.0,253565
zcash,2017-02-02,39.91,40.04,38.64,39.24,678128.0,22811500
bitcoin,2017-02-03,1011.46,1033.87,1008.79,1029.91,201278000.0,16326100000
bitshares,2017-02-03,0.0040939999999999995,0.004123,0.003924,0.0039299999999999995,72570.0,10566600
bytecoin-bcn,2017-02-03,5.1e-05,5.7999999999999994e-05,5e-05,5.4000000000000005e-05,12571.0,9285040
dash,2017-02-03,16.31,17.61,16.31,17.52,1818910.0,115306000
dogecoin,2017-02-03,0.00021099999999999998,0.00021400000000000002,0.000207,0.000213,112018.0,22790800
ethereum,2017-02-03,10.81,11.11,10.76,11.11,12897800.0,956944000.0
ethereum-classic,2017-02-03,1.36,1.38,1.35,1.36,985487.0,120305000.0
lisk,2017-02-03,0.158457,0.161202,0.153085,0.160143,107780.0,16265500.0
litecoin,2017-02-03,4.08,4.11,4.04,4.08,8548470.0,202531000
monero,2017-02-03,13.13,13.15,12.15,12.86,5732620.0,182089000
nem,2017-02-03,0.006294,0.007194,0.006294,0.006938,570173.0,56648900
neo,2017-02-03,0.14565,0.14565,0.132985,0.13426400000000002,9702.0,7282500.0
ripple,2017-02-03,0.0064659999999999995,0.006509999999999999,0.0064010000000000004,0.006474,548263.0,238302000
siacoin,2017-02-03,0.00038500000000000003,0.000393,0.000365,0.000389,101149.0,8834990.0
steem,2017-02-03,0.165965,0.166915,0.15934700000000002,0.163293,97954.0,38479100
stellar,2017-02-03,0.002426,0.002464,0.002367,0.0023989999999999997,63775.0,16791800
verge,2017-02-03,2.9999999999999997e-05,4.1e-05,2e-05,3.1e-05,1334.0,386786
zcash,2017-02-03,39.25,39.31,38.01,39.02,843232.0,22712100
bitcoin,2017-02-04,1031.33,1045.9,1015.16,1042.9,155064000.0,16648800000
bitshares,2017-02-04,0.003945000000000001,0.004067,0.00385,0.004067,72746.0,10183500
bytecoin-bcn,2017-02-04,5.4000000000000005e-05,5.9e-05,5.3e-05,5.6999999999999996e-05,9867.0,9804080
dash,2017-02-04,17.55,17.74,17.28,17.62,1598070.0,124173000
dogecoin,2017-02-04,0.000213,0.00021400000000000002,0.000206,0.00021099999999999998,113546.0,23012200
ethereum,2017-02-04,11.13,11.5,11.13,11.43,14139500.0,985277000.0
ethereum-classic,2017-02-04,1.36,1.4,1.36,1.39,888228.0,120607000.0
lisk,2017-02-04,0.16044,0.164757,0.15523199999999998,0.158697,117411.0,16475900.0
litecoin,2017-02-04,4.08,4.1,4.02,4.06,6926300.0,202727000
monero,2017-02-04,12.89,13.08,12.47,12.61,3475030.0,178965000
nem,2017-02-04,0.00695,0.007404000000000001,0.006823,0.0071730000000000006,439713.0,62546400
neo,2017-02-04,0.134385,0.147454,0.13296,0.13586700000000002,10217.0,6719250.0
ripple,2017-02-04,0.006487000000000001,0.006528,0.006429000000000001,0.006492,314187.0,239094000
siacoin,2017-02-04,0.00039,0.000408,0.000377,0.000395,111986.0,8942850.0
steem,2017-02-04,0.163527,0.170763,0.162037,0.165158,96269.0,37925800
stellar,2017-02-04,0.002403,0.002467,0.002369,0.002391,64988.0,16629700
verge,2017-02-04,3.1e-05,3.4e-05,2e-05,2.1e-05,55.0,391254
zcash,2017-02-04,39.04,39.55,38.52,39.34,635301.0,22873800
bitcoin,2017-02-05,1043.52,1043.63,1022.37,1027.34,114208000.0,16847400000
bitshares,2017-02-05,0.004051,0.004052,0.003926,0.003978,59515.0,10458100
bytecoin-bcn,2017-02-05,5.9e-05,5.9e-05,5.3e-05,5.6999999999999996e-05,8366.0,10722500
dash,2017-02-05,17.54,17.67,16.84,17.06,1905980.0,124154000
dogecoin,2017-02-05,0.00021099999999999998,0.00021400000000000002,0.000207,0.00021099999999999998,99078.0,22840200
ethereum,2017-02-05,11.44,11.49,11.32,11.35,5942960.0,1013400000.0
ethereum-classic,2017-02-05,1.39,1.39,1.36,1.39,734278.0,123124000.0
lisk,2017-02-05,0.158723,0.165641,0.15767,0.163118,118021.0,16306400.0
litecoin,2017-02-05,4.07,4.07,4.02,4.04,4635400.0,201824000
monero,2017-02-05,12.61,12.99,12.61,12.8,2054440.0,175095000
nem,2017-02-05,0.007187000000000001,0.007193000000000001,0.006171,0.006389,470994.0,64686200
neo,2017-02-05,0.135944,0.143104,0.128306,0.131582,2685.0,6797200.0
ripple,2017-02-05,0.006494,0.006562999999999999,0.006403,0.006442,367001.0,239337000
siacoin,2017-02-05,0.000396,0.000408,0.00038500000000000003,0.000401,78120.0,9093620.0
steem,2017-02-05,0.165241,0.166072,0.15987,0.15987,59752.0,38332300
stellar,2017-02-05,0.002397,0.0024219999999999997,0.00233,0.002344,82642.0,16589400
verge,2017-02-05,2.1e-05,2.8000000000000003e-05,2e-05,2.1e-05,102.0,269269
zcash,2017-02-05,39.37,39.45,38.12,38.16,615852.0,23346500
bitcoin,2017-02-06,1028.4,1044.64,1028.16,1038.15,111762000.0,16605400000
bitshares,2017-02-06,0.003981,0.004058,0.003936,0.003954999999999999,99859.0,10277700
bytecoin-bcn,2017-02-06,5.6999999999999996e-05,5.7999999999999994e-05,5.4000000000000005e-05,5.6999999999999996e-05,11702.0,10467000
dash,2017-02-06,17.07,17.24,16.7,17.12,1025680.0,120894000
dogecoin,2017-02-06,0.00021,0.00021600000000000002,0.00020800000000000001,0.00021400000000000002,90884.0,22728300
ethereum,2017-02-06,11.35,11.48,11.34,11.39,5695440.0,1005930000.0
ethereum-classic,2017-02-06,1.39,1.5,1.39,1.47,2217650.0,123057000.0
lisk,2017-02-06,0.164439,0.165506,0.156448,0.159951,132625.0,16900700.0
litecoin,2017-02-06,4.06,4.08,4.04,4.04,4972300.0,201525000
monero,2017-02-06,12.83,12.92,12.59,12.88,2124790.0,178164000
nem,2017-02-06,0.00639,0.006461,0.005789,0.006039,345827.0,57508500
neo,2017-02-06,0.131717,0.138723,0.125146,0.126788,10498.0,6585850.0
ripple,2017-02-06,0.006439,0.006494,0.006397,0.00645,386766.0,237318000
siacoin,2017-02-06,0.000401,0.00042300000000000004,0.000392,0.00042300000000000004,155032.0,9231120.0
steem,2017-02-06,0.160469,0.16329100000000002,0.155349,0.161881,64142.0,37239700
stellar,2017-02-06,0.0023510000000000002,0.002418,0.002343,0.002369,61960.0,16273600
verge,2017-02-06,2.1e-05,3.1e-05,2.1e-05,2.1e-05,424.0,263136
zcash,2017-02-06,38.18,38.26,37.58,37.59,639128.0,22919200
bitcoin,2017-02-07,1040.14,1061.93,1040.14,1061.35,146007000.0,16796600000
bitshares,2017-02-07,0.0039570000000000004,0.004106,0.003954999999999999,0.004092,79643.0,10215500
bytecoin-bcn,2017-02-07,5.6999999999999996e-05,5.9e-05,5.3e-05,5.3e-05,14215.0,10445700
dash,2017-02-07,17.11,17.51,17.04,17.14,1388260.0,121211000
dogecoin,2017-02-07,0.000212,0.00021400000000000002,0.000207,0.00020800000000000001,110704.0,22880800
ethereum,2017-02-07,11.43,11.61,11.41,11.52,7629640.0,1012620000.0
ethereum-classic,2017-02-07,1.48,1.53,1.47,1.47,1381580.0,130982000.0
lisk,2017-02-07,0.16025599999999998,0.166804,0.16025599999999998,0.165273,80620.0,16477700.0
litecoin,2017-02-07,4.05,4.08,4.04,4.04,6570650.0,201352000
monero,2017-02-07,12.91,13.2,12.53,12.65,3523120.0,179398000
nem,2017-02-07,0.006044,0.007234999999999999,0.006044,0.006917,521704.0,54395600
neo,2017-02-07,0.126972,0.136817,0.126972,0.133135,5302.0,6348600.0
ripple,2017-02-07,0.006437000000000001,0.006509,0.006378,0.0064069999999999995,945440.0,237240000
siacoin,2017-02-07,0.000417,0.000424,0.00040199999999999996,0.000405,112054.0,9608270.0
steem,2017-02-07,0.163324,0.167777,0.14978699999999998,0.155065,121915.0,37919900
stellar,2017-02-07,0.002372,0.0024100000000000002,0.002306,0.0023190000000000003,112816.0,16417800
verge,2017-02-07,2.1e-05,3.8e-05,2.1e-05,2.2e-05,1384.0,266140
zcash,2017-02-07,37.63,37.78,35.46,36.42,966072.0,22856400
bitcoin,2017-02-08,1062.32,1078.97,1037.49,1063.07,201855000.0,17156700000
bitshares,2017-02-08,0.0040939999999999995,0.004145,0.003994,0.004037,77959.0,10569500
bytecoin-bcn,2017-02-08,5.3e-05,5.9e-05,4.8e-05,5.3e-05,10689.0,9748280
dash,2017-02-08,17.14,17.4,16.85,17.35,1552640.0,121430000
dogecoin,2017-02-08,0.000212,0.000217,0.000207,0.00021099999999999998,162662.0,22855700
ethereum,2017-02-08,11.54,11.63,11.24,11.43,9688630.0,1023170000.0
ethereum-classic,2017-02-08,1.48,1.5,1.42,1.45,1227740.0,130979000.0
lisk,2017-02-08,0.165628,0.16676400000000002,0.16056800000000002,0.162493,101197.0,17037100.0
litecoin,2017-02-08,4.05,4.08,3.97,4.02,7016980.0,201226000
monero,2017-02-08,12.67,12.91,12.54,12.8,2124700.0,176193000
nem,2017-02-08,0.007036,0.007086,0.006529000000000001,0.006661,301717.0,63324500
neo,2017-02-08,0.133244,0.13403099999999998,0.12154200000000001,0.12956800000000002,8268.0,6662200.0
ripple,2017-02-08,0.0064069999999999995,0.007833,0.006402,0.006437999999999999,860217.0,236123000
siacoin,2017-02-08,0.000405,0.00041900000000000005,0.000393,0.000397,73753.0,9348490.0
steem,2017-02-08,0.15541,0.158274,0.147328,0.15086,96799.0,36095300
stellar,2017-02-08,0.002321,0.002362,0.002235,0.002235,135615.0,16214400
verge,2017-02-08,2.2e-05,4.2e-05,2.1e-05,2.1e-05,386.0,282840
zcash,2017-02-08,36.45,36.75,34.58,35.3,951820.0,22402200
bitcoin,2017-02-09,1064.7,1088.99,953.34,994.38,407220000.0,17197100000
bitshares,2017-02-09,0.004039,0.004047,0.003621,0.003781,144435.0,10429300
bytecoin-bcn,2017-02-09,5.4000000000000005e-05,5.9e-05,4.8e-05,5e-05,7135.0,9778380
dash,2017-02-09,17.34,17.6,15.69,16.58,1793860.0,122937000
dogecoin,2017-02-09,0.00020800000000000001,0.00021600000000000002,0.00020099999999999998,0.000204,200542.0,22436400
ethereum,2017-02-09,11.44,11.6,10.67,11.03,18400300.0,1014280000.0
ethereum-classic,2017-02-09,1.46,1.48,1.2,1.27,4496600.0,129031000.0
lisk,2017-02-09,0.16217,0.163772,0.144906,0.154264,189544.0,16688100.0
litecoin,2017-02-09,4.03,4.08,3.71,3.8,21297300.0,200288000
monero,2017-02-09,12.83,12.98,11.83,12.12,4268990.0,178405000
nem,2017-02-09,0.006673,0.006776000000000001,0.006024,0.006323,268138.0,60055100
neo,2017-02-09,0.129684,0.13279100000000002,0.118249,0.127476,10870.0,6484200.0
ripple,2017-02-09,0.0064329999999999995,0.006484,0.006193,0.006374,1700680.0,237091000
siacoin,2017-02-09,0.000398,0.000408,0.00035,0.00038500000000000003,165171.0,9184110.0
steem,2017-02-09,0.151669,0.15844,0.138693,0.145037,60780.0,35243800
stellar,2017-02-09,0.0022440000000000003,0.00232,0.002088,0.0021550000000000002,132588.0,15679000
verge,2017-02-09,2.1e-05,3.2e-05,1.9e-05,2e-05,320.0,272721
zcash,2017-02-09,35.32,36.13,32.25,33.34,1148210.0,21961100
bitcoin,2017-02-10,995.63,998.9,946.69,988.67,190452000.0,16083600000
bitshares,2017-02-10,0.0037719999999999997,0.004084,0.003746,0.003935,236288.0,9739780
bytecoin-bcn,2017-02-10,5e-05,5.4000000000000005e-05,4.7e-05,5e-05,8463.0,9119960
dash,2017-02-10,16.58,16.89,15.84,16.67,1386930.0,117570000
dogecoin,2017-02-10,0.000204,0.00020899999999999998,0.00020099999999999998,0.00020800000000000001,94677.0,22007800
ethereum,2017-02-10,11.04,11.34,10.78,11.28,11914200.0,979961000.0
ethereum-classic,2017-02-10,1.27,1.28,1.21,1.26,1814640.0,113045000.0
lisk,2017-02-10,0.154354,0.155228,0.144555,0.147097,56800.0,15890400.0
litecoin,2017-02-10,3.8,3.81,3.7,3.78,7918280.0,188981000
monero,2017-02-10,12.18,12.23,11.73,11.98,2472350.0,169520000
nem,2017-02-10,0.006308,0.006353,0.005811,0.006338,177550.0,56768200
neo,2017-02-10,0.12754000000000001,0.13171,0.117976,0.12576099999999998,2605.0,6377000.0
ripple,2017-02-10,0.006367,0.0067,0.0061920000000000005,0.006289,808768.0,235873000
siacoin,2017-02-10,0.000384,0.00039,0.000349,0.000366,67075.0,8875530.0
steem,2017-02-10,0.14521900000000001,0.146619,0.138692,0.145825,33322.0,33787700
stellar,2017-02-10,0.002157,0.002175,0.0020629999999999997,0.002141,98448.0,15071000
verge,2017-02-10,2e-05,2.8999999999999997e-05,1.9e-05,2.8999999999999997e-05,280.0,254751
zcash,2017-02-10,33.35,33.44,31.93,32.7,602423.0,20974100
bitcoin,2017-02-11,988.9,1009.29,982.83,1004.45,102261000.0,15976700000
bitshares,2017-02-11,0.003936,0.004079999999999999,0.003889,0.004047,85146.0,10164200
bytecoin-bcn,2017-02-11,5e-05,5.5e-05,4.8e-05,5.5e-05,12081.0,9061070
dash,2017-02-11,16.69,17.22,16.6,17.15,1216530.0,118350000
dogecoin,2017-02-11,0.00020800000000000001,0.000215,0.00020299999999999997,0.00021,94779.0,22505900
ethereum,2017-02-11,11.29,11.43,11.24,11.35,7544520.0,1002130000.0
ethereum-classic,2017-02-11,1.26,1.29,1.23,1.24,1627780.0,111538000.0
lisk,2017-02-11,0.147314,0.15415399999999999,0.145912,0.150625,59644.0,15171900.0
litecoin,2017-02-11,3.78,3.8,3.77,3.79,3340840.0,187849000
monero,2017-02-11,11.98,12.39,11.98,12.24,2190900.0,166808000
nem,2017-02-11,0.006335,0.006992,0.0062840000000000005,0.006992,180360.0,57016000
neo,2017-02-11,0.125788,0.127159,0.122483,0.125607,743.0,6289400.0
ripple,2017-02-11,0.00629,0.0063950000000000005,0.006273,0.006333,334607.0,232996000
siacoin,2017-02-11,0.000373,0.000383,0.000357,0.000381,32678.0,8647180.0
steem,2017-02-11,0.145576,0.149886,0.144536,0.14646099999999998,30087.0,33894500
stellar,2017-02-11,0.002141,0.002179,0.002089,0.002111,63281.0,14961300
verge,2017-02-11,2.8999999999999997e-05,3.1e-05,2e-05,2.2e-05,531.0,376265
zcash,2017-02-11,32.71,33.67,32.15,32.76,521365.0,20803800
bitcoin,2017-02-12,1003.52,1004.76,996.92,999.18,67530000.0,16214700000
bitshares,2017-02-12,0.004045,0.00405,0.003939,0.003966,59665.0,10444900
bytecoin-bcn,2017-02-12,5.5e-05,5.5e-05,5e-05,5.2000000000000004e-05,9296.0,10058600
dash,2017-02-12,17.15,17.15,16.83,16.91,1264080.0,121667000
dogecoin,2017-02-12,0.00021,0.00021099999999999998,0.000205,0.00020800000000000001,96618.0,22688800
ethereum,2017-02-12,11.35,11.4,11.3,11.4,6264900.0,1008030000.0
ethereum-classic,2017-02-12,1.24,1.24,1.21,1.23,1574630.0,109633000.0
lisk,2017-02-12,0.15049300000000002,0.15203699999999998,0.14781,0.149559,79289.0,15505700.0
litecoin,2017-02-12,3.8,3.8,3.75,3.76,2706320.0,188829000
monero,2017-02-12,12.27,12.49,12.0,12.33,2154250.0,170839000
nem,2017-02-12,0.006976,0.007089,0.006881,0.0069,231800.0,62782200
neo,2017-02-12,0.125493,0.137479,0.117401,0.12156600000000001,3330.0,6274650.0
ripple,2017-02-12,0.006328,0.006364,0.006268999999999999,0.006268999999999999,230479.0,234436000
siacoin,2017-02-12,0.00037999999999999997,0.000381,0.00037,0.000371,35377.0,8820690.0
steem,2017-02-12,0.146326,0.148411,0.140903,0.14246199999999998,35711.0,34116400
stellar,2017-02-12,0.0021100000000000003,0.0021550000000000002,0.002068,0.00209,64662.0,14740700
verge,2017-02-12,2.2e-05,3.1e-05,2e-05,2e-05,398.0,279595
zcash,2017-02-12,32.7,32.98,31.61,31.61,515968.0,21034500
bitcoin,2017-02-13,998.88,1002.1,976.0,990.64,100607000.0,16141500000
bitshares,2017-02-13,0.003965,0.004043,0.003865,0.003865,56327.0,10237700
bytecoin-bcn,2017-02-13,5.2000000000000004e-05,5.4000000000000005e-05,4.5e-05,4.5e-05,8883.0,9524040
dash,2017-02-13,16.88,17.05,16.63,16.88,1464030.0,119800000
dogecoin,2017-02-13,0.00021,0.00021099999999999998,0.000204,0.00020800000000000001,128635.0,22754200
ethereum,2017-02-13,11.38,11.39,11.17,11.27,7216520.0,1011080000.0
ethereum-classic,2017-02-13,1.23,1.23,1.18,1.19,1459080.0,108925000.0
lisk,2017-02-13,0.149834,0.150125,0.142674,0.144006,89637.0,15444200.0
litecoin,2017-02-13,3.77,3.77,3.7,3.72,4721650.0,187506000
monero,2017-02-13,12.31,12.36,12.09,12.2,1687590.0,171557000
nem,2017-02-13,0.0069099999999999995,0.0070090000000000005,0.006462000000000001,0.006634999999999999,254472.0,62188800
neo,2017-02-13,0.12153,0.13772,0.118105,0.11828599999999999,6977.0,6076500.0
ripple,2017-02-13,0.006267,0.006338,0.006228,0.006251,462843.0,232161000
siacoin,2017-02-13,0.000371,0.00037999999999999997,0.000342,0.000349,95103.0,8601740.0
steem,2017-02-13,0.142585,0.14297,0.133377,0.13606400000000002,89338.0,33267700
stellar,2017-02-13,0.002089,0.002149,0.002052,0.0020670000000000003,70642.0,14599700
verge,2017-02-13,2e-05,2.9999999999999997e-05,2e-05,2e-05,4367.0,256981
zcash,2017-02-13,31.52,31.82,30.1,30.38,771020.0,20493800
bitcoin,2017-02-14,991.74,1011.51,986.47,1004.55,137946000.0,16028000000
bitshares,2017-02-14,0.003871,0.004044,0.003871,0.003999,56480.0,9995850
bytecoin-bcn,2017-02-14,5e-05,5.6999999999999996e-05,4.4e-05,4.7e-05,25273.0,9056220
dash,2017-02-14,16.85,18.37,16.8,18.15,1948330.0,119626000
dogecoin,2017-02-14,0.00020800000000000001,0.000213,0.000205,0.00020899999999999998,129514.0,22473400
ethereum,2017-02-14,11.29,13.33,11.29,13.03,42911500.0,1002810000.0
ethereum-classic,2017-02-14,1.2,1.25,1.19,1.25,1588940.0,106179000.0
lisk,2017-02-14,0.144226,0.15006,0.144179,0.147843,94109.0,14872300.0
litecoin,2017-02-14,3.72,3.77,3.71,3.77,3994400.0,184921000
monero,2017-02-14,12.2,13.2,12.11,12.99,4166850.0,170135000
nem,2017-02-14,0.006601,0.006807,0.006536,0.00673,117528.0,59411200
neo,2017-02-14,0.11833900000000001,0.121985,0.11438399999999999,0.116603,6788.0,5916950.0
ripple,2017-02-14,0.00624,0.006352,0.00624,0.006278,671150.0,231161000
siacoin,2017-02-14,0.000349,0.000379,0.000331,0.00036,127465.0,8110100.0
steem,2017-02-14,0.136509,0.137182,0.128176,0.133292,98110.0,31858900
stellar,2017-02-14,0.002069,0.002124,0.0020629999999999997,0.00209,63693.0,14458100
verge,2017-02-14,2e-05,2.9999999999999997e-05,2e-05,2.2e-05,84.0,253755
zcash,2017-02-14,30.4,32.6,30.2,32.37,750407.0,19988100
bitcoin,2017-02-15,1006.21,1008.84,1001.58,1007.48,89759400.0,16264100000
bitshares,2017-02-15,0.003995,0.004064,0.003948,0.00404,32082.0,10316400
bytecoin-bcn,2017-02-15,4.7e-05,5.4000000000000005e-05,4.7e-05,5.1e-05,25071.0,8566820
dash,2017-02-15,18.1,19.66,17.7,19.63,3355410.0,128554000
dogecoin,2017-02-15,0.00020800000000000001,0.000212,0.00020299999999999997,0.00020899999999999998,154245.0,22516800
ethereum,2017-02-15,13.04,13.04,12.64,12.92,18464700.0,1159000000.0
ethereum-classic,2017-02-15,1.25,1.28,1.24,1.26,1164420.0,110928000.0
lisk,2017-02-15,0.14746900000000002,0.147702,0.14056400000000002,0.142241,96408.0,15212800.0
litecoin,2017-02-15,3.77,3.82,3.76,3.81,2683590.0,187657000
monero,2017-02-15,13.01,13.74,12.88,13.62,4811600.0,181497000
nem,2017-02-15,0.006729000000000001,0.007093,0.006683,0.007093,115753.0,60562400
neo,2017-02-15,0.116744,0.120698,0.111437,0.112729,5690.0,5837200.0
ripple,2017-02-15,0.006279,0.006302,0.006095000000000001,0.006147,813299.0,232611000
siacoin,2017-02-15,0.000361,0.00037200000000000004,0.000352,0.000363,48998.0,8401520.0
steem,2017-02-15,0.13453900000000002,0.136256,0.129908,0.133492,50778.0,31430500
stellar,2017-02-15,0.002102,0.002241,0.002071,0.002224,163475.0,14685800
verge,2017-02-15,2.2e-05,2.8999999999999997e-05,2e-05,2.1e-05,61.0,284412
zcash,2017-02-15,32.3,34.17,31.15,33.55,852288.0,21469300
bitcoin,2017-02-16,1007.65,1033.37,1007.65,1027.44,122277000.0,16289100000
bitshares,2017-02-16,0.0040490000000000005,0.004136,0.004043,0.004064,58702.0,10455800
bytecoin-bcn,2017-02-16,5.1e-05,5.5e-05,4.8e-05,5.5e-05,9028.0,9253020
dash,2017-02-16,19.64,19.81,19.14,19.52,2859140.0,139499000
dogecoin,2017-02-16,0.00020899999999999998,0.000212,0.000202,0.000207,135279.0,22635500
ethereum,2017-02-16,12.92,12.92,12.54,12.9,38002600.0,1148860000.0
ethereum-classic,2017-02-16,1.26,1.27,1.23,1.24,1067180.0,112162000.0
lisk,2017-02-16,0.141806,0.14645,0.140598,0.144879,99588.0,14634700.0
litecoin,2017-02-16,3.8,3.82,3.78,3.79,3991580.0,189087000
monero,2017-02-16,13.62,13.62,12.91,13.1,3256190.0,189926000
nem,2017-02-16,0.0070810000000000005,0.007199,0.006973999999999999,0.007039,219826.0,63727000
neo,2017-02-16,0.112739,0.126088,0.11257400000000001,0.126088,10795.0,5636950.0
ripple,2017-02-16,0.006138,0.0062439999999999996,0.005988,0.006027,1355840.0,227363000
siacoin,2017-02-16,0.000363,0.000381,0.000356,0.00036,42895.0,8454600.0
steem,2017-02-16,0.13375499999999999,0.14063499999999998,0.130364,0.137068,108605.0,31310900
stellar,2017-02-16,0.002205,0.002236,0.002131,0.002139,112630.0,15410300
verge,2017-02-16,2.1e-05,3.1e-05,2.1e-05,2.2e-05,136.0,265558
zcash,2017-02-16,33.56,34.22,32.52,32.56,679495.0,22549000
bitcoin,2017-02-17,1026.12,1053.17,1025.64,1046.21,136474000.0,16589600000
bitshares,2017-02-17,0.004061,0.004195,0.00404,0.004138,105245.0,10489100
bytecoin-bcn,2017-02-17,5.2000000000000004e-05,5.6000000000000006e-05,5e-05,5.3e-05,48511.0,9477300
dash,2017-02-17,19.47,20.15,19.19,20.0,1859180.0,138366000
dogecoin,2017-02-17,0.000207,0.000213,0.000202,0.00020899999999999998,153199.0,22420700
ethereum,2017-02-17,12.9,12.91,12.66,12.68,11636500.0,1147260000.0
ethereum-classic,2017-02-17,1.23,1.25,1.23,1.23,781116.0,109732000.0
lisk,2017-02-17,0.144346,0.14611,0.14141199999999998,0.145351,75400.0,14903000.0
litecoin,2017-02-17,3.78,3.84,3.77,3.83,4001350.0,188226000
monero,2017-02-17,13.07,13.34,13.04,13.3,1711010.0,182332000
nem,2017-02-17,0.0070290000000000005,0.007139,0.006929,0.0071129999999999995,174473.0,63265100
neo,2017-02-17,0.125972,0.130485,0.115022,0.12266099999999999,28259.0,6298600.0
ripple,2017-02-17,0.005939,0.006095000000000001,0.005872,0.005935,1160600.0,220014000
siacoin,2017-02-17,0.000352,0.00037200000000000004,0.000348,0.000357,47142.0,8222820.0
steem,2017-02-17,0.136599,0.143251,0.132673,0.132673,81058.0,31994000
stellar,2017-02-17,0.002136,0.0021739999999999997,0.002093,0.002093,79792.0,14927100
verge,2017-02-17,2.2e-05,3.1e-05,2.2e-05,2.5e-05,75.0,279888
zcash,2017-02-17,32.54,32.79,31.73,32.01,495639.0,22094500
bitcoin,2017-02-18,1049.21,1061.1,1046.96,1054.42,99073500.0,16964800000
bitshares,2017-02-18,0.004143,0.004190999999999999,0.003975,0.003998,86237.0,10700900
bytecoin-bcn,2017-02-18,5.3e-05,5.4000000000000005e-05,5.2000000000000004e-05,5.2000000000000004e-05,38929.0,9607210
dash,2017-02-18,20.05,21.53,20.05,21.41,3498460.0,142505000
dogecoin,2017-02-18,0.00020899999999999998,0.00021,0.000196,0.000197,158688.0,22566400
ethereum,2017-02-18,12.71,12.83,12.68,12.81,9370010.0,1130750000.0
ethereum-classic,2017-02-18,1.23,1.24,1.21,1.22,1130150.0,109624000.0
lisk,2017-02-18,0.14568,0.147002,0.134913,0.139254,106133.0,15047000.0
litecoin,2017-02-18,3.83,3.83,3.78,3.79,3209270.0,190755000
monero,2017-02-18,13.41,13.57,13.09,13.36,1871110.0,186995000
nem,2017-02-18,0.007128,0.007214,0.006615,0.006862999999999999,170619.0,64155300
neo,2017-02-18,0.122901,0.130873,0.119005,0.124431,13458.0,6145050.0
ripple,2017-02-18,0.005949,0.006014,0.005427,0.005569,1866850.0,220370000
siacoin,2017-02-18,0.000357,0.000367,0.00033999999999999997,0.000349,54390.0,8353700.0
steem,2017-02-18,0.133153,0.135811,0.11653699999999999,0.120832,190740.0,31195400
stellar,2017-02-18,0.002093,0.002123,0.001991,0.0020210000000000002,127180.0,14627300
verge,2017-02-18,2.5e-05,2.5e-05,2.1e-05,2.2e-05,883.0,316835
zcash,2017-02-18,32.1,32.3,30.77,30.84,638843.0,22025200
bitcoin,2017-02-19,1054.76,1056.81,1043.46,1047.87,77423300.0,17056600000
bitshares,2017-02-19,0.0040030000000000005,0.004096,0.003961999999999999,0.004021,44687.0,10339600
bytecoin-bcn,2017-02-19,5.2000000000000004e-05,5.3e-05,5.1e-05,5.2000000000000004e-05,31919.0,9539400
dash,2017-02-19,21.46,23.73,21.44,22.55,5688120.0,152571000
dogecoin,2017-02-19,0.000197,0.00021,0.000196,0.00020800000000000001,74856.0,21283200
ethereum,2017-02-19,12.82,12.87,12.71,12.76,7799740.0,1140870000.0
ethereum-classic,2017-02-19,1.22,1.24,1.22,1.22,642421.0,108590000.0
lisk,2017-02-19,0.139254,0.145248,0.133044,0.13552999999999998,83473.0,14389200.0
litecoin,2017-02-19,3.79,3.79,3.74,3.76,2701490.0,189049000
monero,2017-02-19,13.38,13.38,12.99,12.99,1663440.0,186681000
nem,2017-02-19,0.006862999999999999,0.0068909999999999996,0.006299,0.006352,268886.0,61765100
neo,2017-02-19,0.12452200000000001,0.124827,0.117671,0.122905,4321.0,6226100.0
ripple,2017-02-19,0.005589,0.0058920000000000005,0.00557,0.005878,896856.0,207033000
siacoin,2017-02-19,0.00033999999999999997,0.000357,0.000332,0.000339,30846.0,7963660.0
steem,2017-02-19,0.121091,0.12799100000000002,0.11748399999999999,0.119055,55309.0,28386900
stellar,2017-02-19,0.002022,0.002081,0.0020039999999999997,0.002014,65984.0,14126400
verge,2017-02-19,2.2e-05,2.3e-05,2.1e-05,2.2e-05,321.0,277790
zcash,2017-02-19,30.79,31.28,30.48,30.58,515481.0,21350900
bitcoin,2017-02-20,1048.69,1080.49,1041.69,1079.98,109478000.0,16960200000
bitshares,2017-02-20,0.004031,0.0040479999999999995,0.003974,0.004012,34355.0,10413300
bytecoin-bcn,2017-02-20,5.2000000000000004e-05,5.3e-05,5.1e-05,5.1e-05,12049.0,9444200
dash,2017-02-20,22.6,22.94,21.24,21.59,4159380.0,160743000
dogecoin,2017-02-20,0.00020800000000000001,0.00020899999999999998,0.000204,0.000207,89141.0,22491300
ethereum,2017-02-20,12.77,12.9,12.43,12.43,12994400.0,1136610000.0
ethereum-classic,2017-02-20,1.22,1.24,1.22,1.22,609461.0,108897000.0
lisk,2017-02-20,0.135625,0.13867100000000002,0.124752,0.124859,126712.0,14020100.0
litecoin,2017-02-20,3.77,3.78,3.75,3.77,3128060.0,187912000
monero,2017-02-20,13.01,13.01,11.46,12.22,8429880.0,181531000
nem,2017-02-20,0.0063869999999999994,0.006737000000000001,0.0063100000000000005,0.006559000000000001,161699.0,57480300
neo,2017-02-20,0.123001,0.12720399999999998,0.11667899999999999,0.121475,10971.0,6150050.0
ripple,2017-02-20,0.005879,0.005949,0.0057399999999999994,0.005873,880117.0,217802000
siacoin,2017-02-20,0.00033999999999999997,0.000349,0.000321,0.000324,48282.0,7956120.0
steem,2017-02-20,0.11925999999999999,0.119675,0.114107,0.11664300000000001,58001.0,27968700
stellar,2017-02-20,0.0020210000000000002,0.002055,0.001999,0.002052,62491.0,14122700
verge,2017-02-20,2.2e-05,2.7000000000000002e-05,2.1e-05,2.2e-05,63.0,283732
zcash,2017-02-20,30.6,31.19,30.36,30.87,556168.0,21434000
bitcoin,2017-02-21,1079.28,1117.25,1076.93,1115.3,186869000.0,17456900000
bitshares,2017-02-21,0.004012,0.004035,0.0038159999999999995,0.0038439999999999998,56018.0,10365100
bytecoin-bcn,2017-02-21,5.1e-05,5.5e-05,5.1e-05,5.2000000000000004e-05,12428.0,9389250
dash,2017-02-21,21.6,22.1,20.45,21.25,4093200.0,153668000
dogecoin,2017-02-21,0.00021,0.00021099999999999998,0.000202,0.00020800000000000001,102673.0,22741500
ethereum,2017-02-21,12.34,12.77,12.21,12.67,15183300.0,1099330000.0
ethereum-classic,2017-02-21,1.22,1.25,1.21,1.24,1034130.0,108797000.0
lisk,2017-02-21,0.12204300000000001,0.13309400000000002,0.12026099999999999,0.130772,172798.0,12621300.0
litecoin,2017-02-21,3.76,3.8,3.76,3.78,4110740.0,187718000
monero,2017-02-21,12.12,12.42,11.92,12.34,4476160.0,169036000
nem,2017-02-21,0.006541,0.006554000000000001,0.006099,0.006326,170227.0,58872000
neo,2017-02-21,0.1214,0.127322,0.114101,0.12156099999999999,14370.0,6070000.0
ripple,2017-02-21,0.005871,0.005909,0.0057350000000000005,0.005832,653081.0,217476000
siacoin,2017-02-21,0.000333,0.000344,0.000309,0.000334,101650.0,7812850.0
steem,2017-02-21,0.116968,0.11705,0.099425,0.100643,147603.0,27531700
stellar,2017-02-21,0.002045,0.0021,0.001991,0.001997,149743.0,14285900
verge,2017-02-21,2.2e-05,3.3e-05,2.2e-05,2.2e-05,367.0,285522
zcash,2017-02-21,30.89,30.89,29.6,29.9,685559.0,21859000
bitcoin,2017-02-22,1114.8,1125.39,1100.55,1117.44,136100000.0,18033400000
bitshares,2017-02-22,0.0038450000000000003,0.0038450000000000003,0.003631,0.0037890000000000003,115368.0,9934310
bytecoin-bcn,2017-02-22,5.2000000000000004e-05,5.6000000000000006e-05,5.2000000000000004e-05,5.4000000000000005e-05,11473.0,9560130
dash,2017-02-22,21.24,22.19,20.99,22.12,2625710.0,151098000
dogecoin,2017-02-22,0.00020800000000000001,0.00021,0.000197,0.000202,108610.0,22564000
ethereum,2017-02-22,12.69,12.76,12.55,12.6,10360900.0,1130460000.0
ethereum-classic,2017-02-22,1.24,1.25,1.21,1.21,1014370.0,110732000.0
lisk,2017-02-22,0.130201,0.133604,0.12654100000000001,0.12959,78040.0,13470600.0
litecoin,2017-02-22,3.79,3.84,3.78,3.81,4547610.0,188961000
monero,2017-02-22,12.32,12.84,12.12,12.77,2486660.0,171785000
nem,2017-02-22,0.006307,0.006504,0.006302,0.0063880000000000004,91865.0,56762200
neo,2017-02-22,0.12451500000000001,0.12451500000000001,0.115683,0.121959,6903.0,6225750.0
ripple,2017-02-22,0.005849,0.005887,0.005817,0.00586,500712.0,216670000
siacoin,2017-02-22,0.000334,0.000343,0.00031600000000000004,0.00031800000000000003,29109.0,7844400.0
steem,2017-02-22,0.10039,0.12249000000000002,0.095278,0.11141,171774.0,23659700
stellar,2017-02-22,0.002008,0.002068,0.001946,0.002008,162748.0,14033800
verge,2017-02-22,2.2e-05,3.2e-05,2.2e-05,2.2e-05,280.0,285243
zcash,2017-02-22,29.93,30.08,26.93,27.16,1044580.0,21400000
bitcoin,2017-02-23,1117.27,1176.62,1116.96,1166.72,189454000.0,18075200000
bitshares,2017-02-23,0.0038280000000000002,0.003851,0.0037340000000000003,0.0038159999999999995,58985.0,9891870
bytecoin-bcn,2017-02-23,5.4000000000000005e-05,5.9e-05,5.1e-05,5.9e-05,1625.0,9803480
dash,2017-02-23,22.09,25.23,22.09,25.22,4664780.0,157238000
dogecoin,2017-02-23,0.000202,0.00020800000000000001,0.000198,0.00020800000000000001,110405.0,21831400
ethereum,2017-02-23,12.6,13.21,12.56,13.12,14522300.0,1122910000.0
ethereum-classic,2017-02-23,1.21,1.23,1.2,1.22,1254060.0,108040000.0
lisk,2017-02-23,0.129396,0.14158099999999998,0.128314,0.133549,99217.0,13392700.0
litecoin,2017-02-23,3.8,3.85,3.8,3.84,4096480.0,189631000
monero,2017-02-23,12.78,12.94,12.57,12.87,2875250.0,178859000
nem,2017-02-23,0.006378,0.007016,0.006376,0.006853,121469.0,57403100
neo,2017-02-23,0.121958,0.122226,0.114699,0.118724,6304.0,6097900.0
ripple,2017-02-23,0.005856,0.005943,0.005797999999999999,0.005895,750533.0,216920000
siacoin,2017-02-23,0.00031800000000000003,0.000349,0.00031,0.000328,93783.0,7471180.0
steem,2017-02-23,0.111226,0.130903,0.108048,0.116398,223438.0,26255100
stellar,2017-02-23,0.00202,0.002029,0.001925,0.001927,131865.0,14114800
verge,2017-02-23,2.2e-05,2.5e-05,2.2e-05,2.4e-05,58.0,285875
zcash,2017-02-23,27.18,32.62,26.15,29.98,1441340.0,19626800
bitcoin,2017-02-24,1172.71,1200.39,1131.96,1173.68,330759000.0,18974400000
bitshares,2017-02-24,0.003814,0.003919,0.003766,0.0039049999999999996,92973.0,9856800
bytecoin-bcn,2017-02-24,5.9e-05,5.9999999999999995e-05,4.7e-05,5.9e-05,5255.0,10695900
dash,2017-02-24,25.05,29.38,23.79,26.2,10322700.0,178372000
dogecoin,2017-02-24,0.00020800000000000001,0.00021099999999999998,0.000202,0.00020800000000000001,118202.0,22484400
ethereum,2017-02-24,13.13,13.23,12.88,13.07,19574400.0,1171110000.0
ethereum-classic,2017-02-24,1.23,1.24,1.2,1.21,2141280.0,109710000.0
lisk,2017-02-24,0.134658,0.14361,0.126585,0.132936,107579.0,13943000.0
litecoin,2017-02-24,3.83,3.88,3.82,3.85,6921090.0,191226000
monero,2017-02-24,12.89,12.97,11.35,11.92,8707610.0,180492000
nem,2017-02-24,0.006876999999999999,0.006920999999999999,0.006444,0.006571,145516.0,61891200
neo,2017-02-24,0.119243,0.136124,0.086475,0.12118499999999999,17386.0,5962150.0
ripple,2017-02-24,0.005883,0.005919,0.005644,0.0057009999999999995,1343690.0,218525000
siacoin,2017-02-24,0.00033,0.000344,0.000307,0.000328,64747.0,7766270.0
steem,2017-02-24,0.116719,0.11760999999999999,0.105742,0.108383,70403.0,27592700
stellar,2017-02-24,0.00193,0.002013,0.001834,0.0018850000000000002,186269.0,13485100
verge,2017-02-24,2.5e-05,3.6e-05,2.3e-05,2.4e-05,456.0,314010
zcash,2017-02-24,30.11,31.81,28.47,30.23,1180920.0,21953500
bitcoin,2017-02-25,1170.41,1174.85,1124.59,1143.84,139961000.0,18939500000
bitshares,2017-02-25,0.003914,0.003961999999999999,0.003831,0.003889,41488.0,10115400
bytecoin-bcn,2017-02-25,5.7999999999999994e-05,5.9e-05,4.6e-05,5.6999999999999996e-05,7350.0,10672000
dash,2017-02-25,26.23,27.11,23.61,26.76,7377240.0,186832000
dogecoin,2017-02-25,0.000204,0.00020899999999999998,0.0002,0.0002,64485.0,22092400
ethereum,2017-02-25,13.06,13.72,12.98,13.55,18533900.0,1165230000.0
ethereum-classic,2017-02-25,1.21,1.22,1.17,1.21,1337270.0,107563000.0
lisk,2017-02-25,0.13256300000000001,0.137863,0.126326,0.13009,88925.0,13731700.0
litecoin,2017-02-25,3.85,3.86,3.81,3.83,3581200.0,192344000
monero,2017-02-25,11.92,12.14,11.68,11.85,3102200.0,167003000
nem,2017-02-25,0.006555,0.006629,0.0061979999999999995,0.00634,148274.0,58994400
neo,2017-02-25,0.12086400000000001,0.12165999999999999,0.110955,0.114526,9339.0,6043200.0
ripple,2017-02-25,0.0057,0.005743,0.005628,0.005665,684577.0,211712000
siacoin,2017-02-25,0.000328,0.000328,0.000307,0.00031099999999999997,30732.0,7726590.0
steem,2017-02-25,0.108099,0.12206900000000001,0.108099,0.115275,83041.0,25562000
stellar,2017-02-25,0.0018809999999999999,0.0019100000000000002,0.0018239999999999999,0.0018809999999999999,119102.0,13144800
verge,2017-02-25,2.4e-05,2.4e-05,2.2e-05,2.4e-05,589.0,300684
zcash,2017-02-25,30.12,30.71,28.58,29.15,508970.0,22177700
bitcoin,2017-02-26,1144.27,1167.47,1130.2,1165.2,116486000.0,18518900000
bitshares,2017-02-26,0.0038950000000000005,0.003932,0.003774,0.0038009999999999997,44366.0,10067500
bytecoin-bcn,2017-02-26,5.6999999999999996e-05,5.7999999999999994e-05,4.6e-05,5.6000000000000006e-05,12636.0,10436500
dash,2017-02-26,26.67,28.23,25.44,28.11,4656680.0,189992000
dogecoin,2017-02-26,0.0002,0.00020800000000000001,0.000199,0.00020299999999999997,55007.0,21666300
ethereum,2017-02-26,13.52,14.54,13.4,14.52,20307500.0,1206150000.0
ethereum-classic,2017-02-26,1.21,1.25,1.2,1.25,1486190.0,108135000.0
lisk,2017-02-26,0.130199,0.133472,0.127995,0.128532,102766.0,13492500.0
litecoin,2017-02-26,3.82,3.85,3.8,3.83,2688250.0,190585000
monero,2017-02-26,11.84,12.04,11.68,11.89,2039860.0,165867000
nem,2017-02-26,0.006344,0.006554000000000001,0.00632,0.006447,84192.0,57097300
neo,2017-02-26,0.114553,0.11558199999999999,0.104331,0.11498599999999999,8433.0,5727650.0
ripple,2017-02-26,0.005664,0.005733,0.005651,0.005671,258373.0,210392000
siacoin,2017-02-26,0.00031099999999999997,0.000344,0.000309,0.000327,36629.0,7350880.0
steem,2017-02-26,0.115291,0.117557,0.10846800000000001,0.10971099999999999,47461.0,27248500
stellar,2017-02-26,0.0018800000000000002,0.0019039999999999999,0.001786,0.001875,149964.0,13139300
verge,2017-02-26,2.4e-05,2.6000000000000002e-05,2.3e-05,2.3e-05,370.0,304681
zcash,2017-02-26,29.14,29.96,28.48,29.45,505969.0,21661100
bitcoin,2017-02-27,1163.78,1181.98,1163.38,1179.97,131570000.0,18837300000
bitshares,2017-02-27,0.0038009999999999997,0.003851,0.0037579999999999996,0.0037939999999999996,39968.0,9823640
bytecoin-bcn,2017-02-27,5.6000000000000006e-05,6.1e-05,5.6000000000000006e-05,5.9999999999999995e-05,71804.0,10210000
dash,2017-02-27,28.1,28.64,27.47,28.18,4064580.0,200212000
dogecoin,2017-02-27,0.000206,0.00020899999999999998,0.000202,0.00020800000000000001,115816.0,22342300
ethereum,2017-02-27,14.51,15.68,14.27,15.4,31667000.0,1294770000.0
ethereum-classic,2017-02-27,1.25,1.26,1.23,1.23,1284690.0,111240000.0
lisk,2017-02-27,0.128353,0.128353,0.120144,0.124146,116903.0,13306700.0
litecoin,2017-02-27,3.81,3.83,3.8,3.8,3766590.0,190522000
monero,2017-02-27,11.87,12.06,11.83,11.96,1343950.0,166428000
nem,2017-02-27,0.006456999999999999,0.006534999999999999,0.006372,0.0064150000000000006,101345.0,58115300
neo,2017-02-27,0.11523399999999999,0.11863199999999999,0.10962999999999999,0.11537599999999999,8960.0,5761700.0
ripple,2017-02-27,0.005665,0.005696,0.005608,0.005609,641126.0,210425000
siacoin,2017-02-27,0.00032599999999999996,0.000339,0.00031,0.000322,94250.0,7708250.0
steem,2017-02-27,0.108872,0.114551,0.106501,0.113267,54646.0,25710500
stellar,2017-02-27,0.0018800000000000002,0.001912,0.0017739999999999998,0.0017739999999999998,99411.0,13135300
verge,2017-02-27,2.3e-05,3.7e-05,2.3e-05,2.4e-05,189.0,297776
zcash,2017-02-27,29.37,37.96,29.36,35.94,2214690.0,22047100
bitcoin,2017-02-28,1180.72,1193.25,1171.82,1179.97,184956000.0,19113600000
bitshares,2017-02-28,0.0037979999999999997,0.003822,0.003128,0.0035409999999999994,251704.0,9818090
bytecoin-bcn,2017-02-28,5.9999999999999995e-05,6.1e-05,5.6999999999999996e-05,5.6999999999999996e-05,25567.0,11040900
dash,2017-02-28,28.24,33.38,27.95,32.51,10042800.0,201326000
dogecoin,2017-02-28,0.000204,0.00021,0.000199,0.000205,90932.0,22134400
ethereum,2017-02-28,15.45,16.06,15.12,15.82,65478900.0,1379600000.0
ethereum-classic,2017-02-28,1.24,1.26,1.23,1.24,1444190.0,110317000.0
lisk,2017-02-28,0.12361099999999998,0.124905,0.110599,0.112352,215096.0,12820400.0
litecoin,2017-02-28,3.8,3.82,3.76,3.77,4045440.0,190098000
monero,2017-02-28,11.99,12.32,11.51,12.28,4316810.0,168185000
nem,2017-02-28,0.006409999999999999,0.007058,0.006391,0.007034,189363.0,57693900
neo,2017-02-28,0.115442,0.118271,0.11330699999999999,0.117443,19659.0,5772100.0
ripple,2017-02-28,0.005608,0.005631000000000001,0.005438,0.005536,1693350.0,208297000
siacoin,2017-02-28,0.000323,0.00033,0.0003,0.00032,53504.0,7641660.0
steem,2017-02-28,0.11385799999999999,0.11573699999999999,0.106101,0.10656800000000001,56227.0,26923400
stellar,2017-02-28,0.0017760000000000002,0.0018629999999999999,0.0017699999999999999,0.001843,73171.0,12408500
verge,2017-02-28,2.4e-05,2.4e-05,1.2e-05,1.2e-05,425.0,302110
zcash,2017-02-28,36.42,38.4,34.41,37.3,2551690.0,27596000
bitcoin,2017-03-01,1180.04,1222.5,1179.69,1222.5,229057000.0,19104800000
bitshares,2017-03-01,0.003573,0.0036200000000000004,0.003385,0.003472,243416.0,9238460
bytecoin-bcn,2017-03-01,5.6999999999999996e-05,5.9999999999999995e-05,5.6000000000000006e-05,5.9999999999999995e-05,17099.0,10389800
dash,2017-03-01,32.62,46.75,32.33,42.54,31700200.0,232593000
dogecoin,2017-03-01,0.000206,0.00020899999999999998,0.00020099999999999998,0.00020299999999999997,136870.0,22279600
ethereum,2017-03-01,15.85,17.37,15.56,17.35,44927500.0,1415510000.0
ethereum-classic,2017-03-01,1.24,1.42,1.23,1.4,4561930.0,110412000.0
lisk,2017-03-01,0.11243199999999999,0.11930199999999999,0.099628,0.10478,231932.0,11665800.0
litecoin,2017-03-01,3.77,3.81,3.76,3.8,4405000.0,188623000
monero,2017-03-01,12.3,12.9,12.13,12.33,6449830.0,172621000
nem,2017-03-01,0.007012999999999999,0.008324,0.007012999999999999,0.00785,588949.0,63121000
neo,2017-03-01,0.11745499999999999,0.135197,0.11371700000000001,0.135197,12914.0,5872750.0
ripple,2017-03-01,0.005525,0.005547,0.005372,0.005408,1630460.0,205222000
siacoin,2017-03-01,0.00032,0.000414,0.00031099999999999997,0.000356,389652.0,7593710.0
steem,2017-03-01,0.105636,0.11065699999999999,0.097098,0.097724,100250.0,24988200
stellar,2017-03-01,0.001842,0.001872,0.001628,0.0017239999999999998,263991.0,12872900
verge,2017-03-01,1.2e-05,3.6e-05,1.2e-05,2.5e-05,873.0,153386
zcash,2017-03-01,37.28,41.45,37.19,41.41,2376490.0,28517700
bitcoin,2017-03-02,1224.68,1262.13,1215.62,1251.01,368275000.0,19829800000
bitshares,2017-03-02,0.0034920000000000003,0.003692,0.003452,0.003629,122407.0,9028780
bytecoin-bcn,2017-03-02,5.9999999999999995e-05,6.3e-05,5.7999999999999994e-05,6.2e-05,52939.0,10997200
dash,2017-03-02,42.47,58.9,37.3,42.44,72796200.0,302911000
dogecoin,2017-03-02,0.000205,0.00021,0.000202,0.000206,203994.0,22238800
ethereum,2017-03-02,17.36,19.35,16.95,19.03,83627100.0,1550750000.0
ethereum-classic,2017-03-02,1.4,1.4,1.34,1.36,3776100.0,124927000.0
lisk,2017-03-02,0.104965,0.110891,0.095652,0.10943499999999999,215899.0,10895600.0
litecoin,2017-03-02,3.8,4.11,3.78,3.92,9439480.0,189785000
monero,2017-03-02,12.26,13.33,12.1,13.11,7161980.0,172124000
nem,2017-03-02,0.007873999999999999,0.008965,0.007768000000000001,0.008818000000000001,442488.0,70867600
neo,2017-03-02,0.135408,0.135475,0.115596,0.119301,8963.0,6770400.0
ripple,2017-03-02,0.005419,0.006217,0.005408,0.005991,3811500.0,201301000
siacoin,2017-03-02,0.000357,0.0004,0.000333,0.000397,192232.0,8470430.0
steem,2017-03-02,0.09790800000000001,0.105983,0.091427,0.094939,82586.0,23191200
stellar,2017-03-02,0.001731,0.001895,0.001707,0.0017870000000000002,443801.0,12094900
verge,2017-03-02,2.5e-05,2.5e-05,1.2e-05,1.3000000000000001e-05,935.0,314109
zcash,2017-03-02,41.58,42.3,39.3,39.67,2385790.0,32105400
bitcoin,2017-03-03,1250.71,1280.31,1250.71,1274.99,315739000.0,20253700000
bitshares,2017-03-03,0.0036829999999999996,0.0037340000000000003,0.00349,0.003592,115801.0,9524500
bytecoin-bcn,2017-03-03,6.2e-05,6.2e-05,5.9999999999999995e-05,6.1e-05,89441.0,11290500
dash,2017-03-03,44.04,51.4,38.54,47.38,33651400.0,314220000
dogecoin,2017-03-03,0.000205,0.000213,0.000202,0.00021099999999999998,146345.0,22232700
ethereum,2017-03-03,19.04,20.67,18.41,19.46,95863400.0,1702140000.0
ethereum-classic,2017-03-03,1.37,1.44,1.35,1.44,4159960.0,122017000.0
lisk,2017-03-03,0.10853800000000001,0.12456800000000001,0.10707699999999999,0.109048,149754.0,11271100.0
litecoin,2017-03-03,3.92,4.0,3.9,3.92,7515680.0,196144000
monero,2017-03-03,13.1,14.61,12.86,13.91,7926590.0,183919000
nem,2017-03-03,0.008797,0.0102,0.008443,0.008887,937683.0,79174900
neo,2017-03-03,0.119272,0.124929,0.118119,0.12244400000000001,9499.0,5963600.0
ripple,2017-03-03,0.005988,0.006346,0.005968,0.006339,2703850.0,224009000
siacoin,2017-03-03,0.00038700000000000003,0.0004,0.000352,0.000383,161049.0,9190370.0
steem,2017-03-03,0.093624,0.096346,0.086272,0.090665,81996.0,22201600
stellar,2017-03-03,0.001786,0.00186,0.0017629999999999998,0.0017629999999999998,242064.0,12478800
verge,2017-03-03,1.3000000000000001e-05,3.7e-05,1.3000000000000001e-05,2.6000000000000002e-05,869.0,162686
zcash,2017-03-03,39.71,42.0,37.73,41.8,2223230.0,30944900
bitcoin,2017-03-04,1277.43,1279.4,1230.51,1255.15,183270000.0,20688800000
bitshares,2017-03-04,0.003592,0.0046700000000000005,0.003392,0.003447,136140.0,9288460
bytecoin-bcn,2017-03-04,6.1e-05,6.2e-05,5e-05,5e-05,40966.0,11213900
dash,2017-03-04,47.17,48.81,43.35,43.38,14949600.0,336628000
dogecoin,2017-03-04,0.00021099999999999998,0.000217,0.000195,0.000205,94177.0,22878400
ethereum,2017-03-04,19.52,20.05,18.62,18.62,27341900.0,1745140000.0
ethereum-classic,2017-03-04,1.44,1.48,1.4,1.43,2412650.0,128748000.0
lisk,2017-03-04,0.109329,0.11933099999999999,0.108901,0.115802,95676.0,11358000.0
litecoin,2017-03-04,3.91,3.92,3.86,3.88,3361400.0,195730000
monero,2017-03-04,13.93,14.24,13.37,13.67,2239270.0,195774000
nem,2017-03-04,0.008884,0.009639,0.008815,0.009567,392398.0,79956200
neo,2017-03-04,0.122602,0.125583,0.117666,0.119901,6235.0,6130100.0
ripple,2017-03-04,0.006354,0.006497,0.006278,0.006299,1372440.0,237670000
siacoin,2017-03-04,0.000383,0.000383,0.00035,0.000363,77945.0,9119250.0
steem,2017-03-04,0.092789,0.097082,0.089025,0.09534,85627.0,22085400
stellar,2017-03-04,0.001775,0.0018390000000000001,0.001743,0.0017530000000000002,104298.0,12401900
verge,2017-03-04,2.6000000000000002e-05,3.7e-05,1.3000000000000001e-05,1.3000000000000001e-05,332.0,329446
zcash,2017-03-04,41.86,43.63,39.92,41.64,1619630.0,32919300
bitcoin,2017-03-05,1254.29,1267.29,1238.06,1267.12,134127000.0,20316000000
bitshares,2017-03-05,0.003453,0.0035770000000000003,0.003437,0.003546,47728.0,8930140
bytecoin-bcn,2017-03-05,5e-05,6.2e-05,5e-05,6.1e-05,3964.0,9159120
dash,2017-03-05,43.14,44.82,39.68,42.31,12260100.0,307986000
dogecoin,2017-03-05,0.000204,0.00021099999999999998,0.000202,0.000206,69490.0,22162200
ethereum,2017-03-05,18.5,19.42,18.23,19.3,26816300.0,1655030000.0
ethereum-classic,2017-03-05,1.43,1.44,1.39,1.4,1580650.0,128238000.0
lisk,2017-03-05,0.11618099999999999,0.127668,0.115495,0.119649,203732.0,12074800.0
litecoin,2017-03-05,3.86,3.9,3.84,3.9,2836910.0,193336000
monero,2017-03-05,13.67,15.42,13.66,15.18,5455280.0,192123000
nem,2017-03-05,0.009595999999999999,0.011465000000000001,0.009329,0.011337999999999999,711024.0,86360400
neo,2017-03-05,0.119821,0.12368,0.116513,0.12175699999999999,4192.0,5991050.0
ripple,2017-03-05,0.00629,0.006389,0.006129,0.006129,1044760.0,235301000
siacoin,2017-03-05,0.000363,0.000367,0.00034700000000000003,0.000349,47053.0,8657100.0
steem,2017-03-05,0.095263,0.103939,0.08797999999999999,0.099061,141222.0,22747100
stellar,2017-03-05,0.001745,0.001782,0.001726,0.001738,105342.0,12190200
verge,2017-03-05,1.3000000000000001e-05,3.7e-05,1.3000000000000001e-05,2.5e-05,432.0,167029
zcash,2017-03-05,41.67,41.74,39.11,39.44,802597.0,33074800
bitcoin,2017-03-06,1267.47,1276.0,1264.6,1272.83,153657000.0,20531900000
bitshares,2017-03-06,0.0035399999999999997,0.0036479999999999998,0.00352,0.003638,125354.0,9156810
bytecoin-bcn,2017-03-06,5.1e-05,6.3e-05,5.1e-05,5.1e-05,1480.0,9313320
dash,2017-03-06,42.22,47.33,42.22,46.5,12933400.0,301783000
dogecoin,2017-03-06,0.00021,0.000213,0.000205,0.00021,111585.0,22762600
ethereum,2017-03-06,19.28,20.1,19.11,19.61,32432700.0,1725360000.0
ethereum-classic,2017-03-06,1.4,1.44,1.4,1.43,1172880.0,125032000.0
lisk,2017-03-06,0.118737,0.130935,0.118737,0.12493299999999999,103639.0,12345600.0
litecoin,2017-03-06,3.87,3.93,3.86,3.92,4393810.0,193846000
monero,2017-03-06,15.23,15.8,14.84,15.41,6913360.0,214098000
nem,2017-03-06,0.011066,0.01241,0.010495,0.010823000000000001,1425140.0,99597600
neo,2017-03-06,0.12178199999999999,0.12441700000000001,0.118414,0.12345,10659.0,6089100.0
ripple,2017-03-06,0.006129,0.006221,0.006047,0.006057,1023500.0,229280000
siacoin,2017-03-06,0.000356,0.00037999999999999997,0.00034500000000000004,0.00037799999999999997,49651.0,8487500.0
steem,2017-03-06,0.09914400000000001,0.100026,0.095323,0.096384,63415.0,23693700
stellar,2017-03-06,0.001732,0.001876,0.00173,0.001876,192854.0,12099700
verge,2017-03-06,2.5e-05,3.8e-05,1.3000000000000001e-05,2.5e-05,155.0,324450
zcash,2017-03-06,39.44,40.33,37.83,40.32,1250700.0,31577900
bitcoin,2017-03-07,1273.21,1275.55,1204.8,1223.54,291256000.0,20627100000
bitshares,2017-03-07,0.003662,0.003788,0.0036420000000000003,0.003679,141660.0,9472770
bytecoin-bcn,2017-03-07,6.1e-05,6.1e-05,4.8e-05,5.7999999999999994e-05,2624.0,11129200
dash,2017-03-07,46.57,46.92,44.14,45.68,9034640.0,332936000
dogecoin,2017-03-07,0.000206,0.000215,0.000205,0.00020899999999999998,169049.0,22346300
ethereum,2017-03-07,19.58,19.63,18.64,18.89,37972200.0,1752530000.0
ethereum-classic,2017-03-07,1.43,1.44,1.35,1.37,2220840.0,128228000.0
lisk,2017-03-07,0.125893,0.126539,0.114776,0.12034,134803.0,13095000.0
litecoin,2017-03-07,3.89,3.91,3.8,3.82,5619560.0,194991000
monero,2017-03-07,15.43,15.43,13.53,13.53,5928550.0,217011000
nano,2017-03-07,0.009104000000000001,0.009104000000000001,0.0076430000000000005,0.008675,23600.0,
nem,2017-03-07,0.010956,0.0117,0.010604,0.01097,625104.0,98602200
neo,2017-03-07,0.12345899999999999,0.12353099999999999,0.116952,0.122573,8291.0,6172950.0
ripple,2017-03-07,0.006057,0.0065769999999999995,0.005974,0.006534000000000001,2901920.0,226570000
siacoin,2017-03-07,0.00037799999999999997,0.00037999999999999997,0.000343,0.000346,62711.0,9023950.0
steem,2017-03-07,0.09662899999999999,0.097598,0.089219,0.091083,65633.0,23098800
stellar,2017-03-07,0.001987,0.002045,0.001861,0.0020109999999999998,434802.0,13883900
verge,2017-03-07,2.5e-05,2.6000000000000002e-05,1.3000000000000001e-05,2.4e-05,192.0,325815
zcash,2017-03-07,40.13,40.64,38.02,38.03,1051440.0,32420300
bitcoin,2017-03-08,1223.23,1232.16,1148.08,1150.0,332603000.0,19819800000
bitshares,2017-03-08,0.003679,0.003863,0.00366,0.003675,140506.0,9517250
bytecoin-bcn,2017-03-08,5.7999999999999994e-05,5.9e-05,4.6e-05,4.6e-05,2566.0,10649600
dash,2017-03-08,45.55,45.6,42.15,42.33,7640390.0,325712000
dogecoin,2017-03-08,0.00020899999999999998,0.000212,0.0002,0.00020800000000000001,242738.0,22643100
ethereum,2017-03-08,18.88,18.88,16.65,16.65,44304600.0,1690760000.0
ethereum-classic,2017-03-08,1.37,1.37,1.29,1.29,1960780.0,122982000.0
lisk,2017-03-08,0.12024800000000001,0.120397,0.109247,0.110449,142038.0,12513000.0
litecoin,2017-03-08,3.81,3.82,3.75,3.78,4594400.0,190712000
monero,2017-03-08,13.56,13.8,12.47,12.47,4244610.0,190803000
nano,2017-03-08,0.008672,0.009798000000000001,0.007781999999999999,0.009706999999999999,26158.0,351931.0
nem,2017-03-08,0.010967,0.011031000000000001,0.009253,0.009314,834043.0,98702100
neo,2017-03-08,0.122602,0.128715,0.11624200000000001,0.11624200000000001,5536.0,6130100.0
ripple,2017-03-08,0.006551,0.006776000000000001,0.006363000000000001,0.006509,3432500.0,245051000
siacoin,2017-03-08,0.000346,0.000359,0.00031800000000000003,0.00032599999999999996,114309.0,8270700.0
steem,2017-03-08,0.091343,0.092206,0.080539,0.080591,75555.0,21818000
stellar,2017-03-08,0.002007,0.002096,0.0018030000000000001,0.001835,310617.0,14024100
verge,2017-03-08,2.4e-05,3.5e-05,1.2e-05,1.3000000000000001e-05,37.0,312987
zcash,2017-03-08,38.03,38.17,35.56,35.74,1056640.0,30997800
bitcoin,2017-03-09,1150.35,1197.46,1141.23,1188.49,212283000.0,18640900000
bitshares,2017-03-09,0.003669,0.0037270000000000003,0.003486,0.003599,131407.0,9492520
bytecoin-bcn,2017-03-09,4.6e-05,5.9e-05,4.6e-05,5.6999999999999996e-05,6989.0,8400550
dash,2017-03-09,42.24,53.38,41.65,51.06,21013500.0,302128000
dogecoin,2017-03-09,0.000207,0.000212,0.000202,0.00021099999999999998,110162.0,22451000
ethereum,2017-03-09,16.64,17.87,16.37,17.75,31418400.0,1490500000.0
ethereum-classic,2017-03-09,1.29,1.33,1.28,1.32,1248670.0,115319000.0
lisk,2017-03-09,0.11053199999999999,0.123206,0.10946900000000001,0.11891600000000001,157196.0,11506700.0
litecoin,2017-03-09,3.77,3.84,3.76,3.84,3092100.0,188704000
monero,2017-03-09,12.46,13.53,12.39,13.03,3489930.0,175497000
nano,2017-03-09,0.008916,0.009998,0.006984999999999999,0.008343000000000001,27587.0,365399.0
nem,2017-03-09,0.009302,0.009553,0.008741,0.009042,606455.0,83721800
neo,2017-03-09,0.11626600000000001,0.140766,0.114151,0.132026,21035.0,5813300.0
ripple,2017-03-09,0.0064849999999999994,0.006606,0.006423000000000001,0.006498,2064660.0,242570000
siacoin,2017-03-09,0.000319,0.000344,0.00031600000000000004,0.00032599999999999996,38319.0,7639140.0
steem,2017-03-09,0.080702,0.08419299999999999,0.079385,0.081502,38270.0,19281500
stellar,2017-03-09,0.001843,0.001893,0.001732,0.00179,186214.0,12880500
verge,2017-03-09,1.3000000000000001e-05,3.5e-05,1.2e-05,2.4e-05,85.0,161766
zcash,2017-03-09,35.75,37.41,35.32,36.72,891767.0,29399200
bitcoin,2017-03-10,1189.36,1270.47,1077.25,1116.72,563796000.0,19275300000
bitshares,2017-03-10,0.003593,0.003708,0.00336,0.0035039999999999997,133175.0,9295780
bytecoin-bcn,2017-03-10,4.8e-05,5.9999999999999995e-05,4.4e-05,4.5e-05,1658.0,8684270
dash,2017-03-10,51.09,54.72,47.23,50.42,24723800.0,365561000
dogecoin,2017-03-10,0.00021099999999999998,0.000218,0.000198,0.000204,327829.0,22864300
ethereum,2017-03-10,17.74,19.66,17.68,19.33,87506800.0,1589640000.0
ethereum-classic,2017-03-10,1.33,1.38,1.23,1.3,4351910.0,118799000.0
lisk,2017-03-10,0.118843,0.12078699999999999,0.10446400000000002,0.11327899999999999,178964.0,12377100.0
litecoin,2017-03-10,3.83,3.88,3.73,3.75,7090150.0,191858000
monero,2017-03-10,13.05,13.62,12.35,13.21,10802800.0,183864000
nano,2017-03-10,0.008348999999999999,0.008461,0.006658,0.007292,27405.0,345494.0
nem,2017-03-10,0.009103,0.009898,0.00889,0.009141,562324.0,81923800
neo,2017-03-10,0.132107,0.14197200000000001,0.12008800000000001,0.131476,34319.0,6605350.0
ripple,2017-03-10,0.006503,0.006546,0.00605,0.006227,3144440.0,242488000
siacoin,2017-03-10,0.00032599999999999996,0.000346,0.000297,0.000315,152785.0,7810340.0
steem,2017-03-10,0.081153,0.084491,0.06919199999999999,0.07268200000000001,126925.0,19437700
stellar,2017-03-10,0.001784,0.0018899999999999998,0.0016170000000000002,0.0017329999999999997,344787.0,12464400
verge,2017-03-10,2.4e-05,3.5e-05,1.3000000000000001e-05,1.4999999999999999e-05,631.0,304321
zcash,2017-03-10,36.7,38.29,33.66,35.35,1938790.0,30440700
bitcoin,2017-03-11,1116.32,1193.83,1116.32,1175.83,283320000.0,18093700000
bitshares,2017-03-11,0.0034950000000000003,0.0037560000000000002,0.003486,0.0035789999999999997,84985.0,9043230
bytecoin-bcn,2017-03-11,4.5e-05,5.4000000000000005e-05,4.5e-05,5.4000000000000005e-05,2019.0,8197340
dash,2017-03-11,50.4,74.11,50.15,72.93,55127200.0,360708000
dogecoin,2017-03-11,0.000205,0.000213,0.0002,0.00021099999999999998,142059.0,22209200
ethereum,2017-03-11,19.37,21.59,19.01,21.47,69150100.0,1736630000.0
ethereum-classic,2017-03-11,1.3,1.39,1.3,1.38,1985600.0,116335000.0
lisk,2017-03-11,0.114474,0.11826500000000001,0.1109,0.111927,86252.0,11927000.0
litecoin,2017-03-11,3.76,3.84,3.75,3.8,3463740.0,188428000
monero,2017-03-11,13.12,14.76,13.01,14.69,6499310.0,184883000
nano,2017-03-11,0.0072900000000000005,0.00813,0.007228,0.007529999999999999,7099.0,304571.0
nem,2017-03-11,0.009063,0.010216,0.009007,0.009836,546893.0,81563800
neo,2017-03-11,0.131403,0.142793,0.129965,0.14214200000000002,32281.0,6570150.0
ripple,2017-03-11,0.006229,0.006383,0.00613,0.0062380000000000005,1818590.0,232266000
siacoin,2017-03-11,0.000315,0.00034500000000000004,0.000308,0.000332,59015.0,7555790.0
steem,2017-03-11,0.072658,0.076828,0.069533,0.07232999999999999,117421.0,17491200
stellar,2017-03-11,0.0017329999999999997,0.001823,0.001684,0.0017879999999999999,393229.0,12106000
verge,2017-03-11,1.4999999999999999e-05,2.6000000000000002e-05,1.3000000000000001e-05,2.4e-05,59.0,190322
zcash,2017-03-11,35.3,40.01,35.3,39.72,1681810.0,29530600
bitcoin,2017-03-12,1176.62,1226.98,1175.36,1221.38,227176000.0,19073300000
bitshares,2017-03-12,0.00358,0.003744,0.0035659999999999997,0.003704,162554.0,9265560
bytecoin-bcn,2017-03-12,5.4000000000000005e-05,5.6000000000000006e-05,4.5e-05,4.9e-05,1301.0,9846040
dash,2017-03-12,72.71,80.79,65.98,77.08,46099200.0,520543000
dogecoin,2017-03-12,0.000212,0.000229,0.000207,0.000229,320578.0,22957500
ethereum,2017-03-12,21.46,23.44,21.38,23.44,74628900.0,1924660000.0
ethereum-classic,2017-03-12,1.39,1.43,1.37,1.42,3137590.0,124142000.0
lisk,2017-03-12,0.111551,0.118127,0.10866500000000001,0.11324100000000001,160726.0,11627200.0
litecoin,2017-03-12,3.79,3.86,3.78,3.84,3373750.0,189874000
monero,2017-03-12,14.72,17.13,14.45,16.79,17931000.0,207508000
nano,2017-03-12,0.007534999999999999,0.007959,0.007276,0.007878,7882.0,317834.0
nem,2017-03-12,0.00984,0.010282,0.009794,0.009894,476100.0,88559500
neo,2017-03-12,0.142217,0.14357,0.131473,0.140575,36588.0,7110850.0
ripple,2017-03-12,0.006214,0.006313,0.006086,0.006255,1531030.0,231721000
siacoin,2017-03-12,0.000331,0.000386,0.00033,0.000367,159884.0,7955860.0
steem,2017-03-12,0.072461,0.076213,0.071868,0.072172,116132.0,17481900
stellar,2017-03-12,0.001796,0.0018629999999999999,0.001796,0.001847,352712.0,12548100
verge,2017-03-12,2.4e-05,3.1e-05,1.2e-05,2.9999999999999997e-05,297.0,301061
zcash,2017-03-12,39.88,40.96,38.05,40.16,1838160.0,33651900
bitcoin,2017-03-13,1221.78,1237.37,1217.03,1231.92,380277000.0,19807700000
bitshares,2017-03-13,0.0037189999999999996,0.004185,0.00371,0.004058,377294.0,9624490
bytecoin-bcn,2017-03-13,4.9e-05,5.9999999999999995e-05,4.5e-05,4.9e-05,34697.0,8913740
dash,2017-03-13,76.96,81.03,70.36,74.61,36706700.0,551120000
dogecoin,2017-03-13,0.000227,0.000261,0.000223,0.00024700000000000004,998448.0,24592300
ethereum,2017-03-13,23.5,30.6,23.5,28.59,255488000.0,2108300000.0
ethereum-classic,2017-03-13,1.42,1.67,1.42,1.65,9504840.0,127735000.0
lisk,2017-03-13,0.113317,0.134209,0.11228199999999999,0.12857000000000002,293186.0,11816200.0
litecoin,2017-03-13,3.85,4.25,3.83,4.17,22439100.0,192979000
monero,2017-03-13,16.8,19.32,16.69,18.13,19566500.0,236958000
nano,2017-03-13,0.00788,0.007982,0.007851,0.007947,7570.0,338303.0
nem,2017-03-13,0.009909000000000001,0.011575,0.009909000000000001,0.010914,1096580.0,89178800
neo,2017-03-13,0.140799,0.140823,0.127288,0.136979,23196.0,7039950.0
ripple,2017-03-13,0.006271,0.006429000000000001,0.006156,0.006385,2561890.0,233853000
siacoin,2017-03-13,0.000367,0.000421,0.000365,0.000404,476951.0,8843200.0
steem,2017-03-13,0.07175,0.09458899999999999,0.070811,0.086399,312298.0,17393000
stellar,2017-03-13,0.001859,0.00206,0.001859,0.0019649999999999997,667701.0,12990500
verge,2017-03-13,3.1e-05,3.3e-05,1.2e-05,2.4e-05,683.0,390260
zcash,2017-03-13,40.17,48.38,40.17,47.66,5846470.0,34184000
bitcoin,2017-03-14,1232.16,1244.81,1220.72,1240.0,245306000.0,19978200000
bitshares,2017-03-14,0.004059,0.004369,0.003972,0.004314,288304.0,10505500
bytecoin-bcn,2017-03-14,5e-05,5.3e-05,4.9e-05,5.1e-05,101430.0,9070520
dash,2017-03-14,74.61,91.39,73.37,88.24,37180000.0,534395000
dogecoin,2017-03-14,0.000241,0.00024700000000000004,0.000236,0.00023799999999999998,350586.0,26182600
ethereum,2017-03-14,28.57,29.93,27.32,28.65,101797000.0,2563700000.0
ethereum-classic,2017-03-14,1.65,1.78,1.63,1.66,9565220.0,148130000.0
lisk,2017-03-14,0.130063,0.18096199999999998,0.126184,0.146783,1078790.0,13568000.0
litecoin,2017-03-14,4.17,4.17,4.01,4.06,7928910.0,209412000
monero,2017-03-14,18.09,18.4,17.11,17.76,10072300.0,255287000
nano,2017-03-14,0.007948,0.007948,0.007935,0.007936,7559.0,344781.0
nem,2017-03-14,0.010944,0.011815,0.010886,0.011614,701027.0,98498700
neo,2017-03-14,0.136986,0.137204,0.127028,0.133681,23746.0,6849300.0
ripple,2017-03-14,0.006346,0.006406,0.0062770000000000005,0.006381,1358830.0,236634000
siacoin,2017-03-14,0.000414,0.00041500000000000006,0.000388,0.000408,189916.0,9980280.0
steem,2017-03-14,0.08645499999999999,0.095555,0.081616,0.08393099999999999,206112.0,20980400
stellar,2017-03-14,0.0019649999999999997,0.001997,0.001855,0.001918,389076.0,13732800
verge,2017-03-14,2.4e-05,3.7e-05,2.4e-05,2.5e-05,1111.0,311118
zcash,2017-03-14,47.75,47.78,43.45,45.12,2372830.0,40972200
bitcoin,2017-03-15,1240.16,1251.61,1239.75,1249.61,297805000.0,20110400000
bitshares,2017-03-15,0.0042840000000000005,0.005242,0.004239,0.005242,321743.0,11091000
bytecoin-bcn,2017-03-15,5.1e-05,5.2000000000000004e-05,5e-05,5.1e-05,59070.0,9235760
dash,2017-03-15,89.06,101.76,85.78,95.09,68173100.0,638133000
dogecoin,2017-03-15,0.00023799999999999998,0.000245,0.000231,0.00024300000000000002,395931.0,25820600
ethereum,2017-03-15,28.65,35.06,28.43,35.06,170344000.0,2571160000.0
ethereum-classic,2017-03-15,1.66,1.8,1.64,1.8,5906800.0,148644000.0
lisk,2017-03-15,0.146904,0.170264,0.142451,0.16717200000000002,575218.0,15331100.0
litecoin,2017-03-15,4.05,4.18,4.0,4.16,6571900.0,203099000
monero,2017-03-15,17.79,19.69,17.35,18.98,12265200.0,251092000
nem,2017-03-15,0.011616,0.011724,0.011042,0.011237,497301.0,104547000
neo,2017-03-15,0.133699,0.140774,0.128158,0.128653,16169.0,6684950.0
ripple,2017-03-15,0.006370000000000001,0.0065,0.006301,0.006314,1376090.0,237552000
siacoin,2017-03-15,0.000408,0.000411,0.000388,0.000393,108753.0,9849420.0
steem,2017-03-15,0.08392100000000001,0.08444700000000001,0.07356599999999999,0.07874,412096.0,20354500
stellar,2017-03-15,0.001918,0.002026,0.0019039999999999999,0.001953,482234.0,13401600
verge,2017-03-15,2.5e-05,4.2e-05,2.5e-05,2.8000000000000003e-05,528.0,314699
zcash,2017-03-15,45.06,46.26,43.24,45.73,2480490.0,38990000
bitcoin,2017-03-16,1251.33,1257.98,1152.44,1187.81,638568000.0,20293700000
bitshares,2017-03-16,0.004995,0.00594,0.004384000000000001,0.004424,405846.0,12932500
bytecoin-bcn,2017-03-16,5.1e-05,5.9999999999999995e-05,4.8e-05,5.6000000000000006e-05,35156.0,9294130
dash,2017-03-16,95.42,99.21,80.53,89.81,54538700.0,683888000
dogecoin,2017-03-16,0.000241,0.000244,0.00022799999999999999,0.00023500000000000002,448480.0,26181600
ethereum,2017-03-16,35.36,47.17,35.36,46.35,454418000.0,3174750000.0
ethereum-classic,2017-03-16,1.81,2.13,1.8,2.13,19379700.0,162466000.0
lisk,2017-03-16,0.171343,0.209961,0.157835,0.191859,955187.0,17889000.0
litecoin,2017-03-16,4.15,4.38,4.1,4.24,12755200.0,208204000
monero,2017-03-16,19.05,22.99,18.77,22.48,31673800.0,268957000
nem,2017-03-16,0.011268,0.011518,0.01064,0.011101999999999999,640608.0,101410000
neo,2017-03-16,0.128773,0.136685,0.12551400000000001,0.131867,20678.0,6438650.0
ripple,2017-03-16,0.006319,0.006409000000000001,0.006213000000000001,0.0063939999999999995,3860210.0,235622000
siacoin,2017-03-16,0.000393,0.00045999999999999996,0.000393,0.00043,398863.0,9503350.0
steem,2017-03-16,0.079437,0.112685,0.07259199999999999,0.095903,575024.0,19214100
stellar,2017-03-16,0.0019440000000000002,0.002,0.001861,0.00197,447895.0,13580400
verge,2017-03-16,2.8000000000000003e-05,3.6e-05,1.9e-05,2.7000000000000002e-05,126.0,363351
zcash,2017-03-16,45.65,50.7,45.65,48.78,3945410.0,39820700
bitcoin,2017-03-17,1180.16,1180.16,1099.57,1100.23,706599000.0,19141800000
bitshares,2017-03-17,0.0044020000000000005,0.005249,0.0043,0.005011,1090330.0,11398400
bytecoin-bcn,2017-03-17,5.5e-05,5.6999999999999996e-05,4.6e-05,4.6e-05,63823.0,10055700
dash,2017-03-17,89.56,100.04,81.95,99.14,44263600.0,642049000
dogecoin,2017-03-17,0.00023500000000000002,0.00023500000000000002,0.000218,0.000223,393182.0,25505900
ethereum,2017-03-17,45.93,55.11,38.21,46.83,497534000.0,4125480000.0
ethereum-classic,2017-03-17,2.09,2.22,1.81,1.91,20132500.0,187614000.0
lisk,2017-03-17,0.19456199999999998,0.19703900000000002,0.16431300000000001,0.16431300000000001,474332.0,20321500.0
litecoin,2017-03-17,4.23,4.23,4.04,4.06,11109600.0,212582000
monero,2017-03-17,22.57,26.21,20.16,22.35,36529400.0,318778000
nem,2017-03-17,0.011109,0.012009,0.010487999999999999,0.011788,829333.0,99976500
neo,2017-03-17,0.131324,0.166127,0.12285599999999999,0.139902,63413.0,6566200.0
ripple,2017-03-17,0.006406,0.006406,0.0059700000000000005,0.006116,3442010.0,239193000
siacoin,2017-03-17,0.000429,0.000429,0.000379,0.000388,254262.0,10372000.0
steem,2017-03-17,0.095127,0.156885,0.09464199999999999,0.127892,1659420.0,23006300
stellar,2017-03-17,0.001952,0.002016,0.001895,0.001957,469909.0,13641400
verge,2017-03-17,2.7000000000000002e-05,3.5e-05,1.2e-05,2.2e-05,449.0,342644
zcash,2017-03-17,49.12,53.54,46.33,48.27,5088250.0,43205000
bitcoin,2017-03-18,1099.69,1114.07,957.65,973.82,621302000.0,17838700000
bitshares,2017-03-18,0.0050030000000000005,0.0050869999999999995,0.0043950000000000005,0.004515,633333.0,12955900
bytecoin-bcn,2017-03-18,4.6e-05,5e-05,3.9e-05,4.2e-05,5451.0,8349220
dash,2017-03-18,101.04,120.52,95.06,109.24,74763700.0,724518000
dogecoin,2017-03-18,0.000223,0.00022799999999999999,0.000207,0.00021899999999999998,474001.0,24241700
ethereum,2017-03-18,46.87,46.87,31.7,34.16,262180000.0,4211830000.0
ethereum-classic,2017-03-18,1.91,1.91,1.65,1.7,9267590.0,171119000.0
lisk,2017-03-18,0.16448,0.19511099999999998,0.16004300000000002,0.174334,552518.0,17186500.0
litecoin,2017-03-18,4.04,4.16,3.86,3.97,12199700.0,202967000
monero,2017-03-18,22.27,22.27,18.6,20.07,16830500.0,314731000
nem,2017-03-18,0.011541,0.012305,0.011261,0.011956999999999999,930344.0,103870000
neo,2017-03-18,0.140006,0.172281,0.140006,0.158987,188985.0,7000300.0
ripple,2017-03-18,0.006137,0.007396,0.006118,0.00671,7223300.0,229142000
siacoin,2017-03-18,0.000388,0.000405,0.00035299999999999996,0.000375,203471.0,9397900.0
steem,2017-03-18,0.128833,0.35123000000000004,0.128833,0.176617,7214170.0,31114600
stellar,2017-03-18,0.00196,0.002096,0.00185,0.001877,691703.0,13693700
verge,2017-03-18,2.2e-05,2.5e-05,1e-05,2.5e-05,697.0,280114
zcash,2017-03-18,48.27,91.09,47.68,64.18,27275200.0,42797100
bitcoin,2017-03-19,976.73,1069.91,976.73,1036.74,406648000.0,15846000000
bitshares,2017-03-19,0.0044859999999999995,0.00486,0.0044,0.004797,363132.0,11617700
bytecoin-bcn,2017-03-19,4.2e-05,4.5e-05,4e-05,4.2e-05,34101.0,7685200
dash,2017-03-19,107.55,113.92,98.71,108.23,44670100.0,771412000
dogecoin,2017-03-19,0.00021899999999999998,0.00023999999999999998,0.000215,0.00023500000000000002,335532.0,23804000
ethereum,2017-03-19,35.53,47.0,35.34,44.74,239430000.0,3193600000.0
ethereum-classic,2017-03-19,1.71,2.0,1.71,1.92,6790520.0,153490000.0
lisk,2017-03-19,0.177649,0.19053699999999998,0.166261,0.186555,423163.0,18570200.0
litecoin,2017-03-19,3.96,4.03,3.9,3.96,6013050.0,198801000
monero,2017-03-19,20.11,24.61,20.11,23.29,22162500.0,284253000
nem,2017-03-19,0.011946,0.017394,0.011453,0.016474000000000003,2619470.0,107514000
neo,2017-03-19,0.159019,0.16301600000000002,0.149322,0.15755999999999998,68673.0,7950950.0
ripple,2017-03-19,0.006736,0.007198,0.006556,0.006912000000000001,4241970.0,251511000
siacoin,2017-03-19,0.000377,0.00041900000000000005,0.000363,0.00040300000000000004,123415.0,9127960.0
steem,2017-03-19,0.177156,0.24677800000000003,0.177156,0.198072,1740400.0,42399400
stellar,2017-03-19,0.001875,0.0020239999999999998,0.001843,0.001916,433766.0,13102600
verge,2017-03-19,2.5e-05,2.5e-05,1.2e-05,2.1e-05,839.0,317083
zcash,2017-03-19,63.48,80.33,59.49,69.89,13536800.0,56746400
bitcoin,2017-03-20,1037.24,1063.03,1036.68,1054.23,286530000.0,16829800000
bitshares,2017-03-20,0.004797,0.005906000000000001,0.0046689999999999995,0.005561,742686.0,12423600
bytecoin-bcn,2017-03-20,4.3e-05,4.4e-05,4.2e-05,4.4e-05,29355.0,7787200
dash,2017-03-20,108.16,110.66,99.53,100.05,25082500.0,776036000
dogecoin,2017-03-20,0.00023500000000000002,0.000239,0.000226,0.000236,339899.0,25573500
ethereum,2017-03-20,44.83,46.23,42.44,43.39,154701000.0,4031270000.0
ethereum-classic,2017-03-20,1.93,2.01,1.93,1.95,6100770.0,173892000.0
lisk,2017-03-20,0.18728499999999998,0.261113,0.184857,0.240709,1183900.0,19585400.0
litecoin,2017-03-20,3.95,4.05,3.89,4.03,4068240.0,198555000
monero,2017-03-20,23.3,24.82,22.44,22.51,10860900.0,329623000
nem,2017-03-20,0.016275,0.017497,0.013922,0.014328,2312320.0,146475000
neo,2017-03-20,0.157444,0.16254200000000002,0.149597,0.153898,68539.0,7872200.0
ripple,2017-03-20,0.006915,0.007112,0.006761,0.006975,3423710.0,258208000
siacoin,2017-03-20,0.00040300000000000004,0.000426,0.000388,0.000412,94529.0,9791970.0
steem,2017-03-20,0.199242,0.220602,0.15705,0.192157,1491150.0,46623200
stellar,2017-03-20,0.0019199999999999998,0.002,0.0019149999999999998,0.001995,370907.0,13414400
verge,2017-03-20,2.1e-05,2.1e-05,1.1e-05,2.1e-05,748.0,265266
zcash,2017-03-20,70.07,79.06,70.07,72.47,7465190.0,63138900
bitcoin,2017-03-21,1055.36,1122.43,1055.36,1120.54,337391000.0,17125600000
bitshares,2017-03-21,0.005581,0.006206000000000001,0.005412,0.005635,1134330.0,14454600
bytecoin-bcn,2017-03-21,4.4e-05,4.7e-05,4.3e-05,4.5e-05,21140.0,7995300
dash,2017-03-21,99.91,104.21,90.85,95.38,40860300.0,717014000
dogecoin,2017-03-21,0.000227,0.000248,0.000227,0.000246,243988.0,24666900
ethereum,2017-03-21,43.51,44.26,42.37,43.15,91265400.0,3913620000.0
ethereum-classic,2017-03-21,1.95,2.43,1.91,2.43,21455000.0,175087000.0
lisk,2017-03-21,0.24092199999999997,0.400428,0.24092199999999997,0.303869,6382180.0,25204800.0
litecoin,2017-03-21,4.04,4.04,3.98,4.01,4970080.0,202923000
monero,2017-03-21,22.62,23.05,20.68,21.29,18555800.0,320139000
nem,2017-03-21,0.014403000000000001,0.015972999999999998,0.013980000000000001,0.0158,1174180.0,129631000
neo,2017-03-21,0.153972,0.167727,0.15071500000000002,0.164934,234287.0,7698600.0
ripple,2017-03-21,0.006996,0.007075,0.006792,0.006909,3021440.0,261234000
siacoin,2017-03-21,0.000412,0.000646,0.000407,0.0005639999999999999,1418750.0,10023800.0
steem,2017-03-21,0.192331,0.209162,0.160178,0.160195,754587.0,44992600
stellar,2017-03-21,0.00198,0.002229,0.0019329999999999998,0.002187,619468.0,13835800
verge,2017-03-21,2.1e-05,2.2e-05,1.1e-05,1.2e-05,824.0,270034
zcash,2017-03-21,72.09,73.63,65.09,66.64,6927260.0,65476600
bitcoin,2017-03-22,1120.65,1120.65,1014.21,1049.14,380841000.0,18187100000
bitshares,2017-03-22,0.0056229999999999995,0.005778,0.00526,0.005691,403992.0,14565900
bytecoin-bcn,2017-03-22,4.5e-05,5.1e-05,4.1e-05,5.1e-05,3977.0,8256310
dash,2017-03-22,95.68,111.16,89.47,101.51,46138100.0,686887000
dogecoin,2017-03-22,0.000245,0.00024700000000000004,0.00023500000000000002,0.00024300000000000002,344528.0,26640300
ethereum,2017-03-22,43.12,43.52,39.69,42.34,113952000.0,3880120000.0
ethereum-classic,2017-03-22,2.43,2.51,2.25,2.4,18969200.0,218160000.0
lisk,2017-03-22,0.30566,0.30566,0.243729,0.285156,1726510.0,31990800.0
litecoin,2017-03-22,3.99,4.01,3.89,3.94,5949960.0,200521000
monero,2017-03-22,21.39,22.39,20.77,21.42,9699960.0,302815000
nem,2017-03-22,0.01581,0.017653,0.0153,0.016312,1313950.0,142286000
neo,2017-03-22,0.164951,0.179551,0.159475,0.17314300000000002,157814.0,8247550.0
ripple,2017-03-22,0.006908,0.00746,0.006881999999999999,0.007301,4652530.0,257915000
siacoin,2017-03-22,0.000567,0.000692,0.000545,0.0005809999999999999,960944.0,13796800.0
steem,2017-03-22,0.162071,0.179347,0.16151400000000002,0.167159,481751.0,37923800
stellar,2017-03-22,0.002186,0.002194,0.0019440000000000002,0.001983,432155.0,15530800
verge,2017-03-22,1.2e-05,3.1e-05,1.1e-05,3.1e-05,2983.0,148096
zcash,2017-03-22,66.15,71.21,64.69,69.22,4318140.0,60554100
bitcoin,2017-03-23,1050.05,1058.01,1028.93,1038.59,248540000.0,17043400000
bitshares,2017-03-23,0.005695,0.005789,0.005454,0.00562,223156.0,14752000
bytecoin-bcn,2017-03-23,5.1e-05,5.1e-05,4.2e-05,4.2e-05,3226.0,9258960
dash,2017-03-23,101.26,103.43,98.97,101.43,15500100.0,727130000
dogecoin,2017-03-23,0.000239,0.000245,0.00023500000000000002,0.000242,195765.0,25981500
ethereum,2017-03-23,42.57,44.75,41.3,43.68,100724000.0,3831310000.0
ethereum-classic,2017-03-23,2.39,2.4,2.24,2.29,7279450.0,215468000.0
lisk,2017-03-23,0.286611,0.307988,0.265448,0.265448,1102930.0,30009500.0
litecoin,2017-03-23,3.93,4.0,3.92,3.98,3354160.0,197783000
monero,2017-03-23,21.45,22.49,20.64,21.82,7419900.0,303834000
nem,2017-03-23,0.016316,0.0167,0.014816,0.015019999999999999,801946.0,146839000
neo,2017-03-23,0.173183,0.176421,0.156976,0.16641199999999998,38169.0,8659150.0
ripple,2017-03-23,0.0072840000000000005,0.010582,0.007258,0.010582,12315100.0,271965000
siacoin,2017-03-23,0.000596,0.0006259999999999999,0.000495,0.0005549999999999999,967037.0,14514300.0
steem,2017-03-23,0.169073,0.17039400000000002,0.156298,0.159054,355286.0,39601600
stellar,2017-03-23,0.001984,0.002251,0.0019809999999999997,0.002251,618716.0,14093500
verge,2017-03-23,3.1e-05,3.2e-05,2.1e-05,3.1e-05,2517.0,399839
zcash,2017-03-23,69.34,69.66,65.91,66.61,2369260.0,63969700
bitcoin,2017-03-24,1038.45,1040.47,934.36,937.52,491038000.0,16857000000
bitshares,2017-03-24,0.005579,0.005818,0.005314,0.00542,413267.0,14453800
bytecoin-bcn,2017-03-24,4.2e-05,5e-05,4e-05,4e-05,7446.0,7697080
dash,2017-03-24,101.58,108.86,94.87,97.27,33033000.0,729578000
dogecoin,2017-03-24,0.000242,0.000305,0.00023500000000000002,0.000264,1776640.0,26269700
ethereum,2017-03-24,43.64,54.14,43.21,53.11,297046000.0,3929230000.0
ethereum-classic,2017-03-24,2.29,2.48,2.27,2.41,12123700.0,206033000.0
lisk,2017-03-24,0.27009299999999997,0.289441,0.257284,0.257284,973098.0,28291600.0
litecoin,2017-03-24,3.97,4.13,3.94,4.08,12524300.0,199924000
monero,2017-03-24,21.85,22.28,20.86,21.1,13807600.0,309519000
nem,2017-03-24,0.014918,0.015216999999999998,0.01379,0.013890999999999999,918205.0,134264000
neo,2017-03-24,0.16641199999999998,0.178022,0.15928900000000001,0.166465,52184.0,8320600.0
ripple,2017-03-24,0.010528000000000001,0.010825,0.009134999999999999,0.010518000000000001,24493700.0,393620000
siacoin,2017-03-24,0.000562,0.000586,0.0004969999999999999,0.0004969999999999999,299515.0,13691700.0
steem,2017-03-24,0.159121,0.16338699999999998,0.14937999999999999,0.14991500000000002,438708.0,37396000
stellar,2017-03-24,0.002291,0.002419,0.002091,0.0021079999999999996,1801530.0,16279800
verge,2017-03-24,3.1e-05,3.1e-05,1.9e-05,1.9e-05,1567.0,393481
zcash,2017-03-24,66.57,73.43,63.65,64.59,9363870.0,61898800
bitcoin,2017-03-25,936.54,975.76,903.71,972.78,435803000.0,15204800000
bitshares,2017-03-25,0.005429,0.005522999999999999,0.004958,0.005184,434928.0,14065500
bytecoin-bcn,2017-03-25,4e-05,4.8e-05,3.8e-05,4e-05,4392.0,7235900
dash,2017-03-25,96.98,99.42,91.47,94.33,23040200.0,696738000
dogecoin,2017-03-25,0.000264,0.000298,0.00025,0.000298,1274960.0,28726800
ethereum,2017-03-25,53.58,53.58,48.31,51.25,223059000.0,4825700000.0
ethereum-classic,2017-03-25,2.42,2.43,2.28,2.28,7542960.0,218022000.0
lisk,2017-03-25,0.258235,0.295661,0.243635,0.269478,1064710.0,27060600.0
litecoin,2017-03-25,4.07,4.12,3.97,4.07,7904680.0,205034000
monero,2017-03-25,21.08,21.28,19.88,20.14,10858900.0,298839000
nem,2017-03-25,0.013931,0.014144,0.012025,0.012709999999999999,1267940.0,125381000
neo,2017-03-25,0.166941,0.167388,0.157475,0.167305,47641.0,8347050.0
ripple,2017-03-25,0.010502,0.010711,0.009040000000000001,0.009115999999999999,11334900.0,392674000
siacoin,2017-03-25,0.000505,0.000517,0.00046699999999999997,0.000495,280700.0,12336600.0
steem,2017-03-25,0.149101,0.198017,0.142351,0.180641,1531830.0,35091900
stellar,2017-03-25,0.002112,0.002168,0.001994,0.002016,600309.0,15006300
verge,2017-03-25,1.9e-05,2.8999999999999997e-05,1.8e-05,2.8999999999999997e-05,3310.0,240132
zcash,2017-03-25,64.77,66.48,63.15,63.4,4535020.0,60684200
bitcoin,2017-03-26,974.01,1007.96,954.19,966.73,303668000.0,15814800000
bitshares,2017-03-26,0.005185,0.0053490000000000005,0.005005,0.005142,174704.0,13434000
bytecoin-bcn,2017-03-26,4e-05,5e-05,3.8e-05,4.8e-05,6476.0,7220580
dash,2017-03-26,94.31,95.58,91.66,93.63,20996100.0,677736000
dogecoin,2017-03-26,0.000298,0.000309,0.000271,0.000272,1203110.0,32354300
ethereum,2017-03-26,50.77,51.8,49.28,50.52,106859000.0,4574540000.0
ethereum-classic,2017-03-26,2.28,2.38,2.28,2.31,4810060.0,205706000.0
lisk,2017-03-26,0.269307,0.486311,0.251469,0.268239,660583.0,28232500.0
litecoin,2017-03-26,4.07,4.1,4.03,4.06,3911060.0,204723000
monero,2017-03-26,20.16,20.57,19.29,19.61,7408990.0,285884000
nem,2017-03-26,0.012689,0.014127,0.012631999999999999,0.013527,602948.0,114201000
neo,2017-03-26,0.167267,0.175043,0.158772,0.160384,37656.0,8363350.0
ripple,2017-03-26,0.009159,0.00984,0.009079,0.009545,5475230.0,342448000
siacoin,2017-03-26,0.000495,0.000615,0.00048600000000000005,0.00061,456405.0,12103200.0
steem,2017-03-26,0.18143199999999998,0.194675,0.164168,0.16906300000000002,838104.0,42730300
stellar,2017-03-26,0.002009,0.002156,0.001959,0.002018,632107.0,14275300
verge,2017-03-26,2.8999999999999997e-05,2.9999999999999997e-05,1.9e-05,2.8999999999999997e-05,1524.0,372867
zcash,2017-03-26,63.56,65.66,59.24,59.93,3128110.0,60007100
bitcoin,2017-03-27,972.05,1046.4,971.98,1045.77,372535000.0,15785000000
bitshares,2017-03-27,0.0051530000000000005,0.005589,0.005111999999999999,0.005427,223561.0,13354800
bytecoin-bcn,2017-03-27,4.8e-05,5.2000000000000004e-05,3.9e-05,5.2000000000000004e-05,21644.0,8857890
dash,2017-03-27,93.63,93.98,78.89,85.66,45830500.0,673078000
dogecoin,2017-03-27,0.000278,0.000283,0.00023799999999999998,0.000254,1082440.0,30181600
ethereum,2017-03-27,51.31,52.46,48.93,49.67,118978000.0,4624990000.0
ethereum-classic,2017-03-27,2.36,2.37,2.12,2.13,7221650.0,212515000.0
lisk,2017-03-27,0.270922,0.322991,0.270922,0.286597,1907780.0,28413300.0
litecoin,2017-03-27,4.07,4.14,4.04,4.08,5162690.0,204793000
monero,2017-03-27,19.75,20.1,17.71,19.66,11887200.0,280203000
nem,2017-03-27,0.013597999999999999,0.013812,0.012871,0.013332,647927.0,122383000
neo,2017-03-27,0.161165,0.191642,0.160717,0.186426,201563.0,8058250.0
ripple,2017-03-27,0.009481999999999999,0.010053,0.009155,0.009597,6336150.0,354514000
siacoin,2017-03-27,0.0006129999999999999,0.0006219999999999999,0.000518,0.000537,544728.0,14997600.0
steem,2017-03-27,0.16982,0.184766,0.152853,0.155637,621524.0,40006500
stellar,2017-03-27,0.0020350000000000004,0.0021100000000000003,0.0018510000000000002,0.0018920000000000002,736513.0,14457100
verge,2017-03-27,2.8999999999999997e-05,3.1e-05,2e-05,3.1e-05,1982.0,369645
zcash,2017-03-27,60.04,62.01,54.18,54.54,3581290.0,57118900
bitcoin,2017-03-28,1044.58,1064.65,1027.73,1047.15,326332000.0,16964500000
bitshares,2017-03-28,0.0054399999999999995,0.005555,0.005171,0.005511,230442.0,14098000
bytecoin-bcn,2017-03-28,5.2000000000000004e-05,0.00044500000000000003,4.3e-05,0.00025699999999999996,5614880.0,9527800
dash,2017-03-28,84.28,90.63,80.93,87.89,24886900.0,606012000
dogecoin,2017-03-28,0.00024700000000000004,0.000286,0.000245,0.000273,708276.0,26824700
ethereum,2017-03-28,49.71,50.96,49.15,50.77,97745300.0,4482160000.0
ethereum-classic,2017-03-28,2.14,2.35,2.14,2.27,7125770.0,192717000.0
lisk,2017-03-28,0.287418,0.319706,0.284567,0.303948,927521.0,30155600.0
litecoin,2017-03-28,4.07,4.18,4.06,4.16,4297870.0,205012000
monero,2017-03-28,19.49,20.51,18.17,19.81,10061200.0,276545000
nem,2017-03-28,0.013330000000000002,0.014019,0.012497,0.013647,440369.0,119969000
neo,2017-03-28,0.186277,0.235749,0.180596,0.22063200000000002,821674.0,9313850.0
ripple,2017-03-28,0.009568,0.009644,0.00928,0.009514,3111280.0,357724000
siacoin,2017-03-28,0.000536,0.0006450000000000001,0.000518,0.000628,401527.0,13140800.0
steem,2017-03-28,0.15646300000000002,0.17677,0.147706,0.171042,480639.0,36814100
stellar,2017-03-28,0.0018989999999999999,0.002052,0.0018989999999999999,0.002043,570028.0,13495400
verge,2017-03-28,3.1e-05,4.2e-05,2.1e-05,3.1e-05,10556.0,396147
zcash,2017-03-28,54.67,73.46,54.61,64.69,9419650.0,52396100
bitcoin,2017-03-29,1046.08,1055.13,1015.88,1039.97,298458000.0,16990900000
bitshares,2017-03-29,0.005507,0.006878,0.005297,0.006193,1372580.0,14273700
bytecoin-bcn,2017-03-29,0.000256,0.000288,0.00010700000000000001,0.00013700000000000002,1093670.0,46833900
dash,2017-03-29,87.82,88.04,83.12,84.4,18209000.0,631616000
dogecoin,2017-03-29,0.000279,0.000281,0.000264,0.000272,399763.0,30343700
ethereum,2017-03-29,50.57,53.87,50.55,53.13,144998000.0,4561150000.0
ethereum-classic,2017-03-29,2.27,2.38,2.25,2.33,5549740.0,204442000.0
lisk,2017-03-29,0.30387,0.345001,0.29204,0.33773400000000003,1089920.0,31894700.0
litecoin,2017-03-29,4.14,4.2,4.09,4.19,8479960.0,208728000
monero,2017-03-29,19.88,21.34,19.28,21.14,6704720.0,282266000
nem,2017-03-29,0.013594,0.014891999999999999,0.013265,0.014891999999999999,648006.0,122347000
neo,2017-03-29,0.22065,0.22550599999999998,0.205719,0.21242800000000003,335567.0,11032500.0
ripple,2017-03-29,0.009526,0.010101,0.00952,0.010101,3344230.0,356171000
siacoin,2017-03-29,0.000617,0.0006259999999999999,0.000579,0.000607,217821.0,15144700.0
steem,2017-03-29,0.170317,0.171896,0.154378,0.159343,361902.0,40084800
stellar,2017-03-29,0.0020559999999999997,0.0021079999999999996,0.001907,0.001973,653952.0,14605700
verge,2017-03-29,3.1e-05,5.9e-05,2.9999999999999997e-05,5e-05,33895.0,401401
zcash,2017-03-29,64.96,67.71,61.76,63.36,2921400.0,62717300
bitcoin,2017-03-30,1042.21,1049.29,1020.04,1026.43,352969000.0,16929800000
bitshares,2017-03-30,0.006201,0.00656,0.00587,0.00626,653536.0,16074300
bytecoin-bcn,2017-03-30,0.00014099999999999998,0.000204,0.00010800000000000001,0.000172,32436.0,25760600
dash,2017-03-30,84.42,84.75,77.54,79.61,26036700.0,607325000
dogecoin,2017-03-30,0.000278,0.00032900000000000003,0.000265,0.000304,1673200.0,30229500
ethereum,2017-03-30,53.12,53.31,51.87,52.21,86885700.0,4793280000.0
ethereum-classic,2017-03-30,2.33,2.99,2.28,2.83,19426400.0,209841000.0
lisk,2017-03-30,0.33602600000000005,0.350706,0.309848,0.331256,893252.0,35284300.0
litecoin,2017-03-30,4.18,7.04,4.15,6.98,191251000.0,210627000
monero,2017-03-30,21.06,21.45,20.25,20.88,5993880.0,299146000
nano,2017-03-30,0.011288,0.011293000000000001,0.010515,0.010551999999999999,663.0,514290.0
nem,2017-03-30,0.014891999999999999,0.015137000000000001,0.013531999999999999,0.014036000000000002,496073.0,134032000
neo,2017-03-30,0.212468,0.22193000000000002,0.206085,0.210556,504940.0,10623400.0
ripple,2017-03-30,0.010125,0.014126,0.010125,0.013276,19821800.0,378563000
siacoin,2017-03-30,0.000607,0.000714,0.000603,0.000687,608691.0,14919600.0
steem,2017-03-30,0.159222,0.172745,0.15358,0.162995,657178.0,37505200
stellar,2017-03-30,0.002022,0.002375,0.001983,0.002302,1959610.0,14363300
verge,2017-03-30,5e-05,5.2000000000000004e-05,3.1e-05,4.1e-05,13082.0,639471
zcash,2017-03-30,63.26,67.48,61.75,66.95,4462730.0,61533300
bitcoin,2017-03-31,1026.64,1074.92,1026.64,1071.79,447287000.0,16679000000
bitshares,2017-03-31,0.006236,0.0076939999999999995,0.0061,0.0064329999999999995,1817370.0,16165000
bytecoin-bcn,2017-03-31,0.000135,0.000192,0.00011599999999999999,0.000165,393423.0,24724800
dash,2017-03-31,79.51,81.75,67.66,74.91,37471500.0,572175000
dogecoin,2017-03-31,0.000304,0.00036,0.000299,0.000328,2525700.0,33095800
ethereum,2017-03-31,51.75,51.77,47.38,50.04,151416000.0,4671190000.0
ethereum-classic,2017-03-31,2.8,2.99,2.6,2.83,24881200.0,252768000.0
lisk,2017-03-31,0.33021100000000003,0.34074099999999996,0.277549,0.309446,1263370.0,34687700.0
litecoin,2017-03-31,7.02,7.07,5.85,6.67,98922600.0,353860000
monero,2017-03-31,20.8,21.2,19.84,20.54,6955980.0,295489000
nano,2017-03-31,0.010554000000000001,0.015,0.010554000000000001,0.014469,7033.0,523142.0
nem,2017-03-31,0.013966999999999999,0.015281,0.013966999999999999,0.014928,691479.0,125699000
neo,2017-03-31,0.210236,0.21395300000000003,0.19650499999999999,0.203541,291529.0,10511800.0
ripple,2017-03-31,0.013049000000000002,0.021776,0.013049000000000002,0.020888999999999998,72699400.0,487885000
siacoin,2017-03-31,0.000688,0.000787,0.000644,0.000697,844709.0,16914400.0
steem,2017-03-31,0.163471,0.201773,0.163471,0.17235,1150220.0,38543500
stellar,2017-03-31,0.00227,0.002741,0.002169,0.002356,3674930.0,15866800
verge,2017-03-31,4.1e-05,5.3e-05,3.1e-05,4.3e-05,8038.0,524939
zcash,2017-03-31,66.93,78.47,66.93,70.26,6312930.0,65584900
bitcoin,2017-04-01,1071.71,1091.72,1061.09,1080.5,289634000.0,17413000000
bitshares,2017-04-01,0.006451999999999999,0.006927,0.006232,0.0068390000000000005,555132.0,16726700
bytecoin-bcn,2017-04-01,0.00016999999999999999,0.000194,0.000154,0.000194,236356.0,31013500
dash,2017-04-01,74.3,74.3,66.85,68.6,17542100.0,534806000
dogecoin,2017-04-01,0.000333,0.000349,0.000317,0.000335,1030280.0,36208400
ethereum,2017-04-01,50.03,51.93,48.88,50.7,92461900.0,4517510000.0
ethereum-classic,2017-04-01,2.82,2.82,2.75,2.76,6321790.0,254292000.0
lisk,2017-04-01,0.310093,0.31548699999999996,0.29083200000000003,0.31423,477805.0,32586900.0
litecoin,2017-04-01,6.65,6.98,6.31,6.88,57711700.0,335526000
monero,2017-04-01,20.52,21.53,19.23,21.5,7622780.0,291737000
nano,2017-04-01,0.015326,0.016124,0.012790000000000001,0.013506,5475.0,765809.0
nem,2017-04-01,0.014921,0.019150999999999998,0.014803,0.017632,2447890.0,134287000
neo,2017-04-01,0.20360599999999998,0.20615300000000003,0.19444,0.205017,109993.0,10180300.0
ripple,2017-04-01,0.021743000000000002,0.022798,0.019663999999999997,0.021892,30657700.0,812963000
siacoin,2017-04-01,0.0007019999999999999,0.0007019999999999999,0.0006360000000000001,0.000668,243441.0,17277600.0
steem,2017-04-01,0.172285,0.185144,0.168185,0.174065,388243.0,40619400
stellar,2017-04-01,0.002349,0.00271,0.00232,0.0026309999999999997,1708130.0,16425600
verge,2017-04-01,4.3e-05,5.4000000000000005e-05,3.2e-05,5.4000000000000005e-05,2805.0,547029
zcash,2017-04-01,70.17,73.51,64.42,64.59,3451690.0,69257500
bitcoin,2017-04-02,1080.61,1107.59,1075.45,1102.17,514187000.0,17559400000
bitshares,2017-04-02,0.006853,0.01254,0.006675,0.010667,5820790.0,17767800
bytecoin-bcn,2017-04-02,0.000192,0.000197,0.000136,0.000156,242886.0,34994100
dash,2017-04-02,68.26,71.2,54.95,57.07,26723500.0,491501000
dogecoin,2017-04-02,0.000336,0.0005269999999999999,0.000328,0.000489,4276890.0,36569400
ethereum,2017-04-02,50.74,51.27,45.43,48.75,134604000.0,4582700000.0
ethereum-classic,2017-04-02,2.75,2.82,2.52,2.64,10883300.0,248588000.0
lisk,2017-04-02,0.31312399999999996,0.31735599999999997,0.251297,0.271411,1075910.0,32919700.0
litecoin,2017-04-02,6.86,7.94,6.65,7.74,88560400.0,346209000
monero,2017-04-02,21.42,21.5,20.02,20.14,7427960.0,304574000
nano,2017-04-02,0.016209,0.016209,0.013456000000000001,0.014516,7652.0,816112.0
nem,2017-04-02,0.017555,0.018228,0.016028,0.016086000000000003,1424000.0,157994000
neo,2017-04-02,0.203584,0.20677600000000002,0.200261,0.20548000000000002,102369.0,10179200.0
ripple,2017-04-02,0.021938,0.07144099999999999,0.021696,0.061159000000000005,230622000.0,820232000
siacoin,2017-04-02,0.000668,0.0007379999999999999,0.000599,0.000615,617226.0,16484700.0
steem,2017-04-02,0.176401,0.183026,0.16054200000000002,0.164667,616998.0,41540800
stellar,2017-04-02,0.002607,0.004285,0.002513,0.004183,9856240.0,18385800
verge,2017-04-02,5.4000000000000005e-05,5.4000000000000005e-05,3.2e-05,4.4e-05,3778.0,684551
zcash,2017-04-02,64.57,67.63,61.48,63.73,4470820.0,64197700
bitcoin,2017-04-03,1102.95,1151.74,1102.95,1143.81,580444000.0,17924600000
bitshares,2017-04-03,0.01063,0.012822,0.008837000000000001,0.009262000000000001,4109690.0,27563700
bytecoin-bcn,2017-04-03,0.000156,0.000162,0.000129,0.000152,144607.0,28573300
dash,2017-04-03,56.73,65.87,47.1,61.76,42403200.0,408589000
dogecoin,2017-04-03,0.00049,0.000633,0.000405,0.00042699999999999997,8704480.0,53320000
ethereum,2017-04-03,48.82,48.82,43.41,44.36,190513000.0,4411030000.0
ethereum-classic,2017-04-03,2.65,2.77,2.51,2.6,9722960.0,239440000.0
lisk,2017-04-03,0.272624,0.29093600000000003,0.252567,0.270321,878806.0,28673600.0
litecoin,2017-04-03,7.74,8.64,7.24,8.07,114179000.0,390802000
monero,2017-04-03,20.16,21.16,19.94,20.33,7080440.0,286817000
nano,2017-04-03,0.015165999999999999,0.015452,0.013585,0.01487,3806.0,769655.0
nem,2017-04-03,0.016130000000000002,0.02229,0.016130000000000002,0.02,3046200.0,145174000
neo,2017-04-03,0.205808,0.205959,0.196132,0.199703,104805.0,10290400.0
ripple,2017-04-03,0.060291,0.061594,0.027447000000000003,0.033023000000000004,155550000.0,2261800000
siacoin,2017-04-03,0.000606,0.0006889999999999999,0.000606,0.000646,319478.0,14962200.0
steem,2017-04-03,0.164939,0.179739,0.164939,0.173645,510023.0,38824200
stellar,2017-04-03,0.004118,0.004982,0.002914,0.003124,7365010.0,29039100
verge,2017-04-03,4.4e-05,5.6999999999999996e-05,3.4e-05,4.6e-05,9091.0,565676
zcash,2017-04-03,64.04,66.15,61.72,63.45,4457090.0,64128500
bitcoin,2017-04-04,1145.52,1156.44,1120.52,1133.25,436310000.0,18619000000
bitshares,2017-04-04,0.009394,0.009738,0.008462,0.009042,1326610.0,24360700
bytecoin-bcn,2017-04-04,0.00014199999999999998,0.000154,0.000132,0.00014099999999999998,55268.0,26031600
dash,2017-04-04,63.42,71.84,57.89,69.07,33869600.0,456882000
dogecoin,2017-04-04,0.00043200000000000004,0.00049,0.00040899999999999997,0.00043200000000000004,3070990.0,47001200
ethereum,2017-04-04,43.92,45.74,41.72,44.64,157568000.0,3969730000.0
ethereum-classic,2017-04-04,2.6,2.71,2.58,2.67,6273250.0,235018000.0
lisk,2017-04-04,0.27174,0.27816,0.252835,0.2656,398036.0,28592300.0
litecoin,2017-04-04,8.12,8.96,7.53,8.29,129208000.0,409793000
monero,2017-04-04,20.33,21.51,19.87,21.35,7062530.0,289275000
nano,2017-04-04,0.013975,0.015142,0.012433,0.012636,2912.0,714851.0
nem,2017-04-04,0.019975,0.019975,0.017202000000000002,0.018258,1116120.0,179777000
neo,2017-04-04,0.199874,0.20259100000000002,0.181038,0.185002,148096.0,9993700.0
ripple,2017-04-04,0.033032,0.040701999999999995,0.028324000000000002,0.037455,78538100.0,1239170000
siacoin,2017-04-04,0.000646,0.000683,0.00057,0.000583,392386.0,15968600.0
steem,2017-04-04,0.17344500000000002,0.18223399999999998,0.158891,0.166656,418978.0,40843400
stellar,2017-04-04,0.003152,0.0033380000000000003,0.002826,0.003046,2078250.0,22227000
verge,2017-04-04,4.6e-05,5.7999999999999994e-05,3.4e-05,4.5e-05,5269.0,587608
zcash,2017-04-04,63.5,64.0,60.77,62.7,5109820.0,64046000
bitcoin,2017-04-05,1134.14,1135.09,1113.63,1124.78,414784000.0,18435700000
bitshares,2017-04-05,0.009101,0.010005,0.008693000000000001,0.009294,1207520.0,23604200
bytecoin-bcn,2017-04-05,0.00014099999999999998,0.000151,0.000135,0.000146,47245.0,25796100
dash,2017-04-05,69.12,77.6,66.35,74.37,31084000.0,498097000
dogecoin,2017-04-05,0.00043799999999999997,0.00044500000000000003,0.00042199999999999996,0.000442,1696750.0,47651800
ethereum,2017-04-05,44.66,47.84,44.54,45.3,119733000.0,4037940000.0
ethereum-classic,2017-04-05,2.68,2.8,2.65,2.76,5603160.0,241974000.0
lisk,2017-04-05,0.264887,0.288367,0.255288,0.28097300000000003,432126.0,27882600.0
litecoin,2017-04-05,8.25,11.42,7.96,11.09,217834000.0,416432000
monero,2017-04-05,21.31,21.62,19.58,19.62,9188050.0,303396000
nano,2017-04-05,0.012646,0.01406,0.008653000000000001,0.010157,3281.0,651912.0
nem,2017-04-05,0.018288,0.018327,0.016803,0.017454,703122.0,164592000
neo,2017-04-05,0.185082,0.192548,0.182758,0.184719,102043.0,9254100.0
ripple,2017-04-05,0.037386,0.040178,0.035213999999999995,0.035544,42360300.0,1402530000
siacoin,2017-04-05,0.000584,0.000653,0.0005769999999999999,0.000644,229181.0,14449600.0
steem,2017-04-05,0.166784,0.173091,0.164856,0.16626300000000002,363582.0,39291200
stellar,2017-04-05,0.003006,0.003481,0.002945,0.0031309999999999997,2314330.0,21195500
verge,2017-04-05,4.5e-05,5.6999999999999996e-05,3.4e-05,4.5e-05,3508.0,579499
zcash,2017-04-05,62.59,63.28,58.05,59.08,5402150.0,63575400
bitcoin,2017-04-06,1125.81,1188.37,1125.81,1182.68,511222000.0,18302600000
bitshares,2017-04-06,0.009242,0.009418000000000001,0.00821,0.008515,771102.0,23971900
bytecoin-bcn,2017-04-06,0.000146,0.000148,0.000127,0.00013000000000000002,47901.0,26610500
dash,2017-04-06,74.45,74.45,64.28,66.53,21464900.0,537046000
dogecoin,2017-04-06,0.000437,0.000487,0.000436,0.00045,2738610.0,47611700
ethereum,2017-04-06,45.22,45.64,40.9,43.24,147120000.0,4089930000.0
ethereum-classic,2017-04-06,2.75,2.81,2.46,2.68,10892200.0,248631000.0
lisk,2017-04-06,0.280484,0.280484,0.237123,0.264481,496981.0,29536500.0
litecoin,2017-04-06,11.12,11.45,9.66,10.25,194300000.0,561808000
monero,2017-04-06,19.59,19.95,18.33,19.27,11553100.0,278971000
nano,2017-04-06,0.010166,0.011585,0.009119,0.010289,2073.0,528160.0
nem,2017-04-06,0.017481,0.017953999999999998,0.015952,0.016597,876617.0,157325000
neo,2017-04-06,0.18476700000000001,0.19045499999999999,0.18423399999999998,0.18642999999999998,82505.0,9238350.0
ripple,2017-04-06,0.035672,0.036843,0.029463,0.032665,48264600.0,1338210000
siacoin,2017-04-06,0.0006450000000000001,0.0006580000000000001,0.000608,0.00064,249819.0,15975000.0
steem,2017-04-06,0.165463,0.172493,0.15027000000000001,0.164358,377334.0,39014200
stellar,2017-04-06,0.00314,0.00339,0.002754,0.0028239999999999997,1977700.0,22141500
verge,2017-04-06,4.5e-05,5.9e-05,3.4e-05,5.9e-05,5709.0,575903
zcash,2017-04-06,59.17,59.35,53.7,57.9,5816800.0,60520700
bitcoin,2017-04-07,1178.94,1186.58,1163.39,1176.9,317022000.0,19168500000
bitshares,2017-04-07,0.008528,0.00867,0.008064,0.008352,574502.0,22121100
bytecoin-bcn,2017-04-07,0.000138,0.000138,0.00010800000000000001,0.000128,66058.0,25244800
dash,2017-04-07,66.47,69.96,64.11,66.19,13046400.0,479637000
dogecoin,2017-04-07,0.00045599999999999997,0.000458,0.00038700000000000003,0.000398,2669470.0,49634000
ethereum,2017-04-07,42.87,44.04,41.65,42.16,81474700.0,3878210000.0
ethereum-classic,2017-04-07,2.67,2.74,2.56,2.73,5287300.0,241422000.0
lisk,2017-04-07,0.26360500000000003,0.266058,0.243614,0.245959,322996.0,27770500.0
litecoin,2017-04-07,10.22,10.56,9.19,9.37,94765600.0,516533000
monero,2017-04-07,19.32,20.07,18.95,19.39,5499430.0,275287000
nano,2017-04-07,0.010256999999999999,0.01113,0.008794,0.009285999999999999,2405.0,536985.0
nem,2017-04-07,0.016590999999999998,0.017712000000000002,0.016456000000000002,0.016876,537684.0,149323000
neo,2017-04-07,0.187871,0.192661,0.18479600000000002,0.188531,81618.0,9393550.0
ripple,2017-04-07,0.03274,0.036935,0.030788999999999997,0.036319,36825000.0,1228290000
siacoin,2017-04-07,0.000638,0.000644,0.000559,0.000592,251943.0,15836500.0
steem,2017-04-07,0.164673,0.164673,0.147311,0.150631,287109.0,38851400
stellar,2017-04-07,0.0028079999999999997,0.002945,0.002646,0.0027670000000000004,2167870.0,19799100
verge,2017-04-07,5.9e-05,5.9e-05,4.7e-05,4.7e-05,2566.0,752932
zcash,2017-04-07,57.78,61.35,55.39,59.8,3267540.0,59523300
bitcoin,2017-04-08,1172.65,1184.98,1162.58,1175.95,209312000.0,19068600000
bitshares,2017-04-08,0.008334000000000001,0.008675,0.008161,0.008591,288126.0,21619400
bytecoin-bcn,2017-04-08,0.000127,0.000131,0.00011599999999999999,0.000118,23935.0,23239000
dash,2017-04-08,66.08,68.89,65.5,67.75,10316300.0,476916000
dogecoin,2017-04-08,0.000398,0.000433,0.000398,0.00043200000000000004,1249660.0,43374600
ethereum,2017-04-08,41.8,45.21,41.73,44.31,74138800.0,3783000000.0
ethereum-classic,2017-04-08,2.71,2.77,2.63,2.72,6855690.0,244756000.0
lisk,2017-04-08,0.24644499999999997,0.285534,0.241463,0.27284200000000003,504917.0,25973300.0
litecoin,2017-04-08,9.34,10.35,9.33,9.92,58489100.0,471828000
monero,2017-04-08,19.31,21.46,19.0,20.83,6218750.0,275199000
nano,2017-04-08,0.009252,0.011484999999999999,0.009149,0.009678,3539.0,488101.0
nem,2017-04-08,0.016816,0.019124000000000002,0.016652,0.018438999999999997,566747.0,151344000
neo,2017-04-08,0.18945599999999999,0.193674,0.188398,0.190221,54654.0,9472800.0
ripple,2017-04-08,0.036355,0.036894,0.034932,0.035849,14782600.0,1363900000
siacoin,2017-04-08,0.0005809999999999999,0.000608,0.000538,0.000598,193141.0,14427500.0
steem,2017-04-08,0.14924400000000002,0.172478,0.14636300000000002,0.162552,328346.0,35230200
stellar,2017-04-08,0.002746,0.003078,0.002724,0.00292,1112600.0,24869500
verge,2017-04-08,4.7e-05,5.9e-05,4.6e-05,4.7e-05,1570.0,601052
zcash,2017-04-08,59.53,65.48,57.62,63.58,3732900.0,61741700
bitcoin,2017-04-09,1176.57,1197.21,1171.86,1187.87,242343000.0,19134400000
bitshares,2017-04-09,0.008544,0.008827,0.007997,0.008262,667866.0,22165700
bytecoin-bcn,2017-04-09,0.000118,0.00014199999999999998,0.000118,0.00013000000000000002,47959.0,21585600
dash,2017-04-09,67.8,68.29,64.55,64.7,8535590.0,489452000
dogecoin,2017-04-09,0.00043,0.00043099999999999996,0.00037400000000000004,0.000381,1720980.0,46844000
ethereum,2017-04-09,44.28,44.49,42.89,43.27,55143000.0,4009010000.0
ethereum-classic,2017-04-09,2.72,2.72,2.58,2.64,6335860.0,245821000.0
lisk,2017-04-09,0.279514,0.295329,0.252415,0.262574,491350.0,29470500.0
litecoin,2017-04-09,9.89,10.01,8.43,8.71,90963300.0,499887000
monero,2017-04-09,20.84,21.31,19.75,20.68,5711770.0,297207000
nano,2017-04-09,0.009683,0.010795,0.0077540000000000005,0.008327,3134.0,514567.0
nem,2017-04-09,0.018456999999999998,0.021084000000000002,0.018394,0.020015,1427210.0,166109000
neo,2017-04-09,0.189679,0.191026,0.18631199999999998,0.188861,97362.0,9483950.0
ripple,2017-04-09,0.035799,0.035799,0.032327,0.03402,15695600.0,1343050000
siacoin,2017-04-09,0.000589,0.000643,0.0005780000000000001,0.000588,228646.0,14658700.0
steem,2017-04-09,0.161858,0.169923,0.150591,0.154306,294776.0,38255600
stellar,2017-04-09,0.0029100000000000003,0.002939,0.0027010000000000003,0.002745,1153510.0,26356300
verge,2017-04-09,4.7e-05,4.8e-05,3.5e-05,4.7e-05,4320.0,600216
zcash,2017-04-09,63.53,78.56,62.1,62.55,10584900.0,66355600
bitcoin,2017-04-10,1187.3,1190.34,1179.04,1187.13,215883000.0,19311200000
bitshares,2017-04-10,0.008251999999999999,0.008471,0.007932,0.008456,331709.0,21410600
bytecoin-bcn,2017-04-10,0.00013000000000000002,0.00014199999999999998,0.00011899999999999999,0.000131,55222.0,23803600
dash,2017-04-10,64.73,65.4,60.06,61.31,12222700.0,467460000
dogecoin,2017-04-10,0.000381,0.0004,0.000368,0.0004,1181340.0,41439300
ethereum,2017-04-10,43.28,44.14,42.42,43.44,44061500.0,3919520000.0
ethereum-classic,2017-04-10,2.64,2.65,2.53,2.6,5163570.0,239316000.0
lisk,2017-04-10,0.262175,0.277104,0.25964,0.26879200000000003,194765.0,27653600.0
litecoin,2017-04-10,8.72,9.2,8.19,8.92,74425700.0,440977000
monero,2017-04-10,20.69,22.41,20.52,21.83,6591730.0,295155000
nano,2017-04-10,0.008347,0.010546999999999999,0.0074069999999999995,0.008487999999999999,2314.0,446895.0
nem,2017-04-10,0.020442,0.021616999999999997,0.019865999999999998,0.020881,935290.0,183982000
neo,2017-04-10,0.188842,0.22073299999999998,0.186149,0.20787399999999998,208420.0,9442100.0
ripple,2017-04-10,0.034123,0.035091000000000004,0.032806,0.033598,12012700.0,1280150000
siacoin,2017-04-10,0.000597,0.000627,0.000583,0.0006129999999999999,98485.0,14857800.0
steem,2017-04-10,0.154621,0.158095,0.150068,0.15611,159431.0,36567600
stellar,2017-04-10,0.002752,0.002826,0.002671,0.002788,584656.0,24924900
verge,2017-04-10,4.7e-05,5.9e-05,3.5e-05,4.7e-05,4472.0,607283
zcash,2017-04-10,62.77,68.89,62.77,64.82,4183730.0,66021000
bitcoin,2017-04-11,1187.46,1208.07,1187.46,1205.01,216182000.0,19316000000
bitshares,2017-04-11,0.008458,0.008462,0.008149,0.008297,237886.0,21945200
bytecoin-bcn,2017-04-11,0.00014099999999999998,0.000143,0.000131,0.00014199999999999998,34268.0,25848600
dash,2017-04-11,61.3,62.5,59.23,60.53,12016500.0,442808000
dogecoin,2017-04-11,0.000396,0.0004,0.000381,0.00039,694146.0,43149100
ethereum,2017-04-11,43.5,44.25,43.3,43.41,38303300.0,3941100000.0
ethereum-classic,2017-04-11,2.6,2.6,2.54,2.54,3092580.0,235280000.0
lisk,2017-04-11,0.268876,0.274773,0.256127,0.262838,255568.0,28371900.0
litecoin,2017-04-11,8.91,9.28,8.66,8.85,50700000.0,450735000
monero,2017-04-11,21.8,21.89,21.12,21.36,5356450.0,311171000
nano,2017-04-11,0.008490000000000001,0.010662999999999999,0.008448,0.009761,4614.0,457989.0
nem,2017-04-11,0.020727000000000002,0.021008000000000002,0.019627000000000002,0.019801,624476.0,186548000
neo,2017-04-11,0.20902300000000001,0.211772,0.189697,0.197826,257457.0,10451200.0
ripple,2017-04-11,0.033677,0.034575999999999996,0.032035,0.032951999999999995,11301000.0,1263420000
siacoin,2017-04-11,0.000614,0.000926,0.000608,0.000865,4743150.0,15289000.0
steem,2017-04-11,0.155222,0.159191,0.154348,0.15573800000000002,154451.0,36726100
stellar,2017-04-11,0.0028079999999999997,0.00282,0.0027429999999999998,0.002782,464053.0,25429600
verge,2017-04-11,4.7e-05,7.2e-05,4.7e-05,5.9999999999999995e-05,12849.0,607681
zcash,2017-04-11,64.91,65.4,61.51,61.83,3188750.0,68728500
bitcoin,2017-04-12,1204.81,1207.14,1196.76,1200.37,288702000.0,19600800000
bitshares,2017-04-12,0.008298,0.008918,0.008117000000000001,0.008711,368844.0,21533000
bytecoin-bcn,2017-04-12,0.00014199999999999998,0.00014199999999999998,0.000131,0.000132,47206.0,25892300
dash,2017-04-12,60.71,68.48,59.15,68.0,21914300.0,438679000
dogecoin,2017-04-12,0.000388,0.00041500000000000006,0.00038700000000000003,0.000414,940905.0,42298500
ethereum,2017-04-12,43.46,47.23,43.11,46.29,88045700.0,3938930000.0
ethereum-classic,2017-04-12,2.54,2.66,2.52,2.62,4452230.0,229734000.0
lisk,2017-04-12,0.262921,0.274415,0.257995,0.267817,262867.0,27754900.0
litecoin,2017-04-12,8.83,11.06,8.83,10.79,159255000.0,446780000
monero,2017-04-12,21.32,22.11,21.25,21.76,6401630.0,304441000
nano,2017-04-12,0.009759,0.010803,0.00869,0.009483,2813.0,530335.0
nem,2017-04-12,0.019712999999999998,0.020753,0.019696,0.020753,352057.0,177420000
neo,2017-04-12,0.198357,0.200199,0.191723,0.195553,192252.0,9917850.0
ripple,2017-04-12,0.033002,0.034794,0.032477,0.034336,13437000.0,1238110000
siacoin,2017-04-12,0.0008550000000000001,0.0009199999999999999,0.000772,0.0008410000000000001,1726060.0,21322400.0
steem,2017-04-12,0.15570699999999998,0.165025,0.151133,0.16348900000000002,261809.0,36844500
stellar,2017-04-12,0.002768,0.003166,0.0027660000000000002,0.003036,1672850.0,25068200
verge,2017-04-12,5.9999999999999995e-05,7.2e-05,4.8e-05,5.9999999999999995e-05,8396.0,769853
zcash,2017-04-12,61.9,63.14,60.03,62.0,3425370.0,65983600
bitcoin,2017-04-13,1201.02,1205.89,1156.44,1169.28,351969000.0,19541300000
bitshares,2017-04-13,0.008707,0.009297,0.008657,0.008854,767462.0,22595700
bytecoin-bcn,2017-04-13,0.000132,0.000162,0.000129,0.000151,154737.0,24101800
dash,2017-04-13,68.1,76.26,65.76,72.57,29296100.0,492196000
dogecoin,2017-04-13,0.00041500000000000006,0.00043799999999999997,0.00040599999999999995,0.000425,1421850.0,45210200
ethereum,2017-04-13,46.31,50.91,46.31,50.22,157200000.0,4198420000.0
ethereum-classic,2017-04-13,2.62,2.66,2.6,2.62,5216010.0,237470000.0
lisk,2017-04-13,0.26816799999999996,0.293975,0.261594,0.287101,428610.0,28320300.0
litecoin,2017-04-13,10.76,10.77,9.93,10.15,64187400.0,544751000
monero,2017-04-13,21.69,22.08,21.44,21.48,5980210.0,309846000
nano,2017-04-13,0.00926,0.010607,0.009119,0.010372,4171.0,506925.0
nem,2017-04-13,0.020804,0.021879,0.020355,0.021136000000000002,913704.0,187240000
neo,2017-04-13,0.193966,0.19601300000000002,0.190089,0.191686,147722.0,9698300.0
ripple,2017-04-13,0.034459,0.035574,0.033461000000000005,0.034383,15872400.0,1292790000
siacoin,2017-04-13,0.0008410000000000001,0.0008619999999999999,0.000801,0.000824,478334.0,21001500.0
steem,2017-04-13,0.163581,0.165954,0.156822,0.160473,338387.0,38725000
stellar,2017-04-13,0.0030210000000000002,0.0030989999999999998,0.0029760000000000003,0.0030600000000000002,940308.0,28128200
verge,2017-04-13,5.9999999999999995e-05,5.9999999999999995e-05,4.6e-05,4.7e-05,4002.0,803962
zcash,2017-04-13,62.07,64.82,61.27,64.66,4322200.0,66613800
bitcoin,2017-04-14,1170.33,1190.8,1159.79,1167.54,254827000.0,19043800000
bitshares,2017-04-14,0.008865999999999999,0.009656999999999999,0.008664,0.009370999999999999,703626.0,23009500
bytecoin-bcn,2017-04-14,0.000151,0.00016299999999999998,0.000129,0.00014,197380.0,27556400
dash,2017-04-14,72.61,73.54,68.54,70.77,15477900.0,524892000
dogecoin,2017-04-14,0.00043099999999999996,0.000455,0.000421,0.000426,1462360.0,47004900
ethereum,2017-04-14,49.97,50.05,46.76,47.57,91674400.0,4531810000.0
ethereum-classic,2017-04-14,2.63,2.7,2.55,2.64,6137310.0,238045000.0
lisk,2017-04-14,0.287273,0.302155,0.276034,0.279992,392016.0,30350200.0
litecoin,2017-04-14,10.13,10.51,9.68,10.39,61137000.0,512838000
monero,2017-04-14,21.47,21.8,19.67,20.59,8949460.0,306779000
nano,2017-04-14,0.010381,0.011663,0.009569,0.00988,2546.0,569444.0
nem,2017-04-14,0.021204,0.022174,0.021071,0.022076,646718.0,190834000
neo,2017-04-14,0.19154000000000002,0.19396,0.190495,0.192958,103138.0,9577000.0
ripple,2017-04-14,0.034262,0.035127,0.032986,0.033779,8869300.0,1285920000
siacoin,2017-04-14,0.000824,0.000906,0.000819,0.000849,793089.0,20603600.0
steem,2017-04-14,0.159473,0.164957,0.15876300000000002,0.162613,216757.0,37756300
stellar,2017-04-14,0.003077,0.003266,0.0030039999999999997,0.003128,1618350.0,28657400
verge,2017-04-14,4.7e-05,8.2e-05,4.7e-05,8.1e-05,38835.0,627748
zcash,2017-04-14,64.81,71.44,64.55,71.17,5898520.0,70014800
bitcoin,2017-04-15,1167.3,1188.0,1164.96,1172.52,203559000.0,18996500000
bitshares,2017-04-15,0.009386,0.011114,0.009281000000000001,0.010726000000000001,2035390.0,24361200
bytecoin-bcn,2017-04-15,0.00014,0.000143,0.00013000000000000002,0.000131,116730.0,25620500
dash,2017-04-15,70.81,77.79,69.45,75.01,17237300.0,512034000
dogecoin,2017-04-15,0.000425,0.000434,0.000412,0.00041799999999999997,892718.0,46292800
ethereum,2017-04-15,47.65,49.57,47.18,49.1,66207800.0,4323100000.0
ethereum-classic,2017-04-15,2.64,2.68,2.62,2.68,3488550.0,239360000.0
lisk,2017-04-15,0.281287,0.313677,0.279079,0.30493600000000004,389603.0,29729900.0
litecoin,2017-04-15,10.34,11.0,10.2,10.79,47922000.0,523678000
monero,2017-04-15,20.43,21.19,20.25,20.71,4483370.0,291985000
nano,2017-04-15,0.009923999999999999,0.01225,0.009864,0.01067,5274.0,551348.0
nem,2017-04-15,0.021961,0.026277,0.02182,0.024322,3447680.0,197651000
neo,2017-04-15,0.192991,0.194574,0.190452,0.192164,76566.0,9649550.0
ripple,2017-04-15,0.033527999999999995,0.034281,0.033277,0.033955,4972610.0,1258400000
siacoin,2017-04-15,0.000852,0.0008810000000000001,0.000822,0.00085,406976.0,21337800.0
steem,2017-04-15,0.162408,0.22389299999999998,0.16015,0.198606,1710830.0,38436000
stellar,2017-04-15,0.003129,0.003387,0.003065,0.003385,997774.0,29154800
verge,2017-04-15,8.1e-05,0.000106,7e-05,0.000105,64472.0,1087450
zcash,2017-04-15,71.91,77.18,69.02,72.87,8228310.0,78194200
bitcoin,2017-04-16,1172.61,1187.22,1172.61,1182.94,183231000.0,19085100000
bitshares,2017-04-16,0.010668,0.011684,0.010668,0.011120999999999999,1287070.0,27690500
bytecoin-bcn,2017-04-16,0.00014099999999999998,0.000212,0.000131,0.0002,521042.0,25773700
dash,2017-04-16,75.07,76.76,74.48,75.34,11539500.0,542961000
dogecoin,2017-04-16,0.000417,0.000462,0.00041600000000000003,0.000454,1835340.0,45481800
ethereum,2017-04-16,49.04,49.14,48.19,48.72,31343800.0,4450140000.0
ethereum-classic,2017-04-16,2.68,2.69,2.61,2.63,3454270.0,242861000.0
lisk,2017-04-16,0.303929,0.349841,0.291285,0.32024600000000003,1077330.0,32136100.0
litecoin,2017-04-16,10.75,10.9,10.67,10.71,24321400.0,544263000
monero,2017-04-16,20.71,20.82,20.25,20.46,4222960.0,296093000
nano,2017-04-16,0.010671,0.012768999999999999,0.010026,0.010657999999999999,3074.0,598024.0
nem,2017-04-16,0.02451,0.0246,0.023422,0.024114,1125710.0,220588000
neo,2017-04-16,0.193672,0.19565,0.188923,0.192076,167886.0,9683600.0
ripple,2017-04-16,0.03388,0.034002,0.033194,0.033462,5980280.0,1271610000
siacoin,2017-04-16,0.000851,0.0008880000000000001,0.000842,0.000878,290129.0,21332300.0
steem,2017-04-16,0.198432,0.224086,0.194473,0.21555700000000003,1044000.0,46966700
stellar,2017-04-16,0.003389,0.003892,0.0033130000000000004,0.003737,2437240.0,31579100
verge,2017-04-16,0.00011499999999999999,0.000176,0.00010400000000000001,0.00013000000000000002,190486.0,1547430
zcash,2017-04-16,72.94,74.37,70.75,71.5,3777100.0,79847000
bitcoin,2017-04-17,1183.25,1194.9,1172.65,1193.91,253206000.0,19260500000
bitshares,2017-04-17,0.011146,0.011236,0.010269,0.010333,1126240.0,28933600
bytecoin-bcn,2017-04-17,0.00018899999999999999,0.000269,0.000176,0.00021400000000000002,899304.0,34505200
dash,2017-04-17,75.32,75.97,74.2,75.64,10470900.0,544956000
dogecoin,2017-04-17,0.000453,0.00047999999999999996,0.00044699999999999997,0.000459,1791470.0,49408700
ethereum,2017-04-17,48.66,48.75,48.05,48.3,44013300.0,4417310000.0
ethereum-classic,2017-04-17,2.63,2.65,2.59,2.62,3539730.0,238216000.0
lisk,2017-04-17,0.320314,0.320791,0.302724,0.315612,372442.0,33882200.0
litecoin,2017-04-17,10.6,11.18,10.39,10.42,104055000.0,536824000
monero,2017-04-17,20.46,20.99,20.32,20.56,6055450.0,292659000
nano,2017-04-17,0.010945,0.010945,0.008916,0.009276999999999999,1917.0,617888.0
nem,2017-04-17,0.024184,0.026236000000000002,0.023969,0.026132,1170530.0,217653000
neo,2017-04-17,0.191583,0.19253499999999998,0.17946800000000002,0.19148900000000002,331308.0,9579150.0
ripple,2017-04-17,0.0334,0.03406,0.032955,0.033655000000000004,7933260.0,1253560000
siacoin,2017-04-17,0.0008759999999999999,0.000925,0.000833,0.0008960000000000001,763858.0,21997000.0
steem,2017-04-17,0.21798,0.273764,0.20753899999999997,0.25041199999999997,2396200.0,51583000
stellar,2017-04-17,0.003757,0.0037990000000000003,0.003432,0.0035549999999999996,2006350.0,35001800
verge,2017-04-17,0.00013000000000000002,0.00014099999999999998,0.00010800000000000001,0.00010800000000000001,93560.0,1739180
zcash,2017-04-17,71.59,72.01,69.53,70.24,3190330.0,78887900
bitcoin,2017-04-18,1193.77,1217.57,1193.77,1211.67,270524000.0,19433800000
bitshares,2017-04-18,0.010306999999999998,0.011553,0.0103,0.011433,893037.0,26756900
bytecoin-bcn,2017-04-18,0.00020299999999999997,0.000218,0.000183,0.000205,162648.0,37077100
dash,2017-04-18,75.63,76.22,71.08,72.83,14595000.0,547341000
dogecoin,2017-04-18,0.000466,0.00046699999999999997,0.000436,0.000459,1308510.0,50788400
ethereum,2017-04-18,48.32,51.03,48.3,50.71,78748500.0,4387860000.0
ethereum-classic,2017-04-18,2.62,2.96,2.61,2.89,12008300.0,237684000.0
lisk,2017-04-18,0.32021700000000003,0.34479699999999996,0.313864,0.34475900000000004,429400.0,33885800.0
litecoin,2017-04-18,10.42,10.94,9.97,10.32,83183300.0,528060000
monero,2017-04-18,20.53,21.17,20.45,21.06,4459260.0,293752000
nano,2017-04-18,0.009276000000000001,0.010362999999999999,0.009276000000000001,0.00939,3372.0,527446.0
nem,2017-04-18,0.026155,0.028406999999999998,0.025901999999999998,0.028338,1941180.0,235395000
neo,2017-04-18,0.19191,0.192224,0.17635499999999998,0.180479,348694.0,9595500.0
ripple,2017-04-18,0.033638,0.034020999999999996,0.032866,0.033183,8970210.0,1262530000
siacoin,2017-04-18,0.000906,0.000906,0.0008150000000000001,0.0008609999999999999,623452.0,22765800.0
steem,2017-04-18,0.24656799999999998,0.263227,0.22764600000000002,0.236603,1530920.0,58033600
stellar,2017-04-18,0.003582,0.003718,0.0033979999999999995,0.003706,1311170.0,33376300
verge,2017-04-18,0.00010800000000000001,0.000121,8.6e-05,9.7e-05,45348.0,1444560
zcash,2017-04-18,70.25,72.27,70.23,71.78,3733350.0,77913000
bitcoin,2017-04-19,1212.13,1215.51,1205.08,1210.29,288061000.0,19734800000
bitshares,2017-04-19,0.011424,0.012925,0.010915000000000001,0.012479,1549520.0,29658500
bytecoin-bcn,2017-04-19,0.000205,0.000206,0.00015800000000000002,0.000181,227390.0,37488700
dash,2017-04-19,72.76,75.63,72.27,72.28,11688300.0,526688000
dogecoin,2017-04-19,0.00045599999999999997,0.00045999999999999996,0.000442,0.00044800000000000005,940790.0,49657500
ethereum,2017-04-19,50.73,50.95,47.26,48.31,76281000.0,4608260000.0
ethereum-classic,2017-04-19,2.89,3.29,2.82,3.14,18424100.0,261650000.0
lisk,2017-04-19,0.345177,0.40186,0.321436,0.377722,1542540.0,36542000.0
litecoin,2017-04-19,10.31,10.35,9.59,9.66,55784900.0,522923000
monero,2017-04-19,21.07,21.12,20.23,20.39,5877830.0,301594000
nano,2017-04-19,0.009394,0.009396,0.007897,0.008714,3017.0,538035.0
nem,2017-04-19,0.028398000000000003,0.040435000000000006,0.028367000000000003,0.032498,11247000.0,255586000
neo,2017-04-19,0.180622,0.190709,0.178089,0.189408,297302.0,9031100.0
ripple,2017-04-19,0.033181,0.033387,0.029687,0.030173000000000002,13265600.0,1245350000
siacoin,2017-04-19,0.0008730000000000001,0.0008759999999999999,0.000786,0.000798,647432.0,21973600.0
steem,2017-04-19,0.23658800000000002,0.252678,0.21276399999999998,0.24212199999999998,1159060.0,55673500
stellar,2017-04-19,0.00373,0.003746,0.003514,0.0035740000000000004,1247360.0,34749200
verge,2017-04-19,9.7e-05,0.000121,7.3e-05,0.000109,53864.0,1305800
zcash,2017-04-19,71.78,72.31,70.13,70.94,4692510.0,80124000
bitcoin,2017-04-20,1211.08,1240.79,1208.41,1229.08,315108000.0,19719900000
bitshares,2017-04-20,0.01243,0.013258,0.01077,0.011227,2329900.0,32272000
bytecoin-bcn,2017-04-20,0.000181,0.000207,0.000169,0.000196,145192.0,33131500
dash,2017-04-20,72.18,72.74,71.03,71.45,9144880.0,522642000
dogecoin,2017-04-20,0.00044800000000000005,0.00048300000000000003,0.00043799999999999997,0.000443,1828250.0,48850300
ethereum,2017-04-20,48.13,49.99,48.13,49.67,79600900.0,4373800000.0
ethereum-classic,2017-04-20,3.15,3.47,3.1,3.28,25077400.0,286485000.0
lisk,2017-04-20,0.37804699999999997,0.408731,0.340379,0.360879,1270910.0,40038000.0
litecoin,2017-04-20,9.63,10.66,9.59,10.33,55828300.0,488681000
monero,2017-04-20,20.4,20.9,20.24,20.24,6216400.0,292149000
nano,2017-04-20,0.00878,0.009684,0.008023,0.008112000000000001,3753.0,506490.0
nem,2017-04-20,0.032501999999999996,0.0339,0.027506,0.028481,3557250.0,292522000
neo,2017-04-20,0.18953399999999998,0.19101500000000002,0.178645,0.184725,222525.0,9476700.0
ripple,2017-04-20,0.030258999999999998,0.030611000000000003,0.027493,0.029983999999999997,25650400.0,1135700000
siacoin,2017-04-20,0.000798,0.0008410000000000001,0.000737,0.000776,615063.0,20113100.0
steem,2017-04-20,0.24219699999999997,0.245942,0.217466,0.22158000000000003,795667.0,56890200
stellar,2017-04-20,0.003554,0.003692,0.003274,0.003368,1480220.0,33117900
verge,2017-04-20,0.000109,0.000113,8.7e-05,9.9e-05,36772.0,1459020
zcash,2017-04-20,71.02,71.15,66.61,67.32,5595750.0,79776500
bitcoin,2017-04-21,1229.42,1235.94,1215.56,1222.05,272167000.0,20020700000
bitshares,2017-04-21,0.01128,0.012185,0.011114,0.011812999999999999,1113300.0,29288700
bytecoin-bcn,2017-04-21,0.000184,0.000197,0.000171,0.000183,62890.0,33695600
dash,2017-04-21,71.48,72.8,70.57,70.88,9790840.0,517733000
dogecoin,2017-04-21,0.00044,0.00045700000000000005,0.00043799999999999997,0.00045099999999999996,692528.0,48022200
ethereum,2017-04-21,49.64,49.66,48.14,48.22,45048300.0,4512610000.0
ethereum-classic,2017-04-21,3.28,3.36,3.14,3.18,12069800.0,297930000.0
lisk,2017-04-21,0.360962,0.393608,0.358047,0.376862,938690.0,38244100.0
litecoin,2017-04-21,10.29,11.54,10.16,11.23,99012200.0,522165000
monero,2017-04-21,19.98,20.34,19.75,20.29,6704090.0,286297000
nano,2017-04-21,0.008114,0.008627,0.006968000000000001,0.007356999999999999,4954.0,471393.0
nem,2017-04-21,0.028319999999999998,0.032971,0.027447000000000003,0.032971,3036720.0,254881000
neo,2017-04-21,0.184685,0.185694,0.174442,0.178122,263127.0,9234250.0
ripple,2017-04-21,0.029726999999999996,0.034044,0.029216000000000002,0.032780000000000004,28245700.0,1126210000
siacoin,2017-04-21,0.000784,0.00081,0.000736,0.0008039999999999999,366117.0,19788400.0
steem,2017-04-21,0.222216,0.234287,0.213193,0.23327699999999998,341421.0,52199500
stellar,2017-04-21,0.003365,0.003496,0.003319,0.0034659999999999995,832714.0,31349100
verge,2017-04-21,8.7e-05,9.9e-05,7.3e-05,7.3e-05,22923.0,1172260
zcash,2017-04-21,67.3,69.73,66.72,68.14,5144630.0,76077100
bitcoin,2017-04-22,1222.71,1235.56,1208.47,1231.71,249320000.0,19913900000
bitshares,2017-04-22,0.011833,0.012729,0.011747,0.012301000000000001,1117400.0,30727100
bytecoin-bcn,2017-04-22,0.000183,0.000196,0.00016999999999999999,0.000173,36433.0,33506200
dash,2017-04-22,70.85,72.52,70.35,71.22,9913170.0,513274000
dogecoin,2017-04-22,0.00045599999999999997,0.00047000000000000004,0.00044100000000000004,0.00046399999999999995,853796.0,49771600
ethereum,2017-04-22,48.18,48.74,48.17,48.55,37357600.0,4381290000.0
ethereum-classic,2017-04-22,3.18,3.26,3.17,3.23,5842940.0,289096000.0
lisk,2017-04-22,0.377217,0.38529,0.35570100000000004,0.36583499999999997,395196.0,39982500.0
litecoin,2017-04-22,11.18,13.07,11.11,13.06,158914000.0,567234000
monero,2017-04-22,20.27,20.52,19.97,20.12,5266460.0,290548000
nano,2017-04-22,0.007397,0.010376999999999999,0.007382,0.009669,4271.0,432788.0
nem,2017-04-22,0.032812,0.033698,0.030871,0.03197,2138240.0,295305000
neo,2017-04-22,0.17894300000000002,0.188524,0.17330399999999999,0.183058,288119.0,8947150.0
ripple,2017-04-22,0.033122000000000006,0.033279,0.031422000000000005,0.03177,9020550.0,1254840000
siacoin,2017-04-22,0.000802,0.000819,0.000776,0.000786,194027.0,20273600.0
steem,2017-04-22,0.23335799999999998,0.238183,0.22224499999999997,0.22224499999999997,274499.0,54848100
stellar,2017-04-22,0.0034649999999999998,0.003553,0.0034649999999999998,0.0035060000000000004,562394.0,32279900
verge,2017-04-22,7.4e-05,9.9e-05,7.3e-05,8.6e-05,27041.0,986348
zcash,2017-04-22,68.0,68.87,67.5,68.67,4087150.0,77370200
bitcoin,2017-04-23,1231.92,1232.2,1203.94,1207.21,258951000.0,20066200000
bitshares,2017-04-23,0.012295,0.012931,0.01182,0.01275,1456000.0,31928700
bytecoin-bcn,2017-04-23,0.000173,0.000185,0.00015800000000000002,0.000169,61899.0,31658300
dash,2017-04-23,71.18,72.24,68.77,68.89,8328060.0,515838000
dogecoin,2017-04-23,0.000468,0.00054,0.000463,0.000522,3778280.0,51021700
ethereum,2017-04-23,48.59,48.89,48.17,48.49,36234000.0,4420040000.0
ethereum-classic,2017-04-23,3.23,3.54,3.19,3.54,17227400.0,293703000.0
lisk,2017-04-23,0.365008,0.377313,0.350428,0.36394699999999996,527389.0,38704200.0
litecoin,2017-04-23,13.07,14.41,12.95,13.94,198452000.0,663271000
monero,2017-04-23,20.12,20.17,19.68,19.72,4155640.0,288495000
nano,2017-04-23,0.009855,0.01083,0.009459,0.010284999999999999,5773.0,580300.0
nem,2017-04-23,0.032087,0.032087,0.029898,0.031441000000000004,1484040.0,288788000
neo,2017-04-23,0.18068399999999998,0.18598499999999998,0.16993699999999998,0.17496,175678.0,9034200.0
ripple,2017-04-23,0.031878,0.031974,0.030742000000000002,0.031278,4976320.0,1207680000
siacoin,2017-04-23,0.000778,0.000796,0.00074,0.0007599999999999999,233284.0,19690100.0
steem,2017-04-23,0.223206,0.233512,0.21973499999999999,0.22810300000000003,376811.0,52478600
stellar,2017-04-23,0.0034840000000000006,0.0035340000000000002,0.003443,0.0035060000000000004,455599.0,32460900
verge,2017-04-23,8.6e-05,0.000109,8.499999999999999e-05,9.7e-05,22293.0,1156360
zcash,2017-04-23,68.75,68.78,66.24,66.34,2664960.0,78715800
bitcoin,2017-04-24,1209.63,1250.94,1209.63,1250.15,235806000.0,19705400000
bitshares,2017-04-24,0.012752,0.013838999999999999,0.012487999999999999,0.013838999999999999,1422220.0,33116700
bytecoin-bcn,2017-04-24,0.00015800000000000002,0.00018600000000000002,0.00015800000000000002,0.00018600000000000002,32498.0,28960200
dash,2017-04-24,68.93,72.22,68.93,72.2,7918480.0,499641000
dogecoin,2017-04-24,0.000526,0.00053,0.0004980000000000001,0.000515,1427570.0,57331500
ethereum,2017-04-24,48.87,50.18,48.87,50.03,55580600.0,4446470000.0
ethereum-classic,2017-04-24,3.57,4.11,3.57,4.05,42912000.0,324863000.0
lisk,2017-04-24,0.36480100000000004,0.40158299999999997,0.36028899999999997,0.388797,719502.0,38697400.0
litecoin,2017-04-24,13.96,14.97,13.33,14.97,60177200.0,709098000
monero,2017-04-24,19.73,20.11,19.51,19.56,4584190.0,283007000
nano,2017-04-24,0.010306000000000001,0.011815,0.00921,0.011489,11370.0,611064.0
nem,2017-04-24,0.031379000000000004,0.034309,0.030737999999999998,0.034198,2517040.0,282409000
neo,2017-04-24,0.17707699999999998,0.177153,0.163354,0.173758,262706.0,8853850.0
ripple,2017-04-24,0.031236,0.031436,0.030737999999999998,0.031383999999999995,6333250.0,1183370000
siacoin,2017-04-24,0.0007639999999999999,0.000787,0.000725,0.000782,444681.0,19358900.0
steem,2017-04-24,0.229165,0.23424099999999998,0.220777,0.2305,300251.0,53912800
stellar,2017-04-24,0.0035210000000000003,0.003959000000000001,0.003503,0.0038399999999999997,1869950.0,32805200
verge,2017-04-24,9.7e-05,0.00011,8.499999999999999e-05,8.8e-05,14162.0,1297280
zcash,2017-04-24,66.56,68.82,66.56,67.99,4159870.0,76673600
bitcoin,2017-04-25,1250.45,1267.58,1249.97,1265.49,242556000.0,20372300000
bitshares,2017-04-25,0.013793999999999999,0.013854,0.012922,0.013315,1453040.0,35825000
bytecoin-bcn,2017-04-25,0.000175,0.00018899999999999999,0.00016299999999999998,0.000177,51382.0,31955100
dash,2017-04-25,72.19,72.94,71.62,72.07,8641860.0,523445000
dogecoin,2017-04-25,0.0005110000000000001,0.000546,0.0005110000000000001,0.0005269999999999999,1498410.0,55755400
ethereum,2017-04-25,50.07,50.3,49.81,49.89,38264600.0,4557870000.0
ethereum-classic,2017-04-25,4.05,4.13,3.83,3.96,25195800.0,368833000.0
lisk,2017-04-25,0.387777,0.408798,0.3774,0.39473800000000003,802299.0,41151200.0
litecoin,2017-04-25,14.98,15.43,14.24,15.21,56668300.0,760872000
monero,2017-04-25,19.6,20.1,19.36,19.65,5148290.0,281316000
nano,2017-04-25,0.011879,0.011887,0.010681,0.01116,5046.0,709223.0
nem,2017-04-25,0.034407,0.03904,0.033989,0.037436000000000004,5342870.0,309660000
neo,2017-04-25,0.17360599999999998,0.184094,0.166802,0.183504,241805.0,8680300.0
ripple,2017-04-25,0.031409,0.033826,0.031297000000000005,0.032346,13469200.0,1189920000
siacoin,2017-04-25,0.000782,0.0008810000000000001,0.0007740000000000001,0.0008810000000000001,706869.0,19819500.0
steem,2017-04-25,0.230791,0.233211,0.221536,0.22519299999999998,1359640.0,54297400
stellar,2017-04-25,0.003849,0.003887,0.003761,0.0038079999999999998,964780.0,35863900
verge,2017-04-25,9.9e-05,0.000102,7.6e-05,8.9e-05,16737.0,1328240
zcash,2017-04-25,67.85,73.29,64.75,69.17,4835280.0,78658500
bitcoin,2017-04-26,1265.99,1294.83,1265.93,1281.08,329631000.0,20627900000
bitshares,2017-04-26,0.013244999999999998,0.013756,0.012824,0.013134999999999999,1468170.0,34401100
bytecoin-bcn,2017-04-26,0.000177,0.000193,0.000167,0.000192,61918.0,32373300
dash,2017-04-26,72.04,72.23,70.68,71.53,8605760.0,522517000
dogecoin,2017-04-26,0.000534,0.000552,0.0005269999999999999,0.000544,1349140.0,58215800
ethereum,2017-04-26,49.91,53.44,49.91,52.72,104884000.0,4544370000.0
ethereum-classic,2017-04-26,3.97,4.64,3.92,4.59,46981900.0,361613000.0
lisk,2017-04-26,0.3966,0.492888,0.396548,0.46681300000000003,2545520.0,42104600.0
litecoin,2017-04-26,15.21,15.79,14.56,14.85,71308800.0,772651000
monero,2017-04-26,19.67,19.93,19.24,19.37,6027790.0,282326000
nano,2017-04-26,0.011111,0.011890000000000001,0.010281,0.011447,8018.0,667932.0
nem,2017-04-26,0.037425,0.050294,0.036775,0.049937,13731300.0,336824000
neo,2017-04-26,0.183475,0.188085,0.17990899999999999,0.184577,185400.0,9173750.0
ripple,2017-04-26,0.032389999999999995,0.033509,0.032182999999999996,0.032797,11921700.0,1227080000
siacoin,2017-04-26,0.0008810000000000001,0.000883,0.000831,0.000837,364932.0,22364100.0
steem,2017-04-26,0.224388,0.254193,0.22334099999999998,0.23384499999999997,807031.0,52809300
stellar,2017-04-26,0.003805,0.004070000000000001,0.003749,0.0038350000000000003,1690360.0,35452800
verge,2017-04-26,8.9e-05,0.00010400000000000001,7.6e-05,7.7e-05,8116.0,1190790
zcash,2017-04-26,69.14,75.07,69.11,72.0,7519790.0,80642700
bitcoin,2017-04-27,1281.88,1319.7,1281.3,1317.73,449197000.0,20889200000
bitshares,2017-04-27,0.013134999999999999,0.013411000000000001,0.012891,0.013233000000000002,715142.0,34120100
bytecoin-bcn,2017-04-27,0.00017900000000000001,0.000185,0.000167,0.000172,35879.0,32801300
dash,2017-04-27,71.52,80.62,71.08,78.17,18560500.0,518868000
dogecoin,2017-04-27,0.000549,0.000672,0.000545,0.0006320000000000001,4707330.0,59886000
ethereum,2017-04-27,52.81,62.17,52.29,62.17,246775000.0,4809630000.0
ethereum-classic,2017-04-27,4.6,5.11,4.59,4.95,57485800.0,418466000.0
lisk,2017-04-27,0.466027,0.56109,0.466027,0.510522,3305200.0,49495200.0
litecoin,2017-04-27,14.84,15.0,13.47,14.62,76208000.0,754472000
monero,2017-04-27,19.43,21.83,19.27,21.21,12843800.0,279099000
nano,2017-04-27,0.011281999999999999,0.012154,0.010994,0.011775,6899.0,682823.0
nem,2017-04-27,0.049987000000000004,0.055736,0.043144,0.046975,21176600.0,449886000
neo,2017-04-27,0.184394,0.20851,0.181833,0.202092,327972.0,9219700.0
ripple,2017-04-27,0.032826999999999995,0.035376,0.032157,0.034816,16661600.0,1243640000
siacoin,2017-04-27,0.000837,0.000878,0.000825,0.00085,426860.0,21264200.0
steem,2017-04-27,0.236646,0.254824,0.23166799999999999,0.241152,1208290.0,55705100
stellar,2017-04-27,0.003839,0.003982,0.003825,0.0039700000000000004,1146270.0,35766700
verge,2017-04-27,8.9e-05,0.000102,7.8e-05,7.900000000000001e-05,10695.0,1199870
zcash,2017-04-27,72.1,79.95,69.65,76.82,9219590.0,84612600
bitcoin,2017-04-28,1317.74,1331.28,1292.37,1316.48,527489000.0,21476000000
bitshares,2017-04-28,0.013267,0.014029,0.013146000000000001,0.013963999999999999,1010360.0,34462900
bytecoin-bcn,2017-04-28,0.000172,0.000196,0.000169,0.000184,61548.0,31454000
dash,2017-04-28,78.02,80.93,77.32,79.49,16201200.0,566202000
dogecoin,2017-04-28,0.000625,0.000705,0.000617,0.000678,4437500.0,68183600
ethereum,2017-04-28,62.23,70.85,62.13,70.16,346546000.0,5669550000.0
ethereum-classic,2017-04-28,4.95,5.09,4.61,4.84,29110500.0,450848000.0
lisk,2017-04-28,0.51778,0.545309,0.487208,0.524252,1729530.0,55014000.0
litecoin,2017-04-28,14.59,14.78,14.06,14.34,41067800.0,741933000
monero,2017-04-28,21.2,22.53,21.12,22.35,10457300.0,304527000
nano,2017-04-28,0.011776,0.012190000000000001,0.011198,0.011531,6571.0,717530.0
nem,2017-04-28,0.046926999999999996,0.049106,0.041503,0.048639,7871700.0,422347000
neo,2017-04-28,0.202194,0.229271,0.20142000000000002,0.22925500000000001,473689.0,10109700.0
ripple,2017-04-28,0.034843,0.045111,0.034783999999999995,0.044475,81121600.0,1320040000
siacoin,2017-04-28,0.0008460000000000001,0.000919,0.0008460000000000001,0.000906,517982.0,21524300.0
steem,2017-04-28,0.24294200000000002,0.261604,0.23873699999999998,0.26079,896172.0,57198300
stellar,2017-04-28,0.003971,0.004633,0.003965,0.0045509999999999995,3809910.0,36998100
verge,2017-04-28,7.900000000000001e-05,9.300000000000001e-05,7.8e-05,7.900000000000001e-05,5968.0,1062070
zcash,2017-04-28,76.86,85.13,76.58,83.95,10311300.0,90759600
bitcoin,2017-04-29,1317.84,1327.2,1315.21,1321.79,422706000.0,21479800000
bitshares,2017-04-29,0.013943,0.015939,0.013943,0.015441999999999999,2456690.0,36222200
bytecoin-bcn,2017-04-29,0.000184,0.000198,0.000173,0.000185,57327.0,33643100
dash,2017-04-29,79.67,100.46,79.67,94.95,39496900.0,578278000
dogecoin,2017-04-29,0.000679,0.000771,0.000679,0.000734,5870990.0,74145500
ethereum,2017-04-29,71.39,71.9,66.78,68.38,165448000.0,6506490000.0
ethereum-classic,2017-04-29,4.88,5.43,4.83,5.42,36329100.0,444253000.0
lisk,2017-04-29,0.5253800000000001,0.534358,0.504761,0.527866,1393280.0,55844200.0
litecoin,2017-04-29,14.4,15.77,14.36,15.74,45713600.0,732129000
monero,2017-04-29,22.37,23.26,22.12,22.76,10461300.0,321539000
nano,2017-04-29,0.011543000000000001,0.012263,0.011352,0.012022,5367.0,708100.0
nem,2017-04-29,0.048514,0.051016000000000006,0.047728,0.048039,4997420.0,436629000
neo,2017-04-29,0.22961199999999998,0.29057,0.22112800000000002,0.271729,960013.0,11480600.0
ripple,2017-04-29,0.044558,0.057719000000000006,0.044558,0.052868,114359000.0,1688070000
siacoin,2017-04-29,0.000906,0.000977,0.0009019999999999999,0.000968,675803.0,23066000.0
steem,2017-04-29,0.260646,0.304155,0.253753,0.291694,1403140.0,61331500
stellar,2017-04-29,0.0045320000000000004,0.005104999999999999,0.004427,0.004971,3841410.0,42227300
verge,2017-04-29,9.2e-05,9.300000000000001e-05,7.900000000000001e-05,7.900000000000001e-05,11141.0,1228670
zcash,2017-04-29,84.07,97.45,83.02,96.08,10732700.0,99875400
bitcoin,2017-04-30,1321.87,1347.91,1314.92,1347.89,413115000.0,21548400000
bitshares,2017-04-30,0.015487,0.017284,0.01535,0.016456000000000002,3028980.0,40237700
bytecoin-bcn,2017-04-30,0.000185,0.000215,0.000184,0.000202,100019.0,33809500
dash,2017-04-30,94.21,97.13,88.8,91.55,19963300.0,684050000
dogecoin,2017-04-30,0.000736,0.000771,0.000727,0.000746,3614180.0,80307300
ethereum,2017-04-30,68.54,79.02,68.35,79.02,229945000.0,6248840000.0
ethereum-classic,2017-04-30,5.44,6.61,5.33,6.52,82888200.0,496272000.0
lisk,2017-04-30,0.527853,0.597527,0.522422,0.5884659999999999,2435590.0,56129800.0
litecoin,2017-04-30,15.7,16.07,15.47,15.71,43929100.0,798743000
monero,2017-04-30,22.74,24.2,22.72,23.72,10910000.0,326962000
nano,2017-04-30,0.012023,0.018088,0.011774,0.016603,30745.0,742480.0
nem,2017-04-30,0.047996,0.051408,0.047989,0.050966000000000004,4804860.0,431966000
neo,2017-04-30,0.271731,0.36240900000000004,0.268994,0.360099,1631520.0,13586500.0
ripple,2017-04-30,0.05280700000000001,0.05464600000000001,0.049574,0.05160700000000001,41974200.0,2000600000
siacoin,2017-04-30,0.000962,0.001294,0.0009550000000000001,0.001248,4064720.0,24511100.0
steem,2017-04-30,0.291556,0.295666,0.272611,0.277944,915711.0,68607100
stellar,2017-04-30,0.004975,0.005379,0.004785,0.00484,4071450.0,46349100
verge,2017-04-30,7.900000000000001e-05,9.4e-05,6.6e-05,8.1e-05,16459.0,1063510
zcash,2017-04-30,96.18,99.07,89.93,93.2,11989300.0,114946000
bitcoin,2017-05-01,1348.3,1434.32,1348.3,1421.6,713624000.0,21981800000
bitshares,2017-05-01,0.016461,0.017299000000000002,0.014856,0.015361000000000001,3364830.0,42769800
bytecoin-bcn,2017-05-01,0.000215,0.000286,0.000202,0.000227,506091.0,39267100
dash,2017-05-01,91.5,96.37,84.92,88.12,22978900.0,664545000
dogecoin,2017-05-01,0.000746,0.0007650000000000001,0.000638,0.000686,5565600.0,81468000
ethereum,2017-05-01,79.32,82.52,73.09,76.3,376842000.0,7234070000.0
ethereum-classic,2017-05-01,6.49,7.64,6.24,6.89,118589000.0,591840000.0
lisk,2017-05-01,0.585743,0.651678,0.488516,0.5815229999999999,3663340.0,62310900.0
litecoin,2017-05-01,15.71,16.37,14.88,15.92,66989400.0,799215000
monero,2017-05-01,23.72,24.07,22.23,22.77,14214000.0,341171000
nano,2017-05-01,0.016533000000000003,0.017836,0.013789,0.016189,6607.0,1027760.0
nem,2017-05-01,0.051264,0.056378,0.048148,0.052052999999999995,9305290.0,461377000
neo,2017-05-01,0.361689,0.361689,0.269563,0.318838,1142050.0,18084400.0
ripple,2017-05-01,0.051579999999999994,0.057779,0.049317,0.055115,61730100.0,1954090000
siacoin,2017-05-01,0.00124,0.001268,0.001053,0.001165,1915370.0,31637600.0
steem,2017-05-01,0.277977,0.307163,0.259748,0.267405,1001530.0,65382500
stellar,2017-05-01,0.004835,0.005804999999999999,0.004654,0.005138,6020040.0,45049600
verge,2017-05-01,8.1e-05,9.7e-05,6.8e-05,7.2e-05,9894.0,1086550
zcash,2017-05-01,93.73,107.73,83.62,90.05,19211300.0,112683000
bitcoin,2017-05-02,1421.03,1473.9,1415.69,1452.82,477338000.0,23170200000
bitshares,2017-05-02,0.015328,0.015991,0.013940000000000001,0.014889,2164250.0,39830500
bytecoin-bcn,2017-05-02,0.000213,0.000246,0.000204,0.000218,132764.0,38981200
dash,2017-05-02,87.91,89.42,83.4,86.24,14430400.0,638649000
dogecoin,2017-05-02,0.0006889999999999999,0.000696,0.000573,0.00061,5211860.0,75180000
ethereum,2017-05-02,76.65,79.35,74.38,77.26,193773000.0,6992980000.0
ethereum-classic,2017-05-02,6.94,7.08,6.22,6.58,56020100.0,632910000.0
lisk,2017-05-02,0.591992,0.591992,0.515253,0.541816,1830930.0,63000500.0
litecoin,2017-05-02,15.92,16.23,15.15,15.89,38692100.0,810373000
monero,2017-05-02,22.77,23.2,22.06,23.04,7486110.0,327660000
nano,2017-05-02,0.016211,0.017906000000000002,0.015576,0.016913,5172.0,1013590.0
nem,2017-05-02,0.052759,0.05366699999999999,0.046185000000000004,0.05182899999999999,5264940.0,474830000
neo,2017-05-02,0.31914699999999996,0.326074,0.28015300000000004,0.314833,588824.0,15957400.0
ripple,2017-05-02,0.05464600000000001,0.055639,0.050710000000000005,0.053908000000000005,33814700.0,2070240000
siacoin,2017-05-02,0.001174,0.001281,0.0010199999999999999,0.001247,1487720.0,29994700.0
steem,2017-05-02,0.271108,0.279011,0.25119,0.273466,714359.0,63689500
stellar,2017-05-02,0.0051530000000000005,0.005372999999999999,0.0044280000000000005,0.004834000000000001,3915940.0,48009000
verge,2017-05-02,7.2e-05,8.8e-05,5.9e-05,7.5e-05,12046.0,959990
zcash,2017-05-02,90.44,95.45,88.12,91.93,9723680.0,109383000
bitcoin,2017-05-03,1453.78,1492.77,1447.49,1490.09,583796000.0,23707100000
bitshares,2017-05-03,0.014891,0.015972,0.014629,0.015972,1029420.0,38697800
bytecoin-bcn,2017-05-03,0.000218,0.00023799999999999998,0.000204,0.00022400000000000002,70442.0,39867300
dash,2017-05-03,86.24,90.46,84.0,90.08,18749400.0,626662000
dogecoin,2017-05-03,0.000611,0.000695,0.000591,0.000678,4436450.0,66702500
ethereum,2017-05-03,77.25,80.1,75.76,79.72,141922000.0,7050050000.0
ethereum-classic,2017-05-03,6.54,6.85,6.44,6.67,35759200.0,597190000.0
lisk,2017-05-03,0.534553,0.56705,0.522419,0.547081,1150410.0,56910500.0
litecoin,2017-05-03,15.88,21.8,15.67,21.04,253441000.0,808247000
monero,2017-05-03,23.05,25.44,22.72,25.2,12602800.0,331818000
nano,2017-05-03,0.016923,0.017006999999999998,0.015562999999999999,0.015988,5082.0,1058120.0
nem,2017-05-03,0.051709000000000005,0.054657000000000004,0.051376,0.052955999999999996,3604820.0,465385000
neo,2017-05-03,0.314746,0.348589,0.309078,0.34378200000000003,758237.0,15737300.0
ripple,2017-05-03,0.053904999999999995,0.061435000000000003,0.052283,0.060489999999999995,42869000.0,2042180000
siacoin,2017-05-03,0.0012380000000000002,0.0012720000000000001,0.001191,0.001234,883880.0,31669100.0
steem,2017-05-03,0.27185,0.28365300000000004,0.262127,0.277054,778314.0,63881300
stellar,2017-05-03,0.004816,0.005252000000000001,0.004525,0.005197,3243780.0,44873600
verge,2017-05-03,8.7e-05,9e-05,6.1e-05,7.5e-05,13225.0,1171800
zcash,2017-05-03,91.61,94.22,87.75,91.04,8785360.0,111439000
bitcoin,2017-05-04,1490.72,1608.91,1490.72,1537.67,933549000.0,24311900000
bitshares,2017-05-04,0.015959,0.018449,0.015893,0.018133,3050820.0,41475700
bytecoin-bcn,2017-05-04,0.00023799999999999998,0.00025699999999999996,0.00021600000000000002,0.00022999999999999998,140733.0,43427700
dash,2017-05-04,90.12,96.7,90.06,92.8,26417800.0,655081000
dogecoin,2017-05-04,0.000686,0.000763,0.000675,0.0007440000000000001,4638240.0,74923900
ethereum,2017-05-04,79.72,97.56,79.43,96.98,366847000.0,7277480000.0
ethereum-classic,2017-05-04,6.67,7.63,6.67,7.63,61868400.0,609121000.0
lisk,2017-05-04,0.540726,0.59917,0.535183,0.585068,2307830.0,57591000.0
litecoin,2017-05-04,21.04,25.69,20.86,23.39,242912000.0,1071840000
monero,2017-05-04,25.19,26.52,24.87,25.99,13585800.0,362797000
nano,2017-05-04,0.015994,0.016834000000000002,0.01491,0.015462,6750.0,1006320.0
nem,2017-05-04,0.053314999999999994,0.06512000000000001,0.053230999999999994,0.063401,10730500.0,479835000
neo,2017-05-04,0.345096,0.5004029999999999,0.334537,0.500309,2317450.0,17254800.0
ripple,2017-05-04,0.061062,0.085499,0.059283,0.078914,153374000.0,2313340000
siacoin,2017-05-04,0.001241,0.001541,0.001214,0.001541,2074110.0,31790000.0
steem,2017-05-04,0.27915,0.305215,0.274097,0.290931,918971.0,65635700
stellar,2017-05-04,0.0051979999999999995,0.006959999999999999,0.005174,0.006628,9005050.0,48432800
verge,2017-05-04,7.5e-05,9e-05,5.9999999999999995e-05,7.7e-05,27851.0,1010160
zcash,2017-05-04,91.09,103.51,90.93,99.54,9791100.0,111469000
bitcoin,2017-05-05,1540.87,1618.03,1530.31,1555.45,946036000.0,25133100000
bitshares,2017-05-05,0.018143,0.026235,0.018143,0.024069,10907300.0,47154900
bytecoin-bcn,2017-05-05,0.000231,0.000258,0.000218,0.000233,134910.0,42177000
dash,2017-05-05,92.87,105.36,92.87,99.01,29039200.0,675223000
dogecoin,2017-05-05,0.0007379999999999999,0.000932,0.000736,0.00084,9754900.0,80558300
ethereum,2017-05-05,96.73,103.23,92.22,94.4,331928000.0,8833520000.0
ethereum-classic,2017-05-05,7.68,8.1,7.31,7.53,60387300.0,701217000.0
lisk,2017-05-05,0.58654,0.672846,0.5810770000000001,0.598858,2413470.0,62495800.0
litecoin,2017-05-05,23.47,27.85,23.42,26.27,218949000.0,1195810000
monero,2017-05-05,26.11,30.83,25.93,28.45,24376200.0,376183000
nano,2017-05-05,0.015493999999999999,0.016589,0.013328999999999999,0.013328999999999999,7825.0,981230.0
nem,2017-05-05,0.063415,0.081118,0.063415,0.07292799999999999,16512500.0,570733000
neo,2017-05-05,0.49383299999999997,0.576426,0.470129,0.576426,2660100.0,24691600.0
ripple,2017-05-05,0.080229,0.10693499999999999,0.078704,0.09355,184430000.0,3045130000
siacoin,2017-05-05,0.001545,0.002134,0.001545,0.002055,6703420.0,39612000.0
steem,2017-05-05,0.29131399999999996,0.355398,0.285576,0.32808899999999996,1921100.0,68514500
stellar,2017-05-05,0.006623,0.013567,0.006564,0.010877,61331300.0,61711300
verge,2017-05-05,7.7e-05,9.4e-05,6.2e-05,7.8e-05,29354.0,1029780
zcash,2017-05-05,99.52,113.34,99.43,103.64,12122500.0,122501000
bitcoin,2017-05-06,1556.81,1578.8,1542.5,1578.8,582530000.0,25395600000
bitshares,2017-05-06,0.024163,0.032806999999999996,0.023505,0.032128,11524000.0,62804400
bytecoin-bcn,2017-05-06,0.000233,0.000299,0.00021899999999999998,0.000299,537801.0,42665900
dash,2017-05-06,99.18,101.57,97.44,99.76,17201700.0,721874000
dogecoin,2017-05-06,0.000837,0.001169,0.0008089999999999999,0.001169,14651900.0,91395400
ethereum,2017-05-06,94.91,97.88,90.95,97.81,151462000.0,8669910000.0
ethereum-classic,2017-05-06,7.55,7.58,6.98,7.27,31552400.0,689342000.0
lisk,2017-05-06,0.599381,0.6718850000000001,0.594877,0.64635,2110440.0,63889800.0
litecoin,2017-05-06,26.47,28.59,25.49,28.16,108083000.0,1348870000
monero,2017-05-06,28.5,29.94,27.94,28.98,14355000.0,410681000
nano,2017-05-06,0.013536000000000001,0.01609,0.013359999999999999,0.015327,7374.0,862790.0
nem,2017-05-06,0.072712,0.076279,0.069765,0.073401,6168840.0,654404000
neo,2017-05-06,0.572854,0.59035,0.5376489999999999,0.58767,1341720.0,28642700.0
ripple,2017-05-06,0.093429,0.106144,0.093429,0.10179099999999999,88394200.0,3546160000
siacoin,2017-05-06,0.00207,0.002593,0.002041,0.002593,7121880.0,53113900.0
steem,2017-05-06,0.327579,0.432645,0.31001799999999996,0.403037,3581950.0,77052100
stellar,2017-05-06,0.010784,0.022215000000000002,0.010784,0.021344,106770000.0,100476000
verge,2017-05-06,7.8e-05,9.4e-05,7.7e-05,8e-05,10393.0,1043520
zcash,2017-05-06,103.86,109.39,100.96,108.21,7489580.0,128578000
bitcoin,2017-05-07,1579.47,1596.72,1559.76,1596.71,1080030000.0,25768500000
bitshares,2017-05-07,0.032428,0.040501,0.030267000000000002,0.034804,16653700.0,84294400
bytecoin-bcn,2017-05-07,0.000299,0.000641,0.00028399999999999996,0.000605,9611360.0,54743300
dash,2017-05-07,99.53,111.68,98.42,106.28,30297200.0,724648000
dogecoin,2017-05-07,0.001176,0.00143,0.001157,0.0013050000000000002,34856400.0,128440000
ethereum,2017-05-07,97.87,98.24,89.87,94.01,183295000.0,8942950000.0
ethereum-classic,2017-05-07,7.29,7.55,6.93,7.12,36206300.0,666100000.0
lisk,2017-05-07,0.650837,0.700799,0.601212,0.621777,2951520.0,69402800.0
litecoin,2017-05-07,28.2,31.37,28.2,30.29,187718000.0,1437700000
monero,2017-05-07,28.97,34.56,28.77,32.78,31328600.0,417648000
nano,2017-05-07,0.015333000000000001,0.016175,0.015194,0.01577,7992.0,983601.0
nem,2017-05-07,0.073338,0.103182,0.07131599999999999,0.099328,21352200.0,660039000
neo,2017-05-07,0.585263,0.591143,0.516306,0.535792,1249060.0,29263200.0
ripple,2017-05-07,0.10192899999999999,0.148274,0.098938,0.141763,249029000.0,3868770000
siacoin,2017-05-07,0.002582,0.002811,0.002241,0.002518,6525370.0,66368200.0
steem,2017-05-07,0.401269,0.602425,0.399402,0.52751,9016200.0,94328900
stellar,2017-05-07,0.021414,0.062327,0.018637,0.043983999999999995,280845000.0,199521000
verge,2017-05-07,8e-05,9.499999999999999e-05,6.4e-05,8e-05,16508.0,1068780
zcash,2017-05-07,107.83,108.27,100.65,103.83,9456320.0,134288000
bitcoin,2017-05-08,1596.92,1723.35,1596.92,1723.35,1340320000.0,26056500000
bitshares,2017-05-08,0.03472,0.057259000000000004,0.034256,0.052888,26007600.0,90255700
bytecoin-bcn,2017-05-08,0.000606,0.0006450000000000001,0.00047999999999999996,0.0005679999999999999,2800300.0,110725000
dash,2017-05-08,106.55,107.04,95.46,101.1,26320700.0,775962000
dogecoin,2017-05-08,0.001335,0.001523,0.0012490000000000001,0.001521,23381600.0,145861000
ethereum,2017-05-08,93.75,95.14,89.51,91.42,231344000.0,8569060000.0
ethereum-classic,2017-05-08,7.11,7.11,6.57,6.66,38785200.0,650286000.0
lisk,2017-05-08,0.622425,0.755771,0.5906,0.607637,2731790.0,66399900.0
litecoin,2017-05-08,30.37,30.74,27.33,28.96,132650000.0,1548860000
monero,2017-05-08,33.45,33.81,28.58,30.47,25549000.0,482431000
nano,2017-05-08,0.015772,0.018257,0.014407,0.016293000000000002,15087.0,1018250.0
nem,2017-05-08,0.099424,0.14851099999999998,0.09718500000000001,0.118875,43509000.0,894815000
neo,2017-05-08,0.5303,0.5427609999999999,0.48693100000000006,0.496572,1025750.0,26515000.0
ripple,2017-05-08,0.14162,0.237587,0.135105,0.198212,402611000.0,5375270000
siacoin,2017-05-08,0.002571,0.0027129999999999997,0.002252,0.002402,4940360.0,66142300.0
steem,2017-05-08,0.523659,1.11,0.48231,1.03,18945000.0,122981000
stellar,2017-05-08,0.043297,0.054733000000000004,0.031139,0.03988,235721000.0,403409000
verge,2017-05-08,8e-05,0.000102,6.500000000000001e-05,8.7e-05,14375.0,1071100
zcash,2017-05-08,104.08,111.53,103.06,106.62,11574400.0,130349000
bitcoin,2017-05-09,1723.89,1833.49,1716.3,1755.36,1167920000.0,28132200000
bitshares,2017-05-09,0.054153,0.058414,0.030645,0.038643000000000004,20727100.0,140785000
bytecoin-bcn,2017-05-09,0.0005679999999999999,0.000593,0.00042699999999999997,0.00045599999999999997,1017770.0,103949000
dash,2017-05-09,101.12,103.81,82.49,93.3,33359200.0,736626000
dogecoin,2017-05-09,0.001531,0.001531,0.0011070000000000001,0.001239,18473100.0,167293000
ethereum,2017-05-09,91.23,93.06,80.39,91.16,363434000.0,8341490000.0
ethereum-classic,2017-05-09,6.66,6.66,5.64,6.44,58464400.0,609381000.0
lisk,2017-05-09,0.607803,0.61937,0.510947,0.555242,2208760.0,64866300.0
litecoin,2017-05-09,28.96,33.76,24.49,33.58,251517000.0,1477510000
monero,2017-05-09,30.48,31.61,26.61,28.66,21083700.0,439752000
nano,2017-05-09,0.016298,0.017213,0.014584,0.015102,9362.0,1058880.0
nem,2017-05-09,0.12459300000000001,0.13571,0.0969,0.11175299999999999,21064200.0,1121340000
neo,2017-05-09,0.49613100000000004,0.501255,0.40757600000000005,0.44937,1076450.0,24806600.0
ripple,2017-05-09,0.19919800000000001,0.21689,0.134406,0.160074,214002000.0,7560680000
siacoin,2017-05-09,0.002432,0.002514,0.00201,0.002151,3556110.0,62650400.0
steem,2017-05-09,1.03,1.32,0.6542720000000001,0.769989,22859100.0,240888000
stellar,2017-05-09,0.039671,0.04318,0.022391,0.027647,102791000.0,378440000
verge,2017-05-09,0.000102,0.000105,7.099999999999999e-05,8.8e-05,13946.0,1372810
zcash,2017-05-09,105.84,106.73,93.81,96.09,12915800.0,133321000
bitcoin,2017-05-10,1756.52,1788.44,1719.1,1787.13,915723000.0,28668100000
bitshares,2017-05-10,0.038087,0.043885,0.036149,0.040501,8064410.0,99023700
bytecoin-bcn,2017-05-10,0.00047400000000000003,0.000595,0.00045700000000000005,0.0005269999999999999,953122.0,86658600
dash,2017-05-10,92.89,97.19,89.82,91.52,17906900.0,676854000
dogecoin,2017-05-10,0.001253,0.001382,0.0012,0.001239,9734520.0,136962000
ethereum,2017-05-10,91.15,92.85,85.29,89.52,145602000.0,8337180000.0
ethereum-classic,2017-05-10,6.43,6.81,6.29,6.6,34371500.0,587732000.0
lisk,2017-05-10,0.5533560000000001,0.5749920000000001,0.516562,0.5569689999999999,1114170.0,59079500.0
litecoin,2017-05-10,33.3,37.33,31.22,31.96,410466000.0,1699070000
monero,2017-05-10,28.49,30.67,28.11,29.84,12732500.0,411189000
nano,2017-05-10,0.015112,0.015124,0.013288999999999999,0.0143,3821.0,988024.0
nem,2017-05-10,0.11601900000000001,0.120999,0.104831,0.111377,10328900.0,1044170000
neo,2017-05-10,0.44926000000000005,0.5410550000000001,0.44926000000000005,0.503894,843243.0,22463000.0
ripple,2017-05-10,0.158471,0.201207,0.156363,0.186066,138792000.0,6014860000
siacoin,2017-05-10,0.002132,0.0025559999999999997,0.0021100000000000003,0.00243,2676420.0,54975800.0
steem,2017-05-10,0.758253,0.9884799999999999,0.7484609999999999,0.85029,6475420.0,177192000
stellar,2017-05-10,0.028423,0.036855,0.027191000000000003,0.031376,56635600.0,271140000
verge,2017-05-10,8.8e-05,0.000124,7.099999999999999e-05,0.000123,56012.0,1179190
zcash,2017-05-10,96.46,101.89,94.24,96.99,7670940.0,122197000
bitcoin,2017-05-11,1780.37,1873.93,1755.35,1848.57,799490000.0,29060600000
bitshares,2017-05-11,0.040757999999999996,0.040757999999999996,0.034807,0.037167,6905020.0,105975000
bytecoin-bcn,2017-05-11,0.0005110000000000001,0.000557,0.00047400000000000003,0.000475,573923.0,93380100
dash,2017-05-11,91.62,93.94,90.14,91.54,15996300.0,667796000
dogecoin,2017-05-11,0.001236,0.001251,0.001124,0.001212,7417150.0,135097000
ethereum,2017-05-11,89.77,102.55,88.48,89.88,132722000.0,8213570000.0
ethereum-classic,2017-05-11,6.62,6.84,6.31,6.48,21112300.0,605901000.0
lisk,2017-05-11,0.552938,0.567108,0.52457,0.5424979999999999,708928.0,59058700.0
litecoin,2017-05-11,32.66,32.91,28.03,30.72,206137000.0,1666830000
monero,2017-05-11,29.94,30.03,28.73,29.51,9288200.0,432298000
nano,2017-05-11,0.014325,0.019622999999999998,0.013055,0.014431999999999999,15487.0,942462.0
nem,2017-05-11,0.11127000000000001,0.11689000000000001,0.104494,0.10990799999999999,7214730.0,1001430000
neo,2017-05-11,0.504314,0.520573,0.43139099999999997,0.48107700000000003,953152.0,25215700.0
ripple,2017-05-11,0.18503499999999998,0.194828,0.162431,0.183135,103699000.0,7023110000
siacoin,2017-05-11,0.0024230000000000002,0.002475,0.0021420000000000002,0.0022429999999999998,2066880.0,62544500.0
steem,2017-05-11,0.850274,0.902675,0.7273,0.763039,4328880.0,198186000
stellar,2017-05-11,0.031073000000000003,0.043411,0.026957,0.036203,78875500.0,296425000
verge,2017-05-11,0.000106,0.00018999999999999998,0.000105,0.000146,106379.0,1416870
zcash,2017-05-11,96.94,98.91,94.91,95.13,7542780.0,123504000
bitcoin,2017-05-12,1845.76,1856.15,1694.01,1724.24,740984000.0,30131100000
bitshares,2017-05-12,0.037017,0.04202,0.037017,0.038853,6154060.0,96255500
bytecoin-bcn,2017-05-12,0.000475,0.0005110000000000001,0.000455,0.00047599999999999997,362150.0,86894300
dash,2017-05-12,91.8,92.43,85.88,86.8,15467900.0,669279000
dogecoin,2017-05-12,0.001215,0.001263,0.001182,0.001183,6218670.0,132851000
ethereum,2017-05-12,89.43,93.12,88.66,88.66,145825000.0,8184930000.0
ethereum-classic,2017-05-12,6.48,6.67,6.34,6.34,18365500.0,592771000.0
lisk,2017-05-12,0.545272,0.6211979999999999,0.537953,0.579403,1057590.0,58263500.0
litecoin,2017-05-12,30.93,31.68,27.37,27.45,110569000.0,1579240000
monero,2017-05-12,29.61,30.29,28.3,28.68,8023910.0,427789000
nano,2017-05-12,0.014447,0.017927000000000002,0.013912,0.014195,6114.0,956371.0
nem,2017-05-12,0.109394,0.132912,0.10913900000000001,0.13003599999999998,12794300.0,984546000
neo,2017-05-12,0.48087399999999997,0.508175,0.469682,0.487684,548028.0,24043700.0
ripple,2017-05-12,0.18275999999999998,0.209535,0.18098399999999998,0.20606799999999997,123635000.0,7000780000
siacoin,2017-05-12,0.0022370000000000003,0.002435,0.002235,0.00225,1620950.0,57813900.0
steem,2017-05-12,0.764269,0.878835,0.7139,0.744853,4348360.0,178171000
stellar,2017-05-12,0.037228,0.046143,0.036248,0.040706,82480400.0,355144000
verge,2017-05-12,0.000146,0.000198,0.000135,0.000136,91463.0,1963620
zcash,2017-05-12,95.37,101.69,95.27,97.44,7739710.0,122184000
bitcoin,2017-05-13,1723.12,1812.99,1651.08,1804.91,579635000.0,28132300000
bitshares,2017-05-13,0.038643000000000004,0.038883,0.034601,0.037301999999999995,4382080.0,100491000
bytecoin-bcn,2017-05-13,0.00047599999999999997,0.000489,0.000439,0.000462,398589.0,87109800
dash,2017-05-13,86.75,89.75,83.5,89.35,14419400.0,632643000
dogecoin,2017-05-13,0.001188,0.001212,0.001123,0.001184,5599360.0,129896000
ethereum,2017-05-13,88.69,93.81,86.66,90.84,88742200.0,8120390000.0
ethereum-classic,2017-05-13,6.33,6.37,6.01,6.14,12663500.0,579371000.0
lisk,2017-05-13,0.573503,0.596549,0.54928,0.562754,712993.0,61304800.0
litecoin,2017-05-13,27.22,28.91,25.52,28.91,83564400.0,1390150000
monero,2017-05-13,28.59,28.73,27.22,28.47,7213280.0,413130000
nano,2017-05-13,0.014165,0.015739,0.012193,0.013479,9681.0,943556.0
nem,2017-05-13,0.131123,0.13298800000000002,0.11573399999999999,0.12706199999999998,9053670.0,1180110000
neo,2017-05-13,0.48787299999999995,0.491284,0.451528,0.484544,616908.0,24393600.0
ripple,2017-05-13,0.206697,0.223602,0.18698,0.214878,117101000.0,7917710000
siacoin,2017-05-13,0.002241,0.0024649999999999997,0.002157,0.0023309999999999997,1951460.0,57993900.0
steem,2017-05-13,0.739904,0.760745,0.692427,0.7270979999999999,2153340.0,172584000
stellar,2017-05-13,0.039963,0.041415,0.031632,0.037586,38550000.0,381237000
verge,2017-05-13,0.000136,0.000171,0.00011999999999999999,0.000124,33434.0,1823470
zcash,2017-05-13,97.38,98.21,94.01,96.58,4761440.0,125467000
bitcoin,2017-05-14,1800.86,1831.42,1776.62,1808.91,437196000.0,29405100000
bitshares,2017-05-14,0.037519,0.039806,0.036791000000000004,0.039198000000000004,4358400.0,97574200
bytecoin-bcn,2017-05-14,0.000446,0.000489,0.00043200000000000004,0.000466,356941.0,81481600
dash,2017-05-14,89.56,90.97,88.53,89.8,12006000.0,653270000
dogecoin,2017-05-14,0.001198,0.001274,0.001188,0.001274,4752270.0,130990000
ethereum,2017-05-14,90.87,91.25,89.61,90.79,66046600.0,8322380000.0
ethereum-classic,2017-05-14,6.17,7.08,6.17,6.83,29682700.0,565543000.0
lisk,2017-05-14,0.564176,0.61288,0.564176,0.590805,598750.0,60331900.0
litecoin,2017-05-14,29.09,30.45,27.79,28.89,67853200.0,1486220000
monero,2017-05-14,28.51,29.16,27.79,28.53,7419170.0,412198000
nano,2017-05-14,0.013522,0.017605000000000003,0.012803,0.014367,17698.0,906281.0
nem,2017-05-14,0.12753499999999998,0.130717,0.122602,0.125946,6278030.0,1147820000
neo,2017-05-14,0.483372,0.490861,0.473253,0.47754300000000005,501693.0,24168600.0
ripple,2017-05-14,0.215179,0.22348600000000002,0.211186,0.220223,69732000.0,8242620000
siacoin,2017-05-14,0.0023420000000000003,0.002723,0.0023420000000000003,0.002723,3013850.0,60677600.0
steem,2017-05-14,0.72888,0.807585,0.7230989999999999,0.755364,2239850.0,170085000
stellar,2017-05-14,0.037482,0.041151,0.03652,0.038648,24580000.0,357571000
verge,2017-05-14,0.000125,0.00016299999999999998,0.000125,0.000161,17914.0,1673540
zcash,2017-05-14,96.71,98.35,94.34,96.7,5258320.0,125286000
bitcoin,2017-05-15,1808.44,1812.8,1708.54,1738.43,731529000.0,29532600000
bitshares,2017-05-15,0.039539,0.041075,0.036635,0.040268,6102760.0,102836000
bytecoin-bcn,2017-05-15,0.000466,0.000484,0.000425,0.000466,269608.0,85189300
dash,2017-05-15,89.88,91.9,84.6,91.49,15672900.0,655801000
dogecoin,2017-05-15,0.001275,0.001277,0.001098,0.0011279999999999999,5239470.0,139473000
ethereum,2017-05-15,90.78,95.43,86.83,92.41,170999000.0,8316930000.0
ethereum-classic,2017-05-15,6.83,6.83,6.36,6.41,19609300.0,625436000.0
lisk,2017-05-15,0.590845,0.613252,0.548955,0.561092,838855.0,63209300.0
litecoin,2017-05-15,28.89,28.93,25.19,25.37,97147900.0,1476700000
monero,2017-05-15,28.51,28.54,27.32,27.79,8160330.0,412305000
nano,2017-05-15,0.014375,0.01661,0.013314,0.014008000000000001,11549.0,969343.0
nem,2017-05-15,0.125736,0.127434,0.117503,0.117825,8761660.0,1131620000
neo,2017-05-15,0.477364,0.4933,0.45415,0.47005699999999995,897219.0,23868200.0
ripple,2017-05-15,0.22006900000000001,0.27071999999999996,0.22006900000000001,0.27071999999999996,223923000.0,8429940000
siacoin,2017-05-15,0.002736,0.002788,0.002462,0.002724,5851600.0,70985200.0
steem,2017-05-15,0.752038,0.9980690000000001,0.7075199999999999,0.895444,9503920.0,175577000
stellar,2017-05-15,0.038588,0.043637999999999996,0.037598,0.043552,45247300.0,368128000
verge,2017-05-15,0.000161,0.00028199999999999997,0.000132,0.00014,23049.0,2156810
zcash,2017-05-15,96.79,97.81,93.15,93.57,6412220.0,126091000
bitcoin,2017-05-16,1741.7,1785.94,1686.54,1734.45,959045000.0,28446300000
bitshares,2017-05-16,0.040652999999999995,0.048179,0.039444,0.04595,14058000.0,105737000
bytecoin-bcn,2017-05-16,0.000449,0.000849,0.00042300000000000004,0.000799,3867430.0,82107900
dash,2017-05-16,91.68,91.68,85.09,85.59,14638900.0,669083000
dogecoin,2017-05-16,0.001123,0.001125,0.000995,0.001059,7799600.0,122785000
ethereum,2017-05-16,92.39,93.56,89.12,89.44,152285000.0,8466470000.0
ethereum-classic,2017-05-16,6.39,6.51,6.03,6.26,22364100.0,585399000.0
lisk,2017-05-16,0.558597,0.568466,0.512073,0.512111,1029190.0,59783300.0
litecoin,2017-05-16,25.34,25.34,22.81,23.33,136875000.0,1295310000
monero,2017-05-16,27.73,27.73,25.96,26.26,9801320.0,401220000
nano,2017-05-16,0.013987999999999999,0.017491,0.013661000000000001,0.015187,25262.0,948947.0
nem,2017-05-16,0.11719600000000001,0.12115799999999999,0.1056,0.1074,14914200.0,1054760000
neo,2017-05-16,0.474567,0.474567,0.45255100000000004,0.463667,637204.0,23728400.0
ripple,2017-05-16,0.26982399999999995,0.34986100000000003,0.26982399999999995,0.34986100000000003,440882000.0,10335800000
siacoin,2017-05-16,0.002705,0.002729,0.002518,0.00262,5100050.0,70268700.0
steem,2017-05-16,0.8667459999999999,1.01,0.80203,0.802864,7973670.0,202443000
stellar,2017-05-16,0.043404000000000005,0.051660000000000005,0.043404000000000005,0.049368,88963700.0,414824000
verge,2017-05-16,0.00014,0.000154,0.000121,0.000139,30949.0,1871060
zcash,2017-05-16,93.53,94.43,90.19,90.6,5421060.0,122524000
bitcoin,2017-05-17,1726.73,1864.05,1661.91,1839.09,1064730000.0,28204800000
bitshares,2017-05-17,0.04625,0.049485,0.043099,0.048664,10693400.0,120299000
bytecoin-bcn,2017-05-17,0.0007639999999999999,0.001853,0.000621,0.0018390000000000001,33245300.0,139768000
dash,2017-05-17,85.64,85.79,81.89,83.26,15847600.0,625221000
dogecoin,2017-05-17,0.001068,0.001396,0.001068,0.001318,19914100.0,116789000
ethereum,2017-05-17,89.25,91.27,84.43,89.86,183031000.0,8181520000.0
ethereum-classic,2017-05-17,6.24,6.28,5.74,5.93,29290700.0,571892000.0
lisk,2017-05-17,0.499086,0.5881460000000001,0.486001,0.563763,1420630.0,53435800.0
litecoin,2017-05-17,23.24,25.95,20.8,25.4,141118000.0,1188550000
monero,2017-05-17,26.37,27.97,25.28,26.93,10576800.0,381592000
nano,2017-05-17,0.015183000000000002,0.018237,0.014704,0.016316999999999998,23792.0,1035220.0
nem,2017-05-17,0.105303,0.123851,0.09705,0.12035799999999999,13923900.0,947727000
neo,2017-05-17,0.46428500000000006,0.531643,0.45410100000000003,0.531643,1328670.0,23214200.0
ripple,2017-05-17,0.355124,0.43517,0.326358,0.39413200000000004,470974000.0,13603300000
siacoin,2017-05-17,0.002616,0.004705,0.002566,0.004108,25735100.0,68037000.0
steem,2017-05-17,0.795976,0.8946930000000001,0.7393390000000001,0.837306,5012230.0,185953000
stellar,2017-05-17,0.049946,0.054295,0.039445999999999995,0.048568,62153000.0,477352000
verge,2017-05-17,0.000139,0.00016999999999999999,0.00011999999999999999,0.00016299999999999998,68910.0,1865150
zcash,2017-05-17,90.64,93.6,87.27,92.66,7980650.0,119361000
bitcoin,2017-05-18,1818.7,1904.48,1807.12,1888.65,894321000.0,29710500000
bitshares,2017-05-18,0.048483,0.06093,0.046896,0.060769000000000004,13858300.0,126112000
bytecoin-bcn,2017-05-18,0.001811,0.002543,0.001093,0.001652,37469500.0,331226000
dash,2017-05-18,83.21,89.8,83.21,89.73,14126000.0,607656000
dogecoin,2017-05-18,0.001318,0.0016469999999999998,0.0012900000000000001,0.001508,30426900.0,144198000
ethereum,2017-05-18,89.84,97.37,89.84,96.91,196237000.0,8238110000.0
ethereum-classic,2017-05-18,5.92,6.76,5.89,6.73,41864200.0,543449000.0
lisk,2017-05-18,0.564117,0.615139,0.544365,0.615139,1248860.0,60422800.0
litecoin,2017-05-18,25.17,29.01,25.12,28.36,115830000.0,1287210000
monero,2017-05-18,26.98,31.11,26.98,30.33,15586800.0,390685000
nano,2017-05-18,0.016309,0.018226,0.013311000000000002,0.016358,24371.0,1118410.0
nem,2017-05-18,0.120129,0.21493099999999998,0.120129,0.21493099999999998,72737900.0,1081160000
neo,2017-05-18,0.533423,0.552265,0.514519,0.539481,1201540.0,26671200.0
ripple,2017-05-18,0.394931,0.408012,0.33111599999999997,0.364869,237644000.0,15128200000
siacoin,2017-05-18,0.004096,0.0043549999999999995,0.003692,0.004111,13870400.0,106631000.0
steem,2017-05-18,0.8452770000000001,1.02,0.833823,0.9732780000000001,5785910.0,197408000
stellar,2017-05-18,0.048089,0.048857,0.042866,0.04627,32403600.0,459646000
verge,2017-05-18,0.00016299999999999998,0.000302,0.000145,0.000245,545512.0,2181100
zcash,2017-05-18,92.72,95.08,88.94,94.92,6969390.0,122765000
bitcoin,2017-05-19,1897.37,2004.52,1890.25,1987.71,1157290000.0,30999000000
bitshares,2017-05-19,0.060395000000000004,0.08076699999999999,0.059065999999999994,0.08076699999999999,27672500.0,157104000
bytecoin-bcn,2017-05-19,0.001553,0.0016820000000000001,0.00112,0.0013460000000000002,2015260.0,284030000
dash,2017-05-19,89.87,101.1,88.77,98.98,25889600.0,656468000
dogecoin,2017-05-19,0.0015119999999999999,0.001594,0.001424,0.001518,15752100.0,165437000
ethereum,2017-05-19,97.05,133.56,97.05,129.53,626945000.0,8902240000.0
ethereum-classic,2017-05-19,6.72,8.22,6.62,7.99,90591100.0,616144000.0
lisk,2017-05-19,0.607173,0.752293,0.593741,0.686646,3161790.0,65060800.0
litecoin,2017-05-19,28.29,28.41,26.78,27.7,96923800.0,1447310000
monero,2017-05-19,30.31,31.87,30.28,31.87,10692300.0,439025000
nano,2017-05-19,0.016367,0.019753,0.009866,0.019719,61381.0,1129130.0
nem,2017-05-19,0.22112199999999999,0.26982,0.19459500000000002,0.21286300000000002,73752700.0,1990100000
neo,2017-05-19,0.539752,0.682251,0.539752,0.6318600000000001,1884600.0,26987600.0
ripple,2017-05-19,0.363505,0.363505,0.300794,0.327801,269894000.0,14006800000
siacoin,2017-05-19,0.004161,0.006679000000000001,0.0040219999999999995,0.0066159999999999995,27964900.0,108436000.0
steem,2017-05-19,0.947874,1.15,0.947874,1.05,5361330.0,221361000
stellar,2017-05-19,0.046301999999999996,0.055402,0.045009,0.049576999999999996,43101100.0,442621000
verge,2017-05-19,0.000245,0.00048499999999999997,0.000245,0.000373,1446320.0,3287510
zcash,2017-05-19,94.61,108.15,94.61,106.08,11538100.0,125961000
bitcoin,2017-05-20,1984.24,2084.73,1974.92,2084.73,961336000.0,32422400000
bitshares,2017-05-20,0.08051900000000001,0.093142,0.077172,0.090412,37864200.0,209458000
bytecoin-bcn,2017-05-20,0.001347,0.0024289999999999997,0.0013449999999999998,0.00237,18506000.0,246375000
dash,2017-05-20,98.83,105.87,98.69,100.77,22378100.0,722090000
dogecoin,2017-05-20,0.001511,0.0019210000000000002,0.001478,0.0019,23947700.0,165349000
ethereum,2017-05-20,129.22,133.64,124.7,126.52,331455000.0,11856600000.0
ethereum-classic,2017-05-20,7.99,8.21,7.41,7.41,38813800.0,733122000.0
lisk,2017-05-20,0.691283,0.768597,0.6860069999999999,0.766393,1846660.0,74103300.0
litecoin,2017-05-20,27.68,28.16,27.2,27.51,59065000.0,1416690000
monero,2017-05-20,31.82,36.78,31.27,35.1,23733000.0,460963000
nano,2017-05-20,0.019697,0.020527,0.016209,0.020527,24413.0,1366940.0
nem,2017-05-20,0.21347,0.251969,0.20182999999999998,0.22501500000000002,28870600.0,1921230000
neo,2017-05-20,0.6381479999999999,0.671513,0.612225,0.665485,1476170.0,31907400.0
ripple,2017-05-20,0.328631,0.370361,0.30394099999999996,0.351634,237792000.0,12663000000
siacoin,2017-05-20,0.006647,0.008374,0.006014,0.008259,34537700.0,173445000.0
steem,2017-05-20,1.06,1.33,1.05,1.19,8484620.0,248538000
stellar,2017-05-20,0.049562,0.054898,0.049562,0.053888,28521900.0,474053000
verge,2017-05-20,0.000392,0.00041799999999999997,0.000336,0.000368,491970.0,5257290
zcash,2017-05-20,105.86,110.79,105.74,108.23,7298390.0,141697000
bitcoin,2017-05-21,2067.03,2119.08,2037.5,2041.2,1147860000.0,33779400000
bitshares,2017-05-21,0.090672,0.108477,0.088778,0.100298,33733900.0,235879000
bytecoin-bcn,2017-05-21,0.0023510000000000002,0.004454,0.002313,0.003822,4276130.0,429998000
dash,2017-05-21,100.72,102.35,98.01,102.03,19898000.0,736086000
dogecoin,2017-05-21,0.0019100000000000002,0.003062,0.0019100000000000002,0.003062,105483000.0,209088000
ethereum,2017-05-21,127.54,159.03,125.89,157.94,570361000.0,11705700000.0
ethereum-classic,2017-05-21,7.39,9.4,7.37,9.4,64632100.0,678664000.0
lisk,2017-05-21,0.769726,0.8724559999999999,0.765633,0.801484,2765610.0,82545400.0
litecoin,2017-05-21,27.48,28.74,25.73,26.3,104882000.0,1406610000
monero,2017-05-21,35.04,36.46,33.35,34.64,10952100.0,507841000
nano,2017-05-21,0.020519,0.024611,0.019148,0.019803,19092.0,1432440.0
nem,2017-05-21,0.225566,0.253217,0.219717,0.24404099999999998,22914700.0,2030090000
neo,2017-05-21,0.665434,0.744667,0.6188640000000001,0.664141,2621930.0,33271700.0
ripple,2017-05-21,0.353164,0.367636,0.33222199999999996,0.336201,129765000.0,13608300000
siacoin,2017-05-21,0.008648999999999999,0.012221,0.008648999999999999,0.01067,69203400.0,225975000.0
steem,2017-05-21,1.19,1.3,1.13,1.3,6177170.0,278663000
stellar,2017-05-21,0.053996,0.06744299999999999,0.052949,0.060842999999999994,68217900.0,516464000
verge,2017-05-21,0.000368,0.000974,0.00032599999999999996,0.000974,2587680.0,4936910
zcash,2017-05-21,108.36,122.02,106.55,119.81,11511500.0,145825000
bitcoin,2017-05-22,2043.19,2303.9,2017.87,2173.4,1942220000.0,33393600000
bitshares,2017-05-22,0.100517,0.100517,0.075632,0.086625,24227200.0,261499000
bytecoin-bcn,2017-05-22,0.0038020000000000003,0.004838,0.002991,0.0035670000000000003,33046600.0,695459000
dash,2017-05-22,101.67,146.8,96.29,120.73,76089200.0,743266000
dogecoin,2017-05-22,0.003095,0.003766,0.002487,0.0034049999999999996,122287000.0,338842000
ethereum,2017-05-22,158.17,201.75,152.47,174.26,1188910000.0,14522100000.0
ethereum-classic,2017-05-22,9.0,11.0,8.94,9.9,169832000.0,826321000.0
lisk,2017-05-22,0.801021,0.868668,0.747938,0.836191,2835930.0,85935800.0
litecoin,2017-05-22,26.14,27.5,23.27,25.38,164829000.0,1338680000
monero,2017-05-22,34.8,41.18,33.27,36.17,28469700.0,504584000
nano,2017-05-22,0.01987,0.025981,0.019805,0.02265,39256.0,1395240.0
nem,2017-05-22,0.243594,0.29314,0.219388,0.259399,33772700.0,2192350000
neo,2017-05-22,0.6820069999999999,0.742591,0.669175,0.720486,2331300.0,34100400.0
ripple,2017-05-22,0.338403,0.345412,0.27009099999999997,0.317954,265699000.0,13039500000
siacoin,2017-05-22,0.010595,0.010595,0.007736,0.008868000000000001,47962700.0,277289000.0
steem,2017-05-22,1.31,1.31,0.974766,1.14,5656130.0,305563000
stellar,2017-05-22,0.06254900000000001,0.06491,0.046861,0.051003,51927100.0,602024000
verge,2017-05-22,0.0009570000000000001,0.00147,0.000734,0.000907,5242510.0,12837800
zcash,2017-05-22,120.45,278.57,120.45,203.19,103976000.0,162935000
bitcoin,2017-05-23,2191.56,2320.82,2178.5,2320.42,1378750000.0,35822600000
bitshares,2017-05-23,0.087388,0.097879,0.085645,0.094623,17262900.0,227352000
bytecoin-bcn,2017-05-23,0.0035770000000000003,0.004052,0.0034630000000000004,0.003803,12918600.0,654294000
dash,2017-05-23,120.38,144.18,117.86,138.07,51407800.0,880270000
dogecoin,2017-05-23,0.003367,0.004031,0.003125,0.0035619999999999996,69025700.0,368587000
ethereum,2017-05-23,170.82,183.55,169.93,181.95,530709000.0,15688000000.0
ethereum-classic,2017-05-23,9.97,11.94,9.84,11.94,116546000.0,915912000.0
lisk,2017-05-23,0.831967,0.9991469999999999,0.810524,0.98705,2964880.0,89291700.0
litecoin,2017-05-23,25.3,32.11,24.93,32.11,216875000.0,1296170000
monero,2017-05-23,36.31,56.84,36.3,55.62,68629500.0,526642000
nano,2017-05-23,0.022616999999999998,0.026139999999999997,0.02238,0.025879000000000003,22909.0,1597250.0
nem,2017-05-23,0.260135,0.273548,0.24660700000000002,0.2651,19114200.0,2341210000
neo,2017-05-23,0.721726,0.901805,0.6951149999999999,0.877157,3858760.0,36086300.0
ripple,2017-05-23,0.313347,0.354014,0.29189299999999996,0.323368,153050000.0,12074100000
siacoin,2017-05-23,0.008834,0.011332,0.00878,0.009704,45783500.0,231558000.0
steem,2017-05-23,1.14,1.32,1.11,1.24,5825390.0,265548000
stellar,2017-05-23,0.051216,0.057882,0.050558,0.0555,27316000.0,492950000
verge,2017-05-23,0.0009480000000000001,0.001285,0.000802,0.001219,2262820.0,12712600
zcash,2017-05-23,203.79,299.44,195.51,239.49,87792200.0,277175000
bitcoin,2017-05-24,2321.37,2523.72,2321.37,2443.64,1725380000.0,37949200000
bitshares,2017-05-24,0.094467,0.106778,0.09236699999999999,0.093079,19314000.0,245778000
bytecoin-bcn,2017-05-24,0.003725,0.003958,0.002263,0.002513,2351110.0,681446000
dash,2017-05-24,139.1,157.09,139.1,144.63,47161500.0,1017440000
dogecoin,2017-05-24,0.003543,0.004044,0.0035240000000000002,0.0036590000000000004,55427800.0,387970000
ethereum,2017-05-24,182.65,228.37,182.45,190.05,561014000.0,16779700000.0
ethereum-classic,2017-05-24,12.02,21.3,11.9,18.87,319906000.0,1104910000.0
lisk,2017-05-24,1.0,1.73,0.9937950000000001,1.58,26611500.0,107695000.0
litecoin,2017-05-24,32.12,35.16,31.71,34.45,196292000.0,1645910000
monero,2017-05-24,56.31,58.64,44.04,45.38,95915700.0,817013000
nano,2017-05-24,0.025910000000000002,0.040638,0.025910000000000002,0.040638,64214.0,1840640.0
nem,2017-05-24,0.266879,0.274258,0.220504,0.261565,23787600.0,2401910000
neo,2017-05-24,0.8789540000000001,1.9,0.8634440000000001,1.76,22900400.0,43947700.0
qtum,2017-05-24,6.42,6.76,5.68,6.19,11221600.0,
ripple,2017-05-24,0.325054,0.357358,0.293009,0.29589,166168000.0,12525200000
siacoin,2017-05-24,0.009770000000000001,0.010272,0.008888,0.00915,27924400.0,256509000.0
steem,2017-05-24,1.24,1.42,1.2,1.23,6237100.0,288475000
stellar,2017-05-24,0.055402999999999994,0.058619000000000004,0.0489,0.051364,33639600.0,533257000
verge,2017-05-24,0.001175,0.0016879999999999998,0.001075,0.001536,3132970.0,15758400
zcash,2017-05-24,239.06,285.79,234.34,238.6,51125500.0,326874000
bitcoin,2017-05-25,2446.24,2763.71,2285.3,2304.98,2406700000.0,39995400000
bitshares,2017-05-25,0.09270199999999999,0.093675,0.074035,0.079459,19546800.0,241195000
bytecoin-bcn,2017-05-25,0.002434,0.003259,0.002224,0.002447,1039700.0,445344000
dash,2017-05-25,143.2,145.14,118.68,119.63,60488800.0,1047690000
dogecoin,2017-05-25,0.0037020000000000004,0.0037119999999999996,0.002921,0.002994,47384900.0,405386000
ethereum,2017-05-25,189.85,210.98,170.51,174.45,943637000.0,17446600000.0
ethereum-classic,2017-05-25,19.22,22.35,15.76,16.35,575964000.0,1767600000.0
lisk,2017-05-25,1.6,1.62,1.1,1.14,5840190.0,171557000.0
litecoin,2017-05-25,34.47,36.21,28.87,29.9,687651000.0,1766650000
monero,2017-05-25,45.52,50.9,39.5,40.12,52485500.0,660745000
nano,2017-05-25,0.041822000000000005,0.043358999999999995,0.029729000000000002,0.030537,27429.0,2988190.0
nem,2017-05-25,0.261542,0.261542,0.197161,0.206736,24245600.0,2353880000
neo,2017-05-25,1.74,1.74,1.01,1.11,12458000.0,87149500.0
qtum,2017-05-25,6.19,6.29,4.57,4.66,6211020.0,
ripple,2017-05-25,0.29183400000000004,0.303467,0.238308,0.246065,237805000.0,11245100000
siacoin,2017-05-25,0.009056999999999999,0.010012,0.007383,0.009231,27509800.0,238103000.0
steem,2017-05-25,1.22,1.33,1.07,1.08,4663780.0,285741000
stellar,2017-05-25,0.050931,0.051210000000000006,0.039599,0.040021,38523600.0,490217000
verge,2017-05-25,0.00146,0.00162,0.0011359999999999999,0.001153,2124070.0,19583200
zcash,2017-05-25,236.98,269.77,205.6,224.46,45598300.0,325697000
bitcoin,2017-05-26,2320.89,2573.79,2071.99,2202.42,1763480000.0,37950600000
bitshares,2017-05-26,0.076994,0.087626,0.051688,0.059636,14679300.0,200331000
bytecoin-bcn,2017-05-26,0.0024649999999999997,0.003679,0.002131,0.002176,1679820.0,450989000
dash,2017-05-26,118.61,139.46,110.03,112.94,45411400.0,868031000
dogecoin,2017-05-26,0.00295,0.0032770000000000004,0.002302,0.002424,32173900.0,323102000
ethereum,2017-05-26,175.22,193.69,150.28,160.4,792458000.0,16107000000.0
ethereum-classic,2017-05-26,16.52,17.99,13.17,14.26,321918000.0,1519550000.0
lisk,2017-05-26,1.14,1.45,0.9456889999999999,1.08,5264140.0,122385000.0
litecoin,2017-05-26,30.33,31.32,22.56,23.75,484254000.0,1554680000
monero,2017-05-26,39.81,44.61,34.84,38.71,24735300.0,578017000
nano,2017-05-26,0.030299,0.03508,0.023691,0.023705,34003.0,2176860.0
nem,2017-05-26,0.204998,0.239563,0.17285799999999998,0.182618,20842000.0,1844980000
neo,2017-05-26,1.11,1.22,0.69411,0.826549,6847940.0,55293000.0
qtum,2017-05-26,4.66,5.33,3.39,4.1,5116020.0,
ripple,2017-05-26,0.245083,0.327812,0.245083,0.271808,253935000.0,9374260000
siacoin,2017-05-26,0.009264,0.009692000000000001,0.006690000000000001,0.007123999999999999,17252100.0,243823000.0
steem,2017-05-26,1.08,1.31,0.927384,0.9608760000000001,4110000.0,252678000
stellar,2017-05-26,0.039485,0.052619000000000006,0.036826,0.041065,29999000.0,380046000
verge,2017-05-26,0.001121,0.001369,0.000973,0.001026,1045830.0,15037100
zcash,2017-05-26,222.02,252.28,179.41,197.88,30254100.0,306780000
bitcoin,2017-05-27,2196.27,2260.2,1855.83,2038.87,1700480000.0,35917100000
bitshares,2017-05-27,0.059647000000000006,0.063488,0.040652,0.060441999999999996,21151000.0,155200000
bytecoin-bcn,2017-05-27,0.001977,0.002889,0.0017809999999999998,0.002475,6772810.0,361651000
dash,2017-05-27,113.35,117.76,89.05,99.2,39936600.0,829763000
dogecoin,2017-05-27,0.002428,0.002571,0.0017,0.002541,51605800.0,265906000
ethereum,2017-05-27,159.82,166.95,120.44,157.76,1217060000.0,14696000000.0
ethereum-classic,2017-05-27,13.96,16.26,10.58,16.26,220003000.0,1282250000.0
lisk,2017-05-27,1.09,1.2,0.773649,1.02,4198240.0,116767000.0
litecoin,2017-05-27,23.4,25.43,20.1,23.74,505424000.0,1200170000
monero,2017-05-27,38.71,40.79,28.69,33.41,20990300.0,562314000
nano,2017-05-27,0.024302,0.024956,0.019500999999999998,0.020707,4349.0,1756290.0
nem,2017-05-27,0.181294,0.19884000000000002,0.118976,0.19884000000000002,28283500.0,1631650000
neo,2017-05-27,0.806824,1.03,0.598245,0.982348,7025920.0,40341200.0
qtum,2017-05-27,4.05,4.53,3.19,4.53,7046840.0,
ripple,2017-05-27,0.27269699999999997,0.28336300000000003,0.16234500000000002,0.212549,255532000.0,10430500000
siacoin,2017-05-27,0.006962,0.007187000000000001,0.004751,0.006698999999999999,18964100.0,183440000.0
steem,2017-05-27,0.961441,0.9979290000000001,0.630137,0.8197549999999999,4019140.0,224638000
stellar,2017-05-27,0.040732,0.043088,0.023228,0.033024,34650400.0,392052000
verge,2017-05-27,0.001051,0.001105,0.0006389999999999999,0.000834,902966.0,14098300
zcash,2017-05-27,198.72,204.81,147.19,190.82,27968300.0,275981000
bitcoin,2017-05-28,2054.08,2267.34,2054.08,2155.8,1147140000.0,33595900000
bitshares,2017-05-28,0.060653,0.070662,0.05285,0.062077999999999994,15400900.0,157818000
bytecoin-bcn,2017-05-28,0.002489,0.00283,0.002058,0.002539,5675340.0,455346000
dash,2017-05-28,100.42,115.58,100.42,108.14,39651700.0,735254000
dogecoin,2017-05-28,0.002583,0.002858,0.002304,0.002579,34751700.0,282965000
ethereum,2017-05-28,158.82,179.94,157.6,170.51,717971000.0,14608600000.0
ethereum-classic,2017-05-28,16.56,17.36,14.1,16.13,159009000.0,1523730000.0
lisk,2017-05-28,1.02,1.17,0.919429,1.05,2280430.0,109795000.0
litecoin,2017-05-28,24.01,26.07,22.11,24.22,377039000.0,1231490000
monero,2017-05-28,33.43,39.39,33.43,36.84,19020300.0,485858000
nano,2017-05-28,0.020831,0.026456999999999998,0.020831,0.02324,3563.0,1513700.0
nem,2017-05-28,0.202523,0.22758499999999998,0.1757,0.20812600000000003,19680000.0,1822710000
neo,2017-05-28,0.989557,1.07,0.814832,0.930106,5133830.0,49477900.0
qtum,2017-05-28,4.86,5.06,4.19,4.62,4353380.0,
ripple,2017-05-28,0.212887,0.24239499999999997,0.204652,0.229554,122253000.0,8142790000
siacoin,2017-05-28,0.006723999999999999,0.007701,0.006156,0.006737999999999999,13343200.0,177363000.0
steem,2017-05-28,0.8151649999999999,1.05,0.8151649999999999,0.957411,3137380.0,190537000
stellar,2017-05-28,0.033198000000000005,0.039951,0.030864,0.035364,22760700.0,319531000
verge,2017-05-28,0.000839,0.001066,0.000796,0.000935,592817.0,11254600
zcash,2017-05-28,191.36,211.97,182.67,196.32,17904800.0,267127000
bitcoin,2017-05-29,2159.43,2307.05,2107.17,2255.61,994625000.0,35323500000
bitshares,2017-05-29,0.061266999999999995,0.06664099999999999,0.058328,0.065819,8702930.0,159418000
bytecoin-bcn,2017-05-29,0.0025280000000000003,0.002576,0.002367,0.002451,4576010.0,462496000
dash,2017-05-29,107.93,119.2,105.64,117.26,35802200.0,790454000
dogecoin,2017-05-29,0.00253,0.002843,0.002427,0.002732,19870300.0,277206000
ethereum,2017-05-29,170.13,197.13,164.53,194.91,718828000.0,15654600000.0
ethereum-classic,2017-05-29,16.23,17.42,15.24,17.1,100235000.0,1494310000.0
lisk,2017-05-29,1.05,1.09,0.9824649999999999,1.04,1529040.0,112500000.0
litecoin,2017-05-29,24.32,25.69,23.28,25.21,219796000.0,1248110000
monero,2017-05-29,36.76,43.81,36.06,41.21,31360800.0,534431000
nano,2017-05-29,0.023193000000000002,0.026712,0.022325,0.023415000000000002,20422.0,1694860.0
nem,2017-05-29,0.206308,0.21485500000000002,0.193927,0.208717,9990310.0,1856770000
neo,2017-05-29,0.9217270000000001,0.974728,0.873447,0.966765,2171000.0,46086400.0
qtum,2017-05-29,4.64,4.88,4.36,4.6,2205420.0,
ripple,2017-05-29,0.22718899999999997,0.24281999999999998,0.214777,0.23206999999999997,86555600.0,8689830000
siacoin,2017-05-29,0.006693000000000001,0.008419,0.006593000000000001,0.008059,14410100.0,176717000.0
steem,2017-05-29,0.952227,1.01,0.8915420000000001,0.970867,1857810.0,222812000
stellar,2017-05-29,0.035289,0.038676999999999996,0.033736,0.037044,14856200.0,341020000
verge,2017-05-29,0.000933,0.0009390000000000001,0.000837,0.0008880000000000001,437332.0,12511000
zcash,2017-05-29,195.88,208.7,189.79,205.57,18855000.0,274861000
bitcoin,2017-05-30,2255.36,2301.96,2124.57,2175.47,1443970000.0,36897000000
bitshares,2017-05-30,0.065848,0.071906,0.062611,0.06425499999999999,12222200.0,171339000
bytecoin-bcn,2017-05-30,0.0024289999999999997,0.0027370000000000003,0.002175,0.002179,5346570.0,444433000
dash,2017-05-30,117.17,127.0,115.4,121.13,42919400.0,858404000
dogecoin,2017-05-30,0.002734,0.002994,0.00257,0.002623,22734100.0,299563000
ethereum,2017-05-30,195.61,233.71,189.29,231.91,1586670000.0,18004700000.0
ethereum-classic,2017-05-30,17.13,18.86,16.88,18.54,151989000.0,1577830000.0
lisk,2017-05-30,1.05,1.32,1.02,1.1,4453960.0,112837000.0
litecoin,2017-05-30,25.32,26.13,24.03,24.14,216944000.0,1299460000
monero,2017-05-30,41.29,45.65,39.66,39.79,23048100.0,600461000
nano,2017-05-30,0.023441999999999998,0.067569,0.023344999999999998,0.027456,21262.0,1723050.0
nem,2017-05-30,0.20825900000000003,0.226354,0.186042,0.186042,13067800.0,1874330000
neo,2017-05-30,0.975403,1.13,0.9705729999999999,1.02,5393720.0,48770200.0
qtum,2017-05-30,4.62,5.07,4.53,4.65,2836480.0,
ripple,2017-05-30,0.23219099999999998,0.237367,0.20532399999999998,0.20532399999999998,92808700.0,8881150000
siacoin,2017-05-30,0.008091,0.00881,0.007686,0.007797,21492800.0,213820000.0
steem,2017-05-30,0.970721,1.02,0.9172100000000001,0.9257920000000001,2088460.0,227345000
stellar,2017-05-30,0.036752999999999994,0.038143,0.030931,0.031009,15039500.0,355173000
verge,2017-05-30,0.000889,0.000949,0.000742,0.000742,548715.0,11915200
zcash,2017-05-30,206.01,246.78,203.15,232.93,35817600.0,290541000
bitcoin,2017-05-31,2187.19,2311.08,2145.57,2286.41,1544830000.0,35786700000
bitshares,2017-05-31,0.064452,0.06584,0.060336,0.065332,7652850.0,167711000
bytecoin-bcn,2017-05-31,0.002204,0.002298,0.0020870000000000003,0.002177,4469060.0,403212000
dash,2017-05-31,121.85,141.84,117.98,135.97,59781000.0,892886000
dogecoin,2017-05-31,0.002639,0.002739,0.002392,0.002657,19840600.0,289240000
ethereum,2017-05-31,231.58,236.97,215.57,230.67,1271600000.0,21321900000.0
ethereum-classic,2017-05-31,18.74,18.74,16.68,17.68,169218000.0,1726710000.0
lisk,2017-05-31,1.1,1.21,1.09,1.2,2314240.0,118519000.0
litecoin,2017-05-31,24.29,25.57,23.18,25.3,298675000.0,1247240000
monero,2017-05-31,39.83,43.11,39.23,41.83,15027900.0,579429000
nano,2017-05-31,0.027563999999999998,0.035427,0.027563999999999998,0.030935,34151.0,2036850.0
nem,2017-05-31,0.185792,0.209011,0.177018,0.20206500000000002,13405700.0,1672130000
neo,2017-05-31,1.02,1.08,0.9665309999999999,1.03,3001020.0,51167000.0
qtum,2017-05-31,4.61,4.88,4.5,4.86,3011070.0,
ripple,2017-05-31,0.20536,0.247677,0.193839,0.24659,160620000.0,7854880000
siacoin,2017-05-31,0.007781999999999999,0.007842,0.007145,0.007476000000000001,15261900.0,205818000.0
steem,2017-05-31,0.929234,1.0,0.8553959999999999,0.950807,2570200.0,217655000
stellar,2017-05-31,0.0308,0.035262,0.029764999999999996,0.034273000000000005,20809500.0,297641000
verge,2017-05-31,0.000745,0.0008699999999999999,0.00073,0.000867,438933.0,9987350
zcash,2017-05-31,233.5,254.38,228.39,235.67,30347500.0,330973000
bitcoin,2017-06-01,2288.33,2448.39,2288.33,2407.88,1653180000.0,37446200000
bitshares,2017-06-01,0.065041,0.077817,0.065041,0.077113,15459200.0,169247000
bytecoin-bcn,2017-06-01,0.002186,0.002653,0.001941,0.001983,1123380.0,399992000
dash,2017-06-01,136.47,147.94,131.64,136.08,46692500.0,1000300000
dogecoin,2017-06-01,0.002665,0.002903,0.0026550000000000002,0.002867,23980700.0,292109000
ethereum,2017-06-01,230.89,236.22,214.48,222.24,812924000.0,21264800000.0
ethereum-classic,2017-06-01,17.62,17.94,16.63,16.83,129554000.0,1624040000.0
lisk,2017-06-01,1.2,1.36,1.18,1.36,2393340.0,129299000.0
litecoin,2017-06-01,25.34,29.62,25.3,28.8,420473000.0,1301540000
monero,2017-06-01,41.84,45.52,41.84,43.7,12849800.0,608922000
nano,2017-06-01,0.030963,0.035224,0.029989,0.033287,24034.0,2301230.0
nem,2017-06-01,0.20210999999999998,0.23795,0.20210999999999998,0.230595,16924700.0,1818990000
neo,2017-06-01,1.03,1.3,1.01,1.24,8061920.0,51383000.0
qtum,2017-06-01,4.86,8.37,4.78,7.79,28193200.0,
ripple,2017-06-01,0.243946,0.33679699999999996,0.243946,0.33365700000000004,588819000.0,9330770000
siacoin,2017-06-01,0.0074719999999999995,0.008527,0.007402,0.008492,20168700.0,197803000.0
steem,2017-06-01,0.950098,1.04,0.948211,1.0,2472990.0,222636000
stellar,2017-06-01,0.034424,0.044108,0.034347,0.043069,46517700.0,332674000
verge,2017-06-01,0.000868,0.0012380000000000002,0.000811,0.001175,1061320.0,11641300
zcash,2017-06-01,235.72,261.55,234.48,249.27,23902700.0,335810000
bitcoin,2017-06-02,2404.03,2488.55,2373.32,2488.55,1317030000.0,39344600000
bitshares,2017-06-02,0.077195,0.091161,0.077195,0.090561,24481300.0,200875000
bytecoin-bcn,2017-06-02,0.001968,0.003967,0.001966,0.0036829999999999996,23590900.0,360045000
dash,2017-06-02,137.08,145.88,136.33,145.29,39172500.0,1005050000
dogecoin,2017-06-02,0.002878,0.003101,0.002858,0.003026,34663300.0,315459000
ethereum,2017-06-02,222.29,229.41,219.58,223.78,469532000.0,20479000000.0
ethereum-classic,2017-06-02,16.84,17.51,16.84,17.38,74579100.0,1552150000.0
lisk,2017-06-02,1.36,1.43,1.25,1.39,2964900.0,146641000.0
litecoin,2017-06-02,28.9,29.89,27.74,28.94,332251000.0,1484470000
monero,2017-06-02,43.74,44.65,43.0,44.0,9539580.0,636754000
nano,2017-06-02,0.033302,0.040827999999999996,0.032237,0.037652,46215.0,2488770.0
nem,2017-06-02,0.230059,0.233015,0.21888600000000002,0.22784400000000002,13133400.0,2070530000
neo,2017-06-02,1.25,1.4,1.18,1.35,7157890.0,62290500.0
qtum,2017-06-02,7.86,13.6,7.86,13.46,54232400.0,
ripple,2017-06-02,0.33364499999999997,0.335809,0.29070999999999997,0.303448,293677000.0,12885900000
siacoin,2017-06-02,0.008513,0.010634000000000001,0.008436,0.010058,39687800.0,225553000.0
steem,2017-06-02,1.0,1.34,1.0,1.32,5171210.0,235431000
stellar,2017-06-02,0.043191,0.043705,0.038478,0.040226,15282100.0,417434000
verge,2017-06-02,0.001152,0.0018030000000000001,0.001085,0.001609,3449880.0,15448400
zcash,2017-06-02,249.16,257.29,240.15,241.68,15822200.0,356721000
bitcoin,2017-06-03,2493.72,2581.91,2423.57,2515.35,1514950000.0,40817100000
bitshares,2017-06-03,0.09034400000000001,0.10005900000000001,0.08378300000000001,0.097184,22652200.0,235096000
bytecoin-bcn,2017-06-03,0.003728,0.003774,0.002321,0.002682,2304060.0,682077000
dash,2017-06-03,145.28,148.42,142.8,144.29,39144000.0,1065460000
dogecoin,2017-06-03,0.003022,0.003375,0.002814,0.003251,40595200.0,331309000
ethereum,2017-06-03,223.46,225.97,219.42,224.38,427896000.0,20593500000.0
ethereum-classic,2017-06-03,17.39,17.53,16.14,16.26,94317500.0,1603910000.0
lisk,2017-06-03,1.37,1.42,1.29,1.35,3071640.0,147958000.0
litecoin,2017-06-03,29.04,29.17,26.63,27.66,290556000.0,1492070000
monero,2017-06-03,43.99,44.42,42.16,42.37,9819610.0,640642000
nano,2017-06-03,0.037679000000000004,0.040677,0.035312,0.037417,34608.0,2831340.0
nem,2017-06-03,0.22664600000000001,0.23162399999999997,0.205723,0.215075,13544800.0,2039810000
neo,2017-06-03,1.36,1.36,1.15,1.26,4049740.0,68122000.0
qtum,2017-06-03,13.17,13.7,11.39,12.54,39565100.0,
ripple,2017-06-03,0.30046,0.310863,0.277563,0.29458,155454000.0,11604300000
siacoin,2017-06-03,0.010089,0.017093,0.009614,0.014981,122253000.0,267588000.0
steem,2017-06-03,1.32,1.46,1.17,1.3,9131440.0,310132000
stellar,2017-06-03,0.040042,0.041036,0.037445,0.039294,14987500.0,387003000
verge,2017-06-03,0.001584,0.003237,0.001531,0.002797,5156840.0,21237400
zcash,2017-06-03,241.52,243.93,228.49,230.0,18667600.0,347532000
bitcoin,2017-06-04,2547.79,2585.89,2452.54,2511.81,1355120000.0,41708200000
bitshares,2017-06-04,0.097089,0.11237,0.094859,0.108851,37002000.0,252651000
bytecoin-bcn,2017-06-04,0.0026379999999999997,0.002791,0.002396,0.002515,2116070.0,482771000
dash,2017-06-04,143.88,143.89,140.43,143.35,28248800.0,1055520000
dogecoin,2017-06-04,0.003279,0.003496,0.003071,0.003179,47092000.0,359497000
ethereum,2017-06-04,224.12,250.41,223.98,245.33,753820000.0,20659800000.0
ethereum-classic,2017-06-04,16.36,17.55,16.09,17.48,105612000.0,1508760000.0
lisk,2017-06-04,1.34,1.43,1.3,1.41,2664770.0,144816000.0
litecoin,2017-06-04,27.65,27.94,26.95,27.94,204435000.0,1421270000
monero,2017-06-04,42.34,43.42,41.7,42.9,9805040.0,616914000
nano,2017-06-04,0.037316,0.038107999999999996,0.034844,0.035264,20135.0,2819400.0
nem,2017-06-04,0.21605300000000002,0.220646,0.21206399999999997,0.21556199999999998,10367500.0,1944480000
neo,2017-06-04,1.25,1.32,1.22,1.26,2572220.0,62425500.0
qtum,2017-06-04,12.73,12.78,11.34,12.15,15253900.0,
ripple,2017-06-04,0.29838600000000004,0.313944,0.277185,0.299413,153488000.0,11524200000
siacoin,2017-06-04,0.014459,0.017676,0.013428,0.014407,113518000.0,383845000.0
steem,2017-06-04,1.29,1.35,1.18,1.3,4379190.0,303356000
stellar,2017-06-04,0.038988999999999996,0.040565,0.036989,0.039989,11654400.0,376823000
verge,2017-06-04,0.002839,0.00473,0.002456,0.004455,12418000.0,38073400
zcash,2017-06-04,229.02,244.27,227.92,239.52,15806600.0,331190000
bitcoin,2017-06-05,2512.4,2686.81,2510.22,2686.81,1369310000.0,41133900000
bitshares,2017-06-05,0.109698,0.12296199999999999,0.10699700000000001,0.10934,38522500.0,285464000
bytecoin-bcn,2017-06-05,0.002531,0.00283,0.002518,0.002799,2159690.0,463063000
dash,2017-06-05,143.41,145.86,142.0,144.92,40209200.0,1053050000
dogecoin,2017-06-05,0.003191,0.003901,0.003169,0.0038729999999999997,53883800.0,349963000
ethereum,2017-06-05,245.26,249.47,243.05,248.46,435660000.0,22615800000.0
ethereum-classic,2017-06-05,17.43,17.43,16.9,17.31,65380500.0,1607200000.0
lisk,2017-06-05,1.41,1.84,1.41,1.82,8074300.0,151999000.0
litecoin,2017-06-05,28.09,30.99,28.09,30.84,366901000.0,1444260000
monero,2017-06-05,42.88,48.5,42.88,48.26,16780900.0,625055000
nano,2017-06-05,0.035271,0.040381,0.034879,0.038819,75174.0,2679340.0
nem,2017-06-05,0.21628499999999998,0.24537399999999998,0.21628499999999998,0.236163,22743200.0,1946560000
neo,2017-06-05,1.27,1.35,1.25,1.28,3876920.0,63267500.0
qtum,2017-06-05,12.13,12.58,10.88,11.17,10290000.0,
ripple,2017-06-05,0.29986199999999996,0.302394,0.2846,0.294003,78433500.0,11581200000
siacoin,2017-06-05,0.014369,0.017244,0.014303999999999999,0.015390000000000001,54687500.0,381911000.0
steem,2017-06-05,1.28,1.73,1.28,1.72,11290300.0,300712000
stellar,2017-06-05,0.039833,0.043131,0.039588,0.041507,16897100.0,384981000
verge,2017-06-05,0.0045049999999999995,0.006295,0.004346,0.005538,16845600.0,60411500
zcash,2017-06-05,238.82,281.45,238.42,253.03,43925100.0,347104000
bitcoin,2017-06-06,2690.84,2999.91,2690.84,2863.2,2089610000.0,44061000000
bitshares,2017-06-06,0.10931199999999999,0.119985,0.101073,0.115772,32658700.0,284463000
bytecoin-bcn,2017-06-06,0.002806,0.0035549999999999996,0.00271,0.002884,1921530.0,513505000
dash,2017-06-06,145.43,147.96,134.27,145.19,66883600.0,1068210000
dogecoin,2017-06-06,0.0038590000000000005,0.004036,0.003549,0.0037409999999999995,44359200.0,423202000
ethereum,2017-06-06,248.6,267.51,246.84,264.47,741553000.0,22930400000.0
ethereum-classic,2017-06-06,17.35,17.83,16.78,17.49,94322300.0,1601600000.0
lisk,2017-06-06,1.78,2.23,1.67,2.09,20178400.0,191823000.0
litecoin,2017-06-06,30.84,31.33,29.26,30.55,321099000.0,1586150000
monero,2017-06-06,48.37,55.57,47.12,55.57,34918400.0,705243000
nano,2017-06-06,0.040237,0.042463,0.037956000000000004,0.040414,42250.0,3068930.0
nem,2017-06-06,0.236077,0.23960599999999999,0.223059,0.233988,12949100.0,2124690000
neo,2017-06-06,1.28,1.37,1.2,1.34,5234170.0,63757000.0
qtum,2017-06-06,10.98,12.02,10.17,11.5,11135000.0,
ripple,2017-06-06,0.294028,0.294537,0.276248,0.284548,132720000.0,11355900000
siacoin,2017-06-06,0.015418000000000001,0.016630000000000002,0.01385,0.015663,45840900.0,410288000.0
steem,2017-06-06,1.72,2.74,1.44,2.6,46267200.0,403229000
stellar,2017-06-06,0.041514999999999996,0.046595,0.039044,0.045406999999999996,27300600.0,401239000
verge,2017-06-06,0.0053939999999999995,0.006486,0.004405,0.006476000000000001,12489700.0,72326800
zcash,2017-06-06,254.2,265.25,247.13,259.36,20436100.0,371267000
bitcoin,2017-06-07,2869.38,2869.38,2700.56,2732.16,1517710000.0,46989800000
bitshares,2017-06-07,0.116158,0.12021,0.105324,0.105324,20041600.0,302281000
bytecoin-bcn,2017-06-07,0.002848,0.0037229999999999997,0.0027600000000000003,0.003397,4709230.0,521077000
dash,2017-06-07,145.25,153.76,138.17,140.36,44240500.0,1067130000
dogecoin,2017-06-07,0.003764,0.003815,0.0033020000000000002,0.0033020000000000002,29591900.0,412874000
ethereum,2017-06-07,264.26,264.67,254.04,258.07,461649000.0,24382200000.0
ethereum-classic,2017-06-07,17.5,18.38,17.01,17.51,133332000.0,1615920000.0
lisk,2017-06-07,2.07,3.26,2.07,2.26,61086200.0,223650000.0
litecoin,2017-06-07,30.57,30.68,28.37,28.39,264597000.0,1572550000
monero,2017-06-07,55.29,62.38,52.06,52.54,50623800.0,806489000
nano,2017-06-07,0.040458999999999995,0.041911000000000004,0.036395,0.036579,34902.0,3102480.0
nem,2017-06-07,0.233983,0.23507399999999998,0.203216,0.209825,12271700.0,2105850000
neo,2017-06-07,1.34,1.36,1.27,1.28,2994510.0,66929500.0
qtum,2017-06-07,11.57,11.86,10.93,10.97,6104140.0,
ripple,2017-06-07,0.284677,0.298379,0.27887399999999996,0.279783,145839000.0,10994700000
siacoin,2017-06-07,0.015661,0.016735,0.013346,0.013905,32680300.0,417322000.0
steem,2017-06-07,2.61,2.61,1.89,2.09,30080400.0,611817000
stellar,2017-06-07,0.045482999999999996,0.053940999999999996,0.045153,0.047098,50180500.0,439598000
verge,2017-06-07,0.0065060000000000005,0.0065060000000000005,0.004839,0.005113,6484760.0,87246900
zcash,2017-06-07,259.5,312.65,258.06,262.79,50328900.0,380849000
bitcoin,2017-06-08,2720.49,2815.3,2670.95,2805.62,1281170000.0,44557100000
bitshares,2017-06-08,0.104821,0.177156,0.095568,0.177156,133216000.0,272781000
bytecoin-bcn,2017-06-08,0.0034189999999999997,0.003696,0.003246,0.0035700000000000003,3629790.0,625656000
dash,2017-06-08,140.82,146.1,139.47,145.03,29049200.0,1034920000
dogecoin,2017-06-08,0.003279,0.0035909999999999996,0.003095,0.0035740000000000004,30213200.0,359746000
ethereum,2017-06-08,257.99,262.25,253.97,261.67,385494000.0,23810900000.0
ethereum-classic,2017-06-08,17.53,17.78,17.17,17.54,52434000.0,1619690000.0
lisk,2017-06-08,2.29,3.19,2.21,3.12,26882100.0,247738000.0
litecoin,2017-06-08,28.38,30.34,27.88,30.21,229005000.0,1460360000
monero,2017-06-08,52.91,56.46,51.45,56.19,14708500.0,771963000
nano,2017-06-08,0.036763,0.047589,0.035158999999999996,0.038424,43340.0,2834170.0
nem,2017-06-08,0.206673,0.223683,0.19980499999999998,0.219575,11301000.0,1860060000
neo,2017-06-08,1.27,1.36,1.19,1.36,7118290.0,63677000.0
qtum,2017-06-08,10.92,12.54,10.26,12.35,12978300.0,
ripple,2017-06-08,0.280902,0.29857,0.276441,0.28967800000000005,103152000.0,10848900000
siacoin,2017-06-08,0.013986000000000002,0.01521,0.013347999999999999,0.014899,29928200.0,373208000.0
steem,2017-06-08,2.14,2.37,2.04,2.36,11297400.0,501907000
stellar,2017-06-08,0.046835,0.056739,0.045391,0.05042,69077400.0,452663000
verge,2017-06-08,0.0051920000000000004,0.005307,0.004495,0.004828,4854810.0,69624400
zcash,2017-06-08,264.36,283.62,259.21,272.24,23372600.0,389903000
bitcoin,2017-06-09,2807.44,2901.71,2795.62,2823.81,1348950000.0,45987100000
bitshares,2017-06-09,0.176738,0.285476,0.167248,0.26826500000000003,345241000.0,459938000
bytecoin-bcn,2017-06-09,0.003564,0.003679,0.0027370000000000003,0.002785,1632920.0,652109000
dash,2017-06-09,144.94,149.69,144.94,148.93,28944700.0,1065470000
dogecoin,2017-06-09,0.0035759999999999998,0.003624,0.003418,0.003453,25259700.0,392350000
ethereum,2017-06-09,261.75,282.76,261.75,281.74,557986000.0,24165000000.0
ethereum-classic,2017-06-09,17.54,17.66,17.33,17.45,57805600.0,1620430000.0
lisk,2017-06-09,3.18,3.87,2.93,3.81,34396000.0,343130000.0
litecoin,2017-06-09,30.19,30.59,29.62,29.68,176841000.0,1553630000
monero,2017-06-09,56.13,57.23,55.29,55.62,11941600.0,819313000
nano,2017-06-09,0.038363,0.04595,0.034123,0.037406,63450.0,2972640.0
nem,2017-06-09,0.21896100000000002,0.227607,0.215685,0.215685,11839500.0,1970650000
neo,2017-06-09,1.36,1.59,1.33,1.55,9728020.0,67874000.0
qtum,2017-06-09,12.35,13.12,11.3,11.74,14694100.0,
ripple,2017-06-09,0.289695,0.299493,0.285884,0.286019,102482000.0,11115900000
siacoin,2017-06-09,0.014874,0.018624,0.014823,0.018624,56713200.0,397410000.0
steem,2017-06-09,2.36,2.8,2.3,2.49,18823000.0,551073000
stellar,2017-06-09,0.05033,0.052061,0.0466,0.047356,27987400.0,486440000
verge,2017-06-09,0.004849,0.0054789999999999995,0.00474,0.0050799999999999994,3794400.0,65027900
zcash,2017-06-09,271.55,281.13,270.58,281.13,16799000.0,402438000
bitcoin,2017-06-10,2828.14,2950.99,2746.55,2947.71,2018890000.0,46331400000
bitshares,2017-06-10,0.267138,0.46767200000000003,0.254823,0.351983,726073000.0,695200000
bytecoin-bcn,2017-06-10,0.003621,0.0037869999999999996,0.002757,0.003582,4231220.0,662627000
dash,2017-06-10,149.13,152.48,147.84,152.0,32894500.0,1096550000
dogecoin,2017-06-10,0.00343,0.003483,0.0032920000000000002,0.0033130000000000004,22219500.0,376324000
ethereum,2017-06-10,282.01,350.26,282.01,337.67,1611630000.0,26043700000.0
ethereum-classic,2017-06-10,17.45,19.66,17.43,19.66,195638000.0,1612890000.0
lisk,2017-06-10,3.82,4.5,3.53,3.58,49281100.0,413384000.0
litecoin,2017-06-10,29.68,30.59,29.66,30.44,202679000.0,1528070000
monero,2017-06-10,55.59,56.25,51.92,52.28,14465400.0,811671000
nano,2017-06-10,0.037461,0.038897,0.031708999999999994,0.033293,23270.0,2918090.0
nem,2017-06-10,0.2176,0.228979,0.201653,0.202606,20436700.0,1958400000
neo,2017-06-10,1.54,2.07,1.53,1.68,17295300.0,77129000.0
qtum,2017-06-10,11.75,12.1,11.12,11.33,14370200.0,
ripple,2017-06-10,0.285806,0.288991,0.25787899999999997,0.260874,156721000.0,10953900000
siacoin,2017-06-10,0.018536,0.018547,0.015406,0.015434999999999999,40792200.0,495932000.0
steem,2017-06-10,2.5,2.72,2.2,2.24,14081000.0,585447000
stellar,2017-06-10,0.047365,0.047856,0.042224,0.042866,22225600.0,457775000
verge,2017-06-10,0.005116,0.005227000000000001,0.0037170000000000003,0.0038200000000000005,4407810.0,68601300
zcash,2017-06-10,281.31,334.43,281.31,328.66,38924900.0,418942000
bitcoin,2017-06-11,2942.41,2996.6,2840.53,2958.11,1752400000.0,48208700000
bitshares,2017-06-11,0.35644699999999996,0.392043,0.28886100000000003,0.392043,352320000.0,927625000
bytecoin-bcn,2017-06-11,0.003554,0.0036270000000000004,0.003324,0.0034,2610570.0,650456000
dash,2017-06-11,151.99,200.12,151.99,188.27,155786000.0,1117860000
dogecoin,2017-06-11,0.003307,0.003795,0.003276,0.0036009999999999996,40179500.0,362883000
ethereum,2017-06-11,338.79,353.01,318.17,340.61,1373220000.0,31296800000.0
ethereum-classic,2017-06-11,19.5,22.15,18.16,21.57,415109000.0,1803650000.0
lisk,2017-06-11,3.75,4.06,3.04,3.91,24804300.0,405173000.0
litecoin,2017-06-11,30.5,33.56,30.16,33.22,406218000.0,1570430000
monero,2017-06-11,52.37,58.7,51.95,58.7,15485200.0,764939000
nano,2017-06-11,0.033105,0.037989999999999996,0.032139,0.036007,23947.0,2592390.0
nem,2017-06-11,0.201793,0.229384,0.199303,0.21801700000000002,17539500.0,1816140000
neo,2017-06-11,1.69,1.73,1.52,1.67,6479410.0,84426000.0
qtum,2017-06-11,11.36,12.23,11.1,11.76,11384700.0,
ripple,2017-06-11,0.259445,0.277735,0.25911300000000004,0.27275900000000003,114566000.0,9943590000
siacoin,2017-06-11,0.015344,0.016671000000000002,0.014819999999999998,0.01524,28378600.0,411032000.0
steem,2017-06-11,2.22,2.48,2.19,2.45,7880470.0,519354000
stellar,2017-06-11,0.042751,0.046863999999999996,0.041732,0.045915,18273600.0,413186000
verge,2017-06-11,0.003875,0.004252000000000001,0.002884,0.003871,4775940.0,51962600
zcash,2017-06-11,328.96,343.18,309.48,331.1,38020300.0,492266000
bitcoin,2017-06-12,2953.22,2997.26,2518.56,2659.63,2569530000.0,48391200000
bitshares,2017-06-12,0.396948,0.413492,0.332016,0.375152,317523000.0,1033040000
bytecoin-bcn,2017-06-12,0.0034439999999999996,0.003481,0.0027429999999999998,0.002935,2294970.0,630192000
dash,2017-06-12,187.1,197.17,162.31,170.78,79698800.0,1376490000
dogecoin,2017-06-12,0.0036030000000000003,0.0036030000000000003,0.003166,0.0032530000000000002,20308300.0,395498000
ethereum,2017-06-12,341.16,414.76,341.16,401.49,2882650000.0,31525300000.0
ethereum-classic,2017-06-12,21.57,22.94,18.02,20.33,315523000.0,1995200000.0
lisk,2017-06-12,3.91,3.92,2.96,3.29,16403700.0,422959000.0
litecoin,2017-06-12,33.23,33.23,27.8,29.5,372663000.0,1711460000
monero,2017-06-12,59.09,59.8,45.78,50.04,25425000.0,863418000
nano,2017-06-12,0.035959,0.037682,0.027718,0.029852999999999998,36095.0,2830620.0
nem,2017-06-12,0.21801399999999999,0.243983,0.193606,0.202731,19158000.0,1962130000
neo,2017-06-12,1.67,1.69,1.4,1.51,7492490.0,83716000.0
qtum,2017-06-12,11.77,11.82,10.87,10.96,8663550.0,
ripple,2017-06-12,0.273075,0.28329,0.24747600000000003,0.25396399999999997,149942000.0,10466000000
siacoin,2017-06-12,0.015222999999999999,0.016333,0.012811000000000001,0.013958000000000002,29227000.0,408262000.0
steem,2017-06-12,2.46,2.48,1.97,2.08,7957900.0,575391000
stellar,2017-06-12,0.045825,0.047296,0.037441,0.039988,14843000.0,442903000
verge,2017-06-12,0.0038659999999999996,0.003871,0.002896,0.0032329999999999998,2788730.0,51844100
zcash,2017-06-12,329.75,345.5,275.58,311.49,46398200.0,495788000
bitcoin,2017-06-13,2680.91,2789.04,2650.38,2717.02,1781200000.0,43934100000
bitshares,2017-06-13,0.374712,0.39209,0.35435,0.36540900000000004,150849000.0,972771000
bytecoin-bcn,2017-06-13,0.002903,0.003303,0.002852,0.003198,2890230.0,531231000
dash,2017-06-13,171.27,183.97,171.27,183.97,51568400.0,1260370000
dogecoin,2017-06-13,0.00325,0.003432,0.00325,0.0033130000000000004,15386000.0,356729000
ethereum,2017-06-13,395.69,411.18,370.06,397.54,1717380000.0,36574500000.0
ethereum-classic,2017-06-13,20.26,21.02,19.8,20.74,153774000.0,1874700000.0
iota,2017-06-13,0.6385029999999999,0.6528619999999999,0.53391,0.590255,25425600.0,1774740000
lisk,2017-06-13,3.28,3.84,3.16,3.66,14573900.0,355386000.0
litecoin,2017-06-13,29.49,30.64,29.33,30.64,150455000.0,1519410000
monero,2017-06-13,49.8,52.87,49.73,51.8,13362700.0,727975000
nano,2017-06-13,0.029550999999999997,0.039663,0.027275999999999998,0.036417000000000005,66862.0,2338330.0
nem,2017-06-13,0.20180599999999999,0.21387399999999998,0.197209,0.21086300000000002,11999300.0,1816250000
neo,2017-06-13,1.5,1.86,1.5,1.81,10456500.0,75221500.0
qtum,2017-06-13,11.06,12.52,10.97,12.42,16198200.0,
ripple,2017-06-13,0.253823,0.27465900000000004,0.2522,0.26615300000000003,111937000.0,9728120000
siacoin,2017-06-13,0.014019,0.016346,0.013144,0.015787,33813100.0,376404000.0
steem,2017-06-13,2.08,2.45,2.05,2.37,8685200.0,487061000
stellar,2017-06-13,0.039688,0.043095999999999995,0.039382,0.04186,14126100.0,383584000
verge,2017-06-13,0.003196,0.00458,0.002999,0.004579,5535710.0,42861400
zcash,2017-06-13,311.55,371.5,311.55,368.28,44446100.0,470678000
bitcoin,2017-06-14,2716.88,2786.83,2412.94,2506.37,1696560000.0,44528300000
bitshares,2017-06-14,0.366063,0.367106,0.319276,0.33056399999999997,125612000.0,950325000
bytecoin-bcn,2017-06-14,0.0031969999999999998,0.0032619999999999997,0.002314,0.002494,3160670.0,585041000
dash,2017-06-14,183.65,191.58,156.18,163.21,53986500.0,1351820000
dogecoin,2017-06-14,0.0033049999999999998,0.003379,0.003011,0.003092,14116100.0,362873000
ethereum,2017-06-14,397.59,399.32,342.21,359.05,1272580000.0,36761600000.0
ethereum-classic,2017-06-14,20.76,21.06,18.12,18.84,126599000.0,1921790000.0
iota,2017-06-14,0.5923470000000001,0.606196,0.495745,0.5289159999999999,14194900.0,1646450000
lisk,2017-06-14,3.66,3.75,3.0,3.35,10046400.0,396643000.0
litecoin,2017-06-14,30.74,32.06,29.32,30.22,278323000.0,1584220000
monero,2017-06-14,51.98,53.56,44.37,46.3,12407600.0,760132000
nano,2017-06-14,0.036394,0.0693,0.035241,0.046044999999999996,207567.0,2894750.0
nem,2017-06-14,0.210344,0.231208,0.190335,0.20150099999999999,19994300.0,1893100000
neo,2017-06-14,1.81,1.94,1.68,1.74,10497200.0,90657000.0
qtum,2017-06-14,12.4,13.01,11.29,11.77,18671800.0,
ripple,2017-06-14,0.265823,0.307854,0.263202,0.278447,431096000.0,10188000000
siacoin,2017-06-14,0.015761,0.015983,0.013488,0.014094,17277000.0,423649000.0
steem,2017-06-14,2.37,2.44,1.87,1.97,6150010.0,556000000
stellar,2017-06-14,0.041905,0.044759,0.037485000000000004,0.039827999999999995,16478300.0,405019000
verge,2017-06-14,0.004603,0.004603,0.0032670000000000004,0.0034649999999999998,3673820.0,61725700
zcash,2017-06-14,368.09,443.72,352.73,387.49,101232000.0,558715000
bitcoin,2017-06-15,2499.58,2534.71,2212.96,2464.58,2026260000.0,40971300000
bitshares,2017-06-15,0.33058200000000004,0.34571399999999997,0.274912,0.337111,197389000.0,858221000
bytecoin-bcn,2017-06-15,0.0024920000000000003,0.0024920000000000003,0.002061,0.002343,2212280.0,456136000
dash,2017-06-15,163.12,166.05,143.32,163.35,48167500.0,1201030000
dogecoin,2017-06-15,0.0031,0.0031100000000000004,0.002764,0.003043,15751600.0,340402000
ethereum,2017-06-15,358.51,364.44,300.7,361.93,2463450000.0,33158200000.0
ethereum-classic,2017-06-15,18.86,18.93,16.1,18.36,178225000.0,1746400000.0
iota,2017-06-15,0.528284,0.543165,0.300365,0.363661,10300400.0,1468380000
lisk,2017-06-15,3.35,3.35,2.44,3.09,11800200.0,362704000.0
litecoin,2017-06-15,30.22,30.37,27.31,30.22,314502000.0,1557670000
monero,2017-06-15,46.24,47.02,38.75,46.02,14252000.0,676380000
nano,2017-06-15,0.04553,0.065085,0.037602,0.059504999999999995,328398.0,3640100.0
nem,2017-06-15,0.20066900000000001,0.202835,0.166818,0.19484300000000002,11938800.0,1806020000
neo,2017-06-15,1.74,1.84,1.54,1.78,9550940.0,86947000.0
qtum,2017-06-15,11.8,11.8,9.8,11.11,13740900.0,
ripple,2017-06-15,0.278196,0.278923,0.24086799999999997,0.259266,191548000.0,10662200000
siacoin,2017-06-15,0.014088999999999999,0.0148,0.012088,0.014412999999999999,20135300.0,379086000.0
steem,2017-06-15,1.98,2.1,1.64,2.03,4992090.0,464118000
stellar,2017-06-15,0.039994,0.039994,0.032046,0.037439,13021600.0,386546000
verge,2017-06-15,0.003489,0.003539,0.002598,0.003382,2239750.0,46790300
zcash,2017-06-15,381.73,407.36,288.83,387.34,68123100.0,582192000
bitcoin,2017-06-16,2469.57,2539.92,2385.15,2518.56,1195190000.0,40484100000
bitshares,2017-06-16,0.33832399999999996,0.338908,0.314417,0.317811,88788800.0,878326000
bytecoin-bcn,2017-06-16,0.002328,0.002677,0.0022660000000000002,0.002648,3600420.0,426035000
dash,2017-06-16,163.63,167.65,158.43,166.25,35834400.0,1205110000
dogecoin,2017-06-16,0.003043,0.003207,0.002947,0.003163,13983500.0,334129000
ethereum,2017-06-16,361.18,373.06,341.42,370.23,1096280000.0,33415800000.0
ethereum-classic,2017-06-16,18.33,18.56,17.59,18.4,89917100.0,1697750000.0
iota,2017-06-16,0.353285,0.44824899999999995,0.309852,0.410757,6920690.0,981966000
lisk,2017-06-16,3.06,3.25,3.0,3.11,6221340.0,331747000.0
litecoin,2017-06-16,30.28,35.7,29.55,35.7,515973000.0,1561380000
monero,2017-06-16,45.97,48.24,44.17,48.11,8711820.0,672698000
nano,2017-06-16,0.057009000000000004,0.122834,0.057009000000000004,0.12041400000000001,338468.0,4581190.0
nem,2017-06-16,0.195379,0.19914,0.18391300000000002,0.192579,7807150.0,1758410000
neo,2017-06-16,1.8,2.81,1.72,2.77,45782200.0,90202000.0
qtum,2017-06-16,11.11,11.73,10.69,11.29,7179610.0,
ripple,2017-06-16,0.259473,0.26621100000000003,0.25240799999999997,0.26206799999999997,88152400.0,9935290000
siacoin,2017-06-16,0.014472,0.016091,0.013474000000000002,0.015742,28864200.0,389793000.0
steem,2017-06-16,2.03,2.11,1.91,2.08,3660240.0,476585000
stellar,2017-06-16,0.037467,0.038287,0.035686,0.037536,7608740.0,362124000
verge,2017-06-16,0.0034270000000000004,0.003996,0.003244,0.003822,2259480.0,45956400
zcash,2017-06-16,395.48,402.09,364.08,387.43,38818700.0,606012000
bitcoin,2017-06-17,2514.01,2685.19,2484.96,2655.88,1534510000.0,41217200000
bitshares,2017-06-17,0.317747,0.362639,0.316648,0.34072399999999997,135751000.0,824916000
bytecoin-bcn,2017-06-17,0.002648,0.003211,0.002648,0.003107,8668140.0,484727000
dash,2017-06-17,166.21,183.85,166.16,178.13,58241000.0,1224440000
dogecoin,2017-06-17,0.003135,0.0033840000000000003,0.003135,0.003322,16275900.0,344327000
ethereum,2017-06-17,369.88,379.41,364.0,379.41,904653000.0,34231300000.0
ethereum-classic,2017-06-17,18.38,24.0,18.33,23.27,415397000.0,1703170000.0
iota,2017-06-17,0.426762,0.444205,0.41413900000000003,0.41990600000000006,3100660.0,1186200000
lisk,2017-06-17,3.09,3.21,2.97,3.08,9943670.0,335214000.0
litecoin,2017-06-17,36.18,49.3,36.18,47.65,1730780000.0,1866370000
monero,2017-06-17,48.19,51.2,48.09,50.46,15646500.0,705427000
nano,2017-06-17,0.11820499999999999,0.12378399999999999,0.090239,0.121472,319681.0,9547370.0
nem,2017-06-17,0.19292,0.218746,0.19003399999999998,0.20441800000000002,19853500.0,1736280000
neo,2017-06-17,2.8,4.18,2.7,3.76,82601000.0,139894000.0
qtum,2017-06-17,11.24,11.45,11.02,11.25,6961310.0,
ripple,2017-06-17,0.262358,0.270717,0.25810500000000003,0.268351,121948000.0,10045800000
siacoin,2017-06-17,0.015681,0.017573,0.015011000000000002,0.01655,39052300.0,422802000.0
steem,2017-06-17,2.09,2.1,2.01,2.04,3062660.0,490186000
stellar,2017-06-17,0.037526,0.039631,0.036814,0.039251,9302020.0,362693000
verge,2017-06-17,0.003872,0.003947,0.0036729999999999996,0.0037229999999999997,1508930.0,51920800
zcash,2017-06-17,388.45,391.98,370.38,384.86,28059300.0,597978000
bitcoin,2017-06-18,2655.35,2662.1,2516.33,2548.29,1178660000.0,43539300000
bitshares,2017-06-18,0.340462,0.344423,0.322369,0.325842,57903200.0,883897000
bytecoin-bcn,2017-06-18,0.003107,0.003107,0.0026260000000000003,0.0026260000000000003,3957140.0,568652000
dash,2017-06-18,178.52,193.93,176.12,193.53,77003000.0,1315450000
dogecoin,2017-06-18,0.0033350000000000003,0.003336,0.003171,0.00323,9348420.0,366286000
ethereum,2017-06-18,379.52,390.58,368.84,371.46,904703000.0,35133800000.0
ethereum-classic,2017-06-18,23.03,24.62,21.73,22.07,489569000.0,2134890000.0
iota,2017-06-18,0.420597,0.426069,0.39379000000000003,0.405862,2514450.0,1169060000
lisk,2017-06-18,3.08,3.28,2.97,3.13,9517270.0,333469000.0
litecoin,2017-06-18,47.44,47.44,42.43,46.04,1016220000.0,2447790000
monero,2017-06-18,50.49,51.7,48.98,49.6,10122000.0,739370000
nano,2017-06-18,0.119601,0.178446,0.119601,0.158883,517619.0,9709210.0
nem,2017-06-18,0.20626399999999998,0.20626399999999998,0.194857,0.198033,8272620.0,1856380000
neo,2017-06-18,3.79,5.26,3.47,5.26,61381000.0,189717000.0
qtum,2017-06-18,11.25,11.29,10.4,10.58,5475110.0,
ripple,2017-06-18,0.268085,0.289468,0.26507800000000004,0.2846,232512000.0,10265000000
siacoin,2017-06-18,0.016509,0.017138999999999998,0.015147,0.015913,21656800.0,445594000.0
steem,2017-06-18,2.04,2.07,1.98,2.0,3193610.0,479184000
stellar,2017-06-18,0.039137,0.039217,0.037875,0.038332,6462560.0,378259000
verge,2017-06-18,0.003698,0.003846,0.003423,0.0034479999999999997,1196600.0,49585700
zcash,2017-06-18,387.14,387.68,371.41,376.82,19743700.0,598756000
bitcoin,2017-06-19,2549.03,2662.85,2549.03,2589.6,1446840000.0,41800600000
bitshares,2017-06-19,0.324401,0.338066,0.321848,0.325901,73486600.0,842207000
bytecoin-bcn,2017-06-19,0.0026379999999999997,0.003082,0.002372,0.002634,4734370.0,482909000
dash,2017-06-19,193.21,208.42,192.88,201.26,98763400.0,1424100000
dogecoin,2017-06-19,0.0032189999999999996,0.0032530000000000002,0.003141,0.003141,12364900.0,353665000
ethereum,2017-06-19,371.86,377.12,369.76,370.06,685172000.0,34435700000.0
ethereum-classic,2017-06-19,22.05,23.66,21.97,22.95,270192000.0,2044860000.0
iota,2017-06-19,0.405456,0.42099,0.388231,0.41218299999999997,3543640.0,1126980000
lisk,2017-06-19,3.14,3.32,3.08,3.16,10300700.0,340570000.0
litecoin,2017-06-19,46.16,53.55,44.99,50.32,1342360000.0,2382490000
monero,2017-06-19,49.62,50.67,48.52,49.09,12502400.0,726891000
nano,2017-06-19,0.155936,0.16706500000000002,0.10536500000000001,0.14266600000000002,335037.0,12722900.0
nem,2017-06-19,0.198,0.202734,0.19378299999999998,0.195966,10282000.0,1782000000
neo,2017-06-19,5.46,11.81,5.46,11.72,281341000.0,273011000.0
qtum,2017-06-19,10.49,11.3,10.26,10.59,12893100.0,
ripple,2017-06-19,0.283977,0.296068,0.280233,0.296068,164955000.0,10873600000
siacoin,2017-06-19,0.015906,0.020173,0.015472999999999999,0.019446,58745100.0,429819000.0
steem,2017-06-19,2.0,2.24,1.98,2.12,8208350.0,469892000
stellar,2017-06-19,0.038310000000000004,0.041273000000000004,0.038182,0.040251999999999996,10118500.0,370273000
verge,2017-06-19,0.0034479999999999997,0.003721,0.003098,0.003124,2773170.0,46231600
zcash,2017-06-19,375.67,399.4,372.11,391.89,29471100.0,583207000
bitcoin,2017-06-20,2591.26,2763.45,2589.82,2721.79,1854190000.0,42498000000
bitshares,2017-06-20,0.326206,0.351852,0.324437,0.334546,108988000.0,846903000
bytecoin-bcn,2017-06-20,0.002719,0.002888,0.002425,0.0028239999999999997,3077670.0,497736000
dash,2017-06-20,201.37,203.71,180.61,187.91,58960400.0,1484670000
dogecoin,2017-06-20,0.003154,0.0032869999999999996,0.003151,0.003218,15050400.0,346509000
ethereum,2017-06-20,370.33,377.97,350.94,359.0,1020390000.0,34304000000.0
ethereum-classic,2017-06-20,23.02,23.04,21.42,21.68,161373000.0,2135600000.0
iota,2017-06-20,0.414299,0.42203199999999996,0.398649,0.418494,3755470.0,1151560000
lisk,2017-06-20,3.14,3.56,3.11,3.28,14951100.0,341021000.0
litecoin,2017-06-20,50.41,51.47,45.75,47.22,612935000.0,2602590000
monero,2017-06-20,49.03,50.91,47.6,48.08,15178600.0,718495000
nano,2017-06-20,0.143023,0.143024,0.096924,0.103996,226922.0,11728000.0
nem,2017-06-20,0.195556,0.212819,0.190185,0.19934300000000002,17721300.0,1760000000
neo,2017-06-20,11.79,11.79,7.87,8.0,126661000.0,589390000.0
qtum,2017-06-20,10.57,12.88,10.44,11.49,22123200.0,
ripple,2017-06-20,0.292194,0.339533,0.290147,0.324427,793610000.0,11188200000
siacoin,2017-06-20,0.019511,0.022364,0.0184,0.018841999999999998,75255900.0,527770000.0
steem,2017-06-20,2.12,2.21,1.93,2.04,7175230.0,498126000
stellar,2017-06-20,0.040357,0.043331,0.038141,0.039366000000000005,22146100.0,393419000
verge,2017-06-20,0.0031,0.003472,0.0030489999999999996,0.003149,1806690.0,41563300
zcash,2017-06-20,393.26,426.4,385.34,401.2,66283200.0,610509000
bitcoin,2017-06-21,2709.43,2772.01,2660.4,2689.1,1626580000.0,44440800000
bitshares,2017-06-21,0.333981,0.33713699999999996,0.310172,0.31938099999999997,71884600.0,867085000
bytecoin-bcn,2017-06-21,0.002806,0.002846,0.00243,0.002536,2646230.0,513573000
dash,2017-06-21,187.77,188.09,175.04,178.81,40445100.0,1384740000
dogecoin,2017-06-21,0.0032189999999999996,0.0032920000000000002,0.003095,0.003125,14635800.0,353662000
ethereum,2017-06-21,359.54,361.34,319.48,336.87,1420130000.0,33310500000.0
ethereum-classic,2017-06-21,21.69,21.91,19.84,20.7,166313000.0,2013030000.0
iota,2017-06-21,0.419439,0.43733999999999995,0.405037,0.413547,3999810.0,1165840000
lisk,2017-06-21,3.26,3.35,3.04,3.12,7510400.0,353766000.0
litecoin,2017-06-21,47.3,49.73,44.22,47.79,640054000.0,2442610000
monero,2017-06-21,48.17,48.91,45.54,46.59,12133900.0,706159000
nano,2017-06-21,0.103999,0.12350599999999999,0.084016,0.089661,207559.0,8570680.0
nem,2017-06-21,0.200239,0.200701,0.18778,0.19131199999999998,7562060.0,1802150000
neo,2017-06-21,8.04,10.21,7.81,10.15,88374400.0,401956000.0
qtum,2017-06-21,11.4,12.55,11.38,11.83,10464200.0,
ripple,2017-06-21,0.324623,0.32776,0.283614,0.29636599999999996,358493000.0,12429900000
siacoin,2017-06-21,0.018875,0.019934999999999998,0.017883,0.018817,27763200.0,511098000.0
steem,2017-06-21,2.04,2.06,1.85,1.98,4478590.0,478660000
stellar,2017-06-21,0.039372000000000004,0.039702,0.037121,0.038124,8606140.0,383822000
verge,2017-06-21,0.003125,0.0032229999999999997,0.002902,0.002924,1116030.0,41899500
zcash,2017-06-21,394.25,397.36,357.88,378.22,31746200.0,612054000
bitcoin,2017-06-22,2691.03,2723.74,2642.36,2705.41,1097940000.0,44143700000
bitshares,2017-06-22,0.31999299999999997,0.32366500000000004,0.305996,0.30794299999999997,44301000.0,830779000
bytecoin-bcn,2017-06-22,0.002532,0.002779,0.002468,0.0025629999999999997,2459520.0,463482000
dash,2017-06-22,179.29,183.33,175.72,177.06,37412700.0,1322590000
dogecoin,2017-06-22,0.0031260000000000003,0.003141,0.003046,0.003104,9515860.0,343493000
ethereum,2017-06-22,337.73,342.03,330.62,336.37,925767000.0,31302600000.0
ethereum-classic,2017-06-22,20.76,21.05,20.28,20.79,89949500.0,1927380000.0
iota,2017-06-22,0.413371,0.42728299999999997,0.40726100000000004,0.417742,2343320.0,1148980000
lisk,2017-06-22,3.12,3.25,3.04,3.14,6135490.0,338699000.0
litecoin,2017-06-22,47.72,48.85,45.87,47.71,445323000.0,2465100000
monero,2017-06-22,46.8,47.8,46.64,47.28,7443100.0,686351000
nano,2017-06-22,0.089661,0.10543800000000002,0.06188,0.10543800000000002,77651.0,7425880.0
nem,2017-06-22,0.191169,0.19253900000000002,0.180976,0.182819,5643220.0,1720520000
neo,2017-06-22,10.16,10.51,6.9,6.94,115249000.0,507921000.0
qtum,2017-06-22,11.92,12.45,11.74,12.1,16740600.0,
ripple,2017-06-22,0.299886,0.305852,0.29151900000000003,0.297848,194551000.0,11482700000
siacoin,2017-06-22,0.01879,0.01942,0.017986000000000002,0.019344999999999998,26403300.0,509362000.0
steem,2017-06-22,1.98,2.01,1.89,2.01,2838420.0,465514000
stellar,2017-06-22,0.038317000000000004,0.03965,0.037502,0.038718999999999996,7197940.0,373535000
verge,2017-06-22,0.0029739999999999996,0.003097,0.0028989999999999997,0.003023,852256.0,39873600
zcash,2017-06-22,378.96,386.61,361.11,378.56,29971100.0,588315000
bitcoin,2017-06-23,2707.34,2765.17,2706.37,2744.91,961319000.0,44415900000
bitshares,2017-06-23,0.307737,0.34491900000000003,0.304199,0.330783,117987000.0,798964000
bytecoin-bcn,2017-06-23,0.002565,0.002935,0.002522,0.002807,2088740.0,469434000
dash,2017-06-23,177.03,193.47,177.03,189.26,42975000.0,1306270000
dogecoin,2017-06-23,0.003101,0.003188,0.0030440000000000003,0.003143,9479750.0,340788000
ethereum,2017-06-23,336.49,348.01,334.99,341.74,593207000.0,31195900000.0
ethereum-classic,2017-06-23,20.8,21.56,20.61,21.34,77701100.0,1931450000.0
iota,2017-06-23,0.41776899999999995,0.48091000000000006,0.408405,0.48091000000000006,3768560.0,1161200000
lisk,2017-06-23,3.16,3.38,3.07,3.36,6877380.0,343786000.0
litecoin,2017-06-23,47.75,48.42,47.27,47.34,284270000.0,2467280000
monero,2017-06-23,47.45,52.51,46.75,51.41,11033000.0,696116000
nano,2017-06-23,0.10571900000000001,0.134756,0.101765,0.110624,117141.0,8799230.0
nem,2017-06-23,0.182884,0.199321,0.180654,0.197522,6104580.0,1645960000
neo,2017-06-23,6.92,7.43,5.78,6.84,67033300.0,346025000.0
qtum,2017-06-23,12.13,18.58,11.97,16.99,66737400.0,
ripple,2017-06-23,0.297718,0.320751,0.295551,0.31997800000000004,177221000.0,11400100000
siacoin,2017-06-23,0.019378,0.020091,0.018372,0.018969,35910700.0,525836000.0
steem,2017-06-23,2.01,2.24,1.95,2.17,3754720.0,472276000
stellar,2017-06-23,0.038643000000000004,0.041846,0.038487,0.041397,7804070.0,376717000
verge,2017-06-23,0.003023,0.004215,0.0029,0.003928,3734860.0,40533700
zcash,2017-06-23,370.64,392.4,369.33,385.84,24419100.0,575399000
bitcoin,2017-06-24,2738.52,2757.94,2583.19,2608.72,982750000.0,44932900000
bitshares,2017-06-24,0.331931,0.337252,0.31248899999999996,0.314287,53119800.0,861785000
bytecoin-bcn,2017-06-24,0.002806,0.003006,0.002664,0.0027170000000000002,2642040.0,513634000
dash,2017-06-24,189.31,190.52,178.61,182.62,35863100.0,1397190000
dogecoin,2017-06-24,0.003139,0.0032939999999999996,0.003121,0.003135,12055500.0,345058000
ethereum,2017-06-24,341.63,343.62,322.09,323.7,673585000.0,31681300000.0
ethereum-classic,2017-06-24,21.36,21.38,20.12,20.19,64584600.0,1984090000.0
iota,2017-06-24,0.48276899999999995,0.635612,0.48276899999999995,0.5129100000000001,19215500.0,1341870000
lisk,2017-06-24,3.35,3.5,3.2,3.26,6670220.0,364369000.0
litecoin,2017-06-24,47.25,47.44,44.01,44.49,321214000.0,2442000000
monero,2017-06-24,51.43,51.81,47.3,48.03,7786220.0,754764000
nano,2017-06-24,0.11060899999999999,0.120075,0.09981699999999999,0.105755,74785.0,9251650.0
nem,2017-06-24,0.197523,0.202603,0.183523,0.18616,8007700.0,1777710000
neo,2017-06-24,6.87,7.11,6.25,6.3,33359500.0,343738000.0
qtum,2017-06-24,16.8,18.85,16.02,16.35,34660100.0,
ripple,2017-06-24,0.319188,0.327117,0.306487,0.31111,313710000.0,12222100000
siacoin,2017-06-24,0.018914,0.019343,0.016771,0.016932,9400220.0,513770000.0
steem,2017-06-24,2.17,2.24,2.02,2.06,2735200.0,509365000
stellar,2017-06-24,0.040449,0.041339,0.038154,0.03821,6225160.0,394317000
verge,2017-06-24,0.003954999999999999,0.004009,0.003251,0.003394,1693570.0,53032200
zcash,2017-06-24,381.16,384.91,359.83,362.57,22252900.0,591734000
bitcoin,2017-06-25,2607.25,2682.26,2552.12,2589.41,1161100000.0,42783800000
bitshares,2017-06-25,0.31301799999999996,0.31817199999999995,0.296244,0.299584,57168300.0,812692000
bytecoin-bcn,2017-06-25,0.002676,0.002786,0.002457,0.002515,1665450.0,489775000
dash,2017-06-25,182.35,183.43,169.3,172.88,36111800.0,1346200000
dogecoin,2017-06-25,0.003129,0.003436,0.002873,0.002961,25808000.0,344008000
ethereum,2017-06-25,323.47,332.79,284.65,303.25,1186880000.0,30005900000.0
ethereum-classic,2017-06-25,20.14,23.86,19.45,21.42,441712000.0,1871250000.0
iota,2017-06-25,0.514185,0.525564,0.454951,0.470941,5012890.0,1429190000
lisk,2017-06-25,3.26,3.32,2.8,3.04,8092880.0,354212000.0
litecoin,2017-06-25,44.49,46.22,43.05,43.92,354372000.0,2300180000
monero,2017-06-25,47.84,48.73,45.28,45.89,9156060.0,702334000
nano,2017-06-25,0.105512,0.10926500000000001,0.083264,0.09240599999999999,104551.0,8868610.0
nem,2017-06-25,0.185278,0.18851300000000001,0.168855,0.177182,6781830.0,1667510000
neo,2017-06-25,6.29,6.46,5.66,5.95,24890900.0,314543000.0
qtum,2017-06-25,16.34,16.7,14.36,14.92,22702400.0,
ripple,2017-06-25,0.310816,0.311157,0.289148,0.298423,158845000.0,11901600000
siacoin,2017-06-25,0.016837,0.018413,0.015562999999999999,0.016173,19935300.0,457829000.0
steem,2017-06-25,2.05,2.11,1.8,1.89,3225560.0,481633000
stellar,2017-06-25,0.038099,0.038482999999999996,0.031113,0.033373,14106200.0,371411000
verge,2017-06-25,0.0034119999999999997,0.003564,0.003207,0.0033009999999999997,1132360.0,45747400
zcash,2017-06-25,356.86,359.04,307.36,330.04,28035800.0,554006000
bitcoin,2017-06-26,2590.57,2615.25,2376.29,2478.45,1663280000.0,42514000000
bitshares,2017-06-26,0.299263,0.302859,0.228994,0.262872,108451000.0,776988000
bytecoin-bcn,2017-06-26,0.002499,0.002715,0.002061,0.0023710000000000003,2803190.0,457530000
dash,2017-06-26,172.96,175.91,149.22,162.89,40405300.0,1277190000
dogecoin,2017-06-26,0.0029579999999999997,0.003041,0.002449,0.00275,19984800.0,325221000
ethereum,2017-06-26,302.95,311.46,238.65,272.69,2081810000.0,28111200000.0
ethereum-classic,2017-06-26,21.53,22.47,17.7,19.58,269996000.0,2001190000.0
iota,2017-06-26,0.470192,0.47366199999999997,0.35115599999999997,0.402438,9101080.0,1306910000
lisk,2017-06-26,3.02,3.1,2.33,2.8,9997920.0,328042000.0
litecoin,2017-06-26,44.04,44.35,37.55,41.13,538072000.0,2277350000
monero,2017-06-26,45.9,48.2,39.39,43.49,17033600.0,674032000
nano,2017-06-26,0.09235800000000001,0.095027,0.058205999999999994,0.066065,82802.0,7800870.0
nem,2017-06-26,0.177549,0.179266,0.14594200000000002,0.162366,8615680.0,1597940000
neo,2017-06-26,5.95,6.22,4.42,5.53,27615900.0,297587000.0
qtum,2017-06-26,14.96,14.96,10.64,12.61,25803900.0,
ripple,2017-06-26,0.29877,0.30198,0.260819,0.27728800000000003,280100000.0,11440300000
siacoin,2017-06-26,0.01616,0.016781,0.012761,0.015333000000000001,27113100.0,439867000.0
steem,2017-06-26,1.89,2.01,1.46,1.8,5791180.0,445388000
stellar,2017-06-26,0.033454000000000005,0.035432,0.025687,0.030218000000000002,16853100.0,326126000
verge,2017-06-26,0.003274,0.003414,0.002447,0.003045,1461240.0,43907700
zcash,2017-06-26,324.59,331.31,265.86,304.65,36083400.0,503912000
bitcoin,2017-06-27,2478.45,2552.45,2332.99,2552.45,1489790000.0,40677900000
bitshares,2017-06-27,0.262872,0.267221,0.220018,0.245319,76238100.0,682511000
bytecoin-bcn,2017-06-27,0.0023710000000000003,0.0024059999999999997,0.0018239999999999999,0.002261,2587810.0,434077000
dash,2017-06-27,162.89,176.02,153.94,176.02,48931600.0,1203160000
dogecoin,2017-06-27,0.00275,0.0027660000000000002,0.002245,0.002623,16548800.0,302422000
ethereum,2017-06-27,272.69,293.09,227.14,293.09,1973870000.0,25309700000.0
ethereum-classic,2017-06-27,19.68,20.24,16.56,19.14,304733000.0,1830180000.0
iota,2017-06-27,0.41198900000000005,0.42003500000000005,0.353549,0.392269,4411090.0,1145140000
lisk,2017-06-27,2.8,2.8,2.15,2.74,8630910.0,304949000.0
litecoin,2017-06-27,41.13,41.39,36.2,40.54,565265000.0,2127600000
monero,2017-06-27,43.49,44.05,38.51,43.57,12171600.0,638919000
nano,2017-06-27,0.067089,0.073257,0.057925,0.069492,95160.0,5691830.0
nem,2017-06-27,0.162366,0.169999,0.140698,0.163454,5954270.0,1461290000
neo,2017-06-27,5.35,7.26,5.09,6.83,71029700.0,267538000.0
qtum,2017-06-27,12.27,15.19,11.94,14.47,42563100.0,
ripple,2017-06-27,0.27728800000000003,0.27881,0.251052,0.276306,186951000.0,10617700000
siacoin,2017-06-27,0.015333000000000001,0.016256,0.013040000000000001,0.015304,22702200.0,417768000.0
steem,2017-06-27,1.8,1.82,1.48,1.78,3648900.0,423370000
stellar,2017-06-27,0.030218000000000002,0.031348,0.024228,0.029113,16402100.0,294588000
verge,2017-06-27,0.003045,0.003152,0.002408,0.002912,999769.0,40828000
zcash,2017-06-27,310.22,331.74,274.78,328.65,43883000.0,481606000
bitcoin,2017-06-28,2553.03,2603.98,2484.42,2574.79,1183870000.0,41906700000
bitshares,2017-06-28,0.24992899999999998,0.282441,0.236783,0.27769499999999997,93570900.0,648913000
bytecoin-bcn,2017-06-28,0.0022960000000000003,0.002363,0.002128,0.0023,2606850.0,420324000
dash,2017-06-28,177.01,185.97,174.59,184.13,27008600.0,1307820000
dogecoin,2017-06-28,0.002636,0.002822,0.002526,0.002793,9713640.0,289857000
ethereum,2017-06-28,293.04,333.1,276.41,327.93,2056550000.0,27207000000.0
ethereum-classic,2017-06-28,19.16,19.84,18.07,19.65,181039000.0,1782010000.0
iota,2017-06-28,0.39987399999999995,0.39987399999999995,0.357338,0.37913600000000003,4704400.0,1111460000
lisk,2017-06-28,2.79,2.99,2.53,2.92,9012530.0,303893000.0
litecoin,2017-06-28,40.82,43.61,39.18,42.85,353444000.0,2111870000
monero,2017-06-28,43.8,47.41,42.29,47.32,10812600.0,643627000
nano,2017-06-28,0.070003,0.092258,0.068372,0.087052,93644.0,5970110.0
nem,2017-06-28,0.164123,0.178329,0.155272,0.170694,7495030.0,1477110000
neo,2017-06-28,6.96,8.69,6.49,8.38,72982300.0,347826000.0
qtum,2017-06-28,14.68,15.68,12.97,13.83,40650500.0,
ripple,2017-06-28,0.275391,0.28149,0.26784,0.280455,126278000.0,10545100000
siacoin,2017-06-28,0.015462,0.016529,0.014825999999999999,0.016454,18103800.0,421813000.0
steem,2017-06-28,1.81,1.96,1.71,1.92,2796140.0,425000000
stellar,2017-06-28,0.029205000000000002,0.033615,0.028027,0.031998,17106400.0,291560000
verge,2017-06-28,0.0029059999999999997,0.003196,0.002797,0.0030399999999999997,820351.0,38963400
zcash,2017-06-28,327.43,347.13,314.24,342.61,29121800.0,508309000
bitcoin,2017-06-29,2567.56,2588.83,2510.48,2539.32,949979000.0,42150300000
bitshares,2017-06-29,0.277306,0.277966,0.25204299999999996,0.256396,48186900.0,720000000
bytecoin-bcn,2017-06-29,0.002326,0.002644,0.002203,0.0022559999999999998,4828020.0,425809000
dash,2017-06-29,183.17,184.48,176.72,177.17,42548600.0,1353710000
dogecoin,2017-06-29,0.002787,0.002787,0.0025989999999999997,0.002656,6596660.0,306604000
ethereum,2017-06-29,328.37,330.71,297.37,302.88,1508580000.0,30495300000.0
ethereum-classic,2017-06-29,19.62,19.66,18.33,18.66,102812000.0,1825930000.0
iota,2017-06-29,0.375767,0.459387,0.361568,0.41779799999999995,5324020.0,1044460000
lisk,2017-06-29,2.92,2.94,2.61,2.71,6162700.0,318025000.0
litecoin,2017-06-29,42.83,42.83,40.35,41.07,300131000.0,2216710000
monero,2017-06-29,47.04,47.91,44.67,45.02,11470500.0,691512000
nano,2017-06-29,0.08697300000000001,0.088548,0.076062,0.076797,54263.0,7453070.0
nem,2017-06-29,0.171167,0.17606,0.159967,0.163684,4851220.0,1540500000
neo,2017-06-29,8.34,10.07,7.91,9.77,77050000.0,416970000.0
qtum,2017-06-29,14.09,14.09,12.33,12.48,18516000.0,
ripple,2017-06-29,0.280565,0.280873,0.264175,0.265421,89745300.0,10743200000
siacoin,2017-06-29,0.016431,0.01651,0.014950999999999999,0.015175999999999999,11464800.0,448698000.0
steem,2017-06-29,1.92,1.93,1.71,1.75,2264590.0,452171000
stellar,2017-06-29,0.031839,0.032263,0.028674,0.029039,10598500.0,323762000
verge,2017-06-29,0.003012,0.0030989999999999998,0.0028309999999999997,0.002957,684886.0,40390700
zcash,2017-06-29,337.43,344.35,313.32,324.38,28494500.0,523837000
bitcoin,2017-06-30,2539.24,2559.25,2478.43,2480.84,860273000.0,41689100000
bitshares,2017-06-30,0.254587,0.259918,0.247962,0.248337,32301400.0,661020000
bytecoin-bcn,2017-06-30,0.002268,0.002278,0.0017989999999999998,0.0018559999999999998,1252110.0,415252000
dash,2017-06-30,177.3,184.58,177.3,181.77,48166300.0,1310690000
dogecoin,2017-06-30,0.002654,0.002681,0.002601,0.002602,4828560.0,291970000
ethereum,2017-06-30,303.15,315.17,288.44,294.92,1011800000.0,28161900000.0
ethereum-classic,2017-06-30,18.6,19.81,18.6,18.92,120634000.0,1731060000.0
iota,2017-06-30,0.417167,0.45300799999999997,0.39819499999999997,0.401591,5044270.0,1159530000
lisk,2017-06-30,2.71,2.9,2.51,2.53,7804690.0,295518000.0
litecoin,2017-06-30,41.04,41.75,40.17,40.35,251184000.0,2124870000
monero,2017-06-30,45.09,45.87,43.48,43.73,11338900.0,663056000
nano,2017-06-30,0.076164,0.077886,0.0693,0.072368,62155.0,6558070.0
nem,2017-06-30,0.16380999999999998,0.168455,0.158076,0.159532,4116550.0,1474290000
neo,2017-06-30,9.72,10.0,8.6,8.73,43355500.0,485988000.0
qtum,2017-06-30,12.46,12.57,11.66,12.03,14022600.0,
ripple,2017-06-30,0.26605999999999996,0.26916,0.26224200000000003,0.26293,67764500.0,10187800000
siacoin,2017-06-30,0.01517,0.015277,0.014131999999999999,0.014268000000000001,7334430.0,414773000.0
steem,2017-06-30,1.75,1.78,1.63,1.66,1242450.0,412648000
stellar,2017-06-30,0.029027999999999998,0.029625,0.026833,0.026987999999999998,7756010.0,296282000
verge,2017-06-30,0.002963,0.0029980000000000002,0.00279,0.002797,633698.0,39728700
zcash,2017-06-30,318.72,325.32,302.21,307.12,37157600.0,494798000
bitcoin,2017-07-01,2492.6,2515.27,2419.23,2434.55,779914000.0,40928200000
bitshares,2017-07-01,0.24714699999999998,0.247666,0.226343,0.22789099999999998,36725000.0,641710000
bytecoin-bcn,2017-07-01,0.001832,0.0034189999999999997,0.001782,0.0025399999999999997,5016040.0,335476000
dash,2017-07-01,181.66,182.29,165.63,165.71,42283100.0,1343300000
dogecoin,2017-07-01,0.002601,0.002893,0.002418,0.0026449999999999998,5623250.0,286202000
ethereum,2017-07-01,293.35,293.75,268.62,274.6,1089200000.0,27259400000.0
ethereum-classic,2017-07-01,18.75,18.79,17.51,17.81,64563300.0,1745950000.0
iota,2017-07-01,0.40229499999999996,0.414192,0.38148899999999997,0.38963000000000003,2334640.0,1118190000
lisk,2017-07-01,2.55,2.56,2.29,2.3,4565360.0,277508000.0
litecoin,2017-07-01,40.4,40.58,38.47,38.99,225507000.0,2092370000
monero,2017-07-01,43.71,43.98,39.8,40.96,10673500.0,642898000
nano,2017-07-01,0.072344,0.073108,0.050515,0.062672,48636.0,6258840.0
nem,2017-07-01,0.15959600000000002,0.161146,0.143427,0.145722,3496010.0,1436360000
neo,2017-07-01,8.77,9.24,7.74,7.95,33128400.0,438293000.0
qtum,2017-07-01,11.96,12.12,10.37,10.39,10832000.0,
ripple,2017-07-01,0.262855,0.26305300000000004,0.25296599999999997,0.254744,53611000.0,10065100000
siacoin,2017-07-01,0.014319,0.014398,0.012387,0.012828999999999998,10025100.0,391898000.0
steem,2017-07-01,1.66,1.68,1.55,1.59,1223870.0,390124000
stellar,2017-07-01,0.026958999999999997,0.028074,0.023388,0.024465999999999998,9301920.0,277895000
verge,2017-07-01,0.002796,0.002986,0.002721,0.002816,812102.0,37492200
zcash,2017-07-01,299.41,303.36,280.18,290.37,25718200.0,464819000
bitcoin,2017-07-02,2436.4,2514.28,2394.84,2506.47,803747000.0,40010500000
bitshares,2017-07-02,0.22578099999999998,0.22578099999999998,0.197354,0.21429099999999998,71511700.0,586240000
bytecoin-bcn,2017-07-02,0.0024100000000000002,0.00245,0.002105,0.002198,1342210.0,441312000
dash,2017-07-02,165.61,174.1,163.99,173.49,33257700.0,1224910000
dogecoin,2017-07-02,0.0026379999999999997,0.0026449999999999998,0.0022530000000000002,0.0024809999999999997,6310430.0,290316000
ethereum,2017-07-02,275.12,295.51,262.52,287.99,1123330000.0,25572800000.0
ethereum-classic,2017-07-02,17.74,18.12,16.97,17.91,88689500.0,1652150000.0
iota,2017-07-02,0.39188,0.39689,0.366798,0.382249,2971770.0,1089240000
lisk,2017-07-02,2.31,2.65,2.19,2.57,6773080.0,251723000.0
litecoin,2017-07-02,38.95,43.27,37.8,41.57,315630000.0,2017570000
monero,2017-07-02,40.94,43.0,40.22,42.79,12774300.0,602361000
nano,2017-07-02,0.06266000000000001,0.074151,0.055107,0.063454,34984.0,5446730.0
nem,2017-07-02,0.145254,0.15931099999999998,0.144208,0.15931099999999998,5179360.0,1307290000
neo,2017-07-02,7.96,8.51,6.75,8.1,47478700.0,397988000.0
qtum,2017-07-02,10.41,10.41,8.18,9.45,23967300.0,
ripple,2017-07-02,0.254512,0.25995100000000004,0.250944,0.259449,54095000.0,9745600000
siacoin,2017-07-02,0.012813,0.0133,0.011631,0.013083000000000001,15819000.0,351045000.0
steem,2017-07-02,1.6,1.66,1.53,1.64,1589740.0,376228000
stellar,2017-07-02,0.024477000000000002,0.025827,0.022372,0.025706,11857600.0,253559000
verge,2017-07-02,0.002792,0.002931,0.002668,0.002924,619352.0,37444600
zcash,2017-07-02,282.77,305.81,269.74,301.88,24816800.0,438992000
bitcoin,2017-07-03,2498.56,2595.0,2480.47,2564.06,964112000.0,41037200000
bitshares,2017-07-03,0.212627,0.26006399999999996,0.206837,0.24813600000000002,128439000.0,552090000
bytecoin-bcn,2017-07-03,0.0021739999999999997,0.0022489999999999997,0.002079,0.0021609999999999997,1042420.0,397960000
dash,2017-07-03,173.37,182.58,171.91,180.79,40038200.0,1282650000
dogecoin,2017-07-03,0.002467,0.002601,0.002395,0.0025329999999999997,7488410.0,271502000
ethereum,2017-07-03,288.41,291.1,281.18,282.9,851408000.0,26815900000.0
ethereum-classic,2017-07-03,17.91,18.32,17.53,17.85,80328000.0,1669210000.0
iota,2017-07-03,0.37905500000000003,0.384955,0.35602399999999995,0.376139,3873180.0,1053600000
lisk,2017-07-03,2.56,2.59,2.41,2.47,4287060.0,279704000.0
litecoin,2017-07-03,41.48,48.4,40.97,46.43,729938000.0,2149160000
monero,2017-07-03,42.51,44.14,41.82,43.63,13141000.0,625802000
nano,2017-07-03,0.06399500000000001,0.06517,0.048195999999999996,0.060275,60776.0,5589120.0
nem,2017-07-03,0.159409,0.179955,0.157027,0.176653,5657780.0,1434680000
neo,2017-07-03,8.06,8.48,7.52,8.22,28820400.0,402786000.0
qtum,2017-07-03,9.33,10.08,8.56,9.19,15403500.0,
ripple,2017-07-03,0.258977,0.262354,0.255666,0.259959,60367800.0,9916580000
siacoin,2017-07-03,0.013128,0.014813999999999999,0.012366,0.013694,20454200.0,360060000.0
steem,2017-07-03,1.64,1.67,1.58,1.64,1531800.0,386172000
stellar,2017-07-03,0.025695999999999997,0.026887,0.024591,0.026266,7572990.0,266527000
verge,2017-07-03,0.002938,0.0035259999999999996,0.002868,0.0033810000000000003,1932330.0,39390400
zcash,2017-07-03,295.4,295.8,283.18,291.56,28546700.0,458593000
bitcoin,2017-07-04,2561.0,2631.59,2559.35,2601.64,985516000.0,42067900000
bitshares,2017-07-04,0.250465,0.266269,0.23719899999999997,0.237508,74827400.0,650344000
bytecoin-bcn,2017-07-04,0.002127,0.002216,0.002074,0.0021190000000000002,976616.0,389455000
dash,2017-07-04,180.22,187.3,180.22,183.06,51222900.0,1333710000
dogecoin,2017-07-04,0.002527,0.002612,0.00251,0.002518,5302360.0,278109000
ethereum,2017-07-04,282.19,287.39,273.11,273.3,687691000.0,26245000000.0
ethereum-classic,2017-07-04,17.84,18.59,17.84,18.05,85616700.0,1662670000.0
iota,2017-07-04,0.3749,0.41069799999999995,0.373865,0.39639,3933710.0,1042050000
lisk,2017-07-04,2.47,2.67,2.47,2.53,4603820.0,269301000.0
litecoin,2017-07-04,46.56,55.42,46.56,55.33,1101750000.0,2413260000
monero,2017-07-04,43.55,45.53,43.55,45.47,14850800.0,641305000
nano,2017-07-04,0.060145000000000004,0.061926,0.047547000000000006,0.052088,55777.0,5277460.0
nem,2017-07-04,0.176291,0.196651,0.17322200000000001,0.18835,12967300.0,1586620000
neo,2017-07-04,8.22,8.49,7.77,7.78,15781600.0,410831000.0
qtum,2017-07-04,9.24,9.94,8.92,9.27,8178690.0,
ripple,2017-07-04,0.259841,0.262258,0.254387,0.254709,56008900.0,9949670000
siacoin,2017-07-04,0.013675,0.014242,0.013207,0.013354,9453090.0,375388000.0
steem,2017-07-04,1.63,1.87,1.63,1.85,2692650.0,385199000
stellar,2017-07-04,0.026169,0.02791,0.025646,0.02575,6393470.0,272443000
verge,2017-07-04,0.0033229999999999996,0.0035159999999999996,0.003264,0.003421,1103310.0,44555500
zcash,2017-07-04,289.44,298.99,279.07,282.21,28509400.0,449337000
bitcoin,2017-07-05,2602.87,2622.65,2538.55,2601.99,941566000.0,42760800000
bitshares,2017-07-05,0.236603,0.237395,0.21981900000000001,0.230054,50491300.0,614358000
bytecoin-bcn,2017-07-05,0.002137,0.002137,0.001808,0.0019329999999999998,907634.0,391340000
dash,2017-07-05,183.05,212.66,181.06,209.48,93285800.0,1354980000
dogecoin,2017-07-05,0.0025039999999999997,0.002829,0.0024230000000000002,0.0027140000000000003,17293700.0,275630000
ethereum,2017-07-05,273.1,275.13,261.45,268.77,790256000.0,25406900000.0
ethereum-classic,2017-07-05,18.05,18.05,17.39,17.77,57671900.0,1682750000.0
iota,2017-07-05,0.396273,0.400841,0.371809,0.38013,3061100.0,1101450000
lisk,2017-07-05,2.52,2.52,2.42,2.48,4083530.0,275228000.0
litecoin,2017-07-05,55.27,56.03,50.6,53.19,790609000.0,2865630000
monero,2017-07-05,45.3,46.9,44.13,45.72,15243000.0,667353000
nano,2017-07-05,0.052064,0.058080999999999994,0.050378,0.056764999999999996,58989.0,4589790.0
nem,2017-07-05,0.18723099999999998,0.18800799999999998,0.17297,0.174562,3884360.0,1685080000
neo,2017-07-05,7.77,8.66,7.23,8.03,29368100.0,388453000.0
qtum,2017-07-05,9.33,9.33,7.96,8.3,8151290.0,
ripple,2017-07-05,0.255125,0.26171300000000003,0.254275,0.256523,73292100.0,9769110000
siacoin,2017-07-05,0.013387999999999999,0.013387999999999999,0.012567,0.012953000000000001,8529170.0,367905000.0
steem,2017-07-05,1.87,1.89,1.74,1.8,2594160.0,440681000
stellar,2017-07-05,0.025681,0.025858,0.024794999999999998,0.025441,3517740.0,267600000
verge,2017-07-05,0.003367,0.003858,0.003257,0.003796,2090620.0,45145100
zcash,2017-07-05,280.24,286.92,272.46,283.01,38079400.0,435050000
bitcoin,2017-07-06,2608.1,2616.72,2581.69,2608.56,761957000.0,42851400000
bitshares,2017-07-06,0.22978099999999999,0.23111500000000001,0.214231,0.217133,34376700.0,596650000
bytecoin-bcn,2017-07-06,0.001929,0.00212,0.0017399999999999998,0.002045,2657210.0,353114000
dash,2017-07-06,210.34,227.89,205.37,213.17,114292000.0,1558330000
dogecoin,2017-07-06,0.002711,0.00282,0.002601,0.002636,10702300.0,298461000
ethereum,2017-07-06,268.86,278.48,265.51,270.55,623080000.0,25019500000.0
ethereum-classic,2017-07-06,17.77,18.18,17.5,17.91,62603300.0,1657550000.0
iota,2017-07-06,0.380253,0.382865,0.317295,0.35388000000000003,8218370.0,1056920000
lisk,2017-07-06,2.48,2.83,2.45,2.52,6896780.0,271300000.0
litecoin,2017-07-06,53.2,53.2,50.12,51.13,461149000.0,2758680000
monero,2017-07-06,45.96,50.26,45.88,50.12,23168300.0,677244000
nano,2017-07-06,0.056792999999999996,0.061213,0.055725,0.057865,70069.0,5029930.0
nem,2017-07-06,0.174378,0.175928,0.165406,0.16930699999999999,3867280.0,1569400000
neo,2017-07-06,7.98,8.34,7.69,7.84,17932500.0,399093000.0
qtum,2017-07-06,8.44,9.35,7.95,8.75,13670300.0,
ripple,2017-07-06,0.256374,0.257148,0.253303,0.254641,43845800.0,9816910000
siacoin,2017-07-06,0.01296,0.013081,0.012268000000000001,0.012311,8812730.0,356501000.0
steem,2017-07-06,1.8,1.89,1.78,1.85,1741770.0,424257000
stellar,2017-07-06,0.025503,0.026189999999999998,0.025194,0.025418,3682330.0,266509000
verge,2017-07-06,0.0037979999999999997,0.004765999999999999,0.0037119999999999996,0.004726,7349140.0,50925200
zcash,2017-07-06,281.64,291.31,275.21,287.81,35396700.0,437232000
bitcoin,2017-07-07,2608.59,2916.14,2498.87,2518.66,917412000.0,42864200000
bitshares,2017-07-07,0.217152,0.217152,0.18621500000000002,0.18854200000000002,40615500.0,563863000
bytecoin-bcn,2017-07-07,0.002039,0.002055,0.001667,0.0016829999999999998,1684220.0,373373000
dash,2017-07-07,212.72,213.08,194.8,196.46,59581400.0,1576370000
dogecoin,2017-07-07,0.002629,0.002629,0.002388,0.002397,7367710.0,289483000
ethereum,2017-07-07,270.35,273.94,244.17,245.99,687252000.0,25160800000.0
ethereum-classic,2017-07-07,17.96,18.17,16.68,16.75,63005000.0,1675380000.0
iota,2017-07-07,0.35580300000000004,0.35599400000000003,0.271859,0.284565,8804780.0,988966000
lisk,2017-07-07,2.52,2.52,2.24,2.28,5737670.0,274813000.0
litecoin,2017-07-07,51.1,51.14,45.63,46.58,553712000.0,2650900000
monero,2017-07-07,50.11,50.65,43.84,44.25,20324700.0,738662000
nano,2017-07-07,0.057887,0.06627899999999999,0.053163,0.053479,58629.0,5150470.0
nem,2017-07-07,0.16927899999999999,0.170986,0.153475,0.156905,4444970.0,1523510000
neo,2017-07-07,7.83,7.89,6.74,6.77,16409500.0,391569000.0
qtum,2017-07-07,8.73,8.75,6.67,6.87,7176910.0,
ripple,2017-07-07,0.254858,0.255431,0.23889200000000002,0.23948000000000003,88408000.0,9758870000
siacoin,2017-07-07,0.012357,0.012437,0.009720999999999999,0.010217,18271700.0,340313000.0
steem,2017-07-07,1.86,1.88,1.52,1.52,2576860.0,438453000
stellar,2017-07-07,0.025481999999999998,0.025512,0.01998,0.020415,8666130.0,266472000
verge,2017-07-07,0.004703,0.004816,0.0033710000000000003,0.003425,5351120.0,63070800
zcash,2017-07-07,285.71,289.64,248.55,248.73,38104000.0,443549000
bitcoin,2017-07-08,2520.27,2571.34,2492.31,2571.34,733330000.0,41417700000
bitshares,2017-07-08,0.187437,0.198217,0.16304000000000002,0.191866,70812300.0,486707000
bytecoin-bcn,2017-07-08,0.0016760000000000002,0.0016989999999999998,0.0014759999999999999,0.0016309999999999999,1049070.0,306821000
dash,2017-07-08,196.15,211.31,187.21,209.2,41486800.0,1454000000
dogecoin,2017-07-08,0.002386,0.002461,0.002202,0.00244,8176760.0,262709000
ethereum,2017-07-08,245.89,273.48,236.55,251.7,754958000.0,22890700000.0
ethereum-classic,2017-07-08,16.74,16.99,15.38,16.99,113998000.0,1562560000.0
iota,2017-07-08,0.286164,0.32090799999999997,0.281393,0.30551500000000004,3273950.0,795402000
lisk,2017-07-08,2.28,2.28,2.05,2.22,5860860.0,249154000.0
litecoin,2017-07-08,46.64,52.75,44.67,52.14,604987000.0,2420160000
monero,2017-07-08,44.17,46.24,41.9,46.1,15801900.0,651286000
nano,2017-07-08,0.053520000000000005,0.053564999999999995,0.046544999999999996,0.047166,29952.0,4783760.0
nem,2017-07-08,0.155875,0.159254,0.14855,0.158505,4663310.0,1402870000
neo,2017-07-08,6.79,7.63,5.91,7.45,24138500.0,339382000.0
qtum,2017-07-08,6.9,7.11,5.64,6.86,12481200.0,
ripple,2017-07-08,0.23974099999999998,0.23974099999999998,0.221769,0.236134,124578000.0,9180000000
siacoin,2017-07-08,0.010211,0.010855,0.008912,0.010855,20421000.0,281480000.0
steem,2017-07-08,1.52,1.7,1.39,1.69,2323660.0,359178000
stellar,2017-07-08,0.020423,0.021862,0.017816,0.021597,10411800.0,215352000
verge,2017-07-08,0.003428,0.004013,0.003356,0.003922,2247740.0,45961600
zcash,2017-07-08,249.02,249.52,235.82,248.86,27224500.0,420155000
bitcoin,2017-07-09,2572.61,2635.49,2517.59,2518.44,527856000.0,42283200000
bitshares,2017-07-09,0.193144,0.195657,0.169763,0.1698,27774400.0,501526000
bytecoin-bcn,2017-07-09,0.001632,0.001779,0.001539,0.001556,844620.0,298884000
dash,2017-07-09,209.64,212.48,195.64,195.64,44286500.0,1554430000
dogecoin,2017-07-09,0.002442,0.0024920000000000003,0.002326,0.00233,4122620.0,268949000
ethereum,2017-07-09,251.82,255.1,242.14,242.14,505118000.0,23454700000.0
ethereum-classic,2017-07-09,16.97,17.45,16.26,16.26,56397400.0,1584440000.0
iota,2017-07-09,0.297377,0.31277,0.285475,0.30288899999999996,2474500.0,826569000
lisk,2017-07-09,2.23,2.29,2.07,2.07,3709150.0,243720000.0
litecoin,2017-07-09,52.36,53.31,49.53,49.58,409244000.0,2717950000
monero,2017-07-09,46.69,47.0,44.56,44.85,12681200.0,688769000
nano,2017-07-09,0.047208,0.056538,0.043142,0.046331,24669.0,4238810.0
nem,2017-07-09,0.158776,0.161705,0.152559,0.15299300000000002,2789610.0,1428980000
neo,2017-07-09,7.4,7.62,6.87,6.9,10422500.0,370072000.0
qtum,2017-07-09,6.91,7.58,6.35,6.36,6985260.0,
ripple,2017-07-09,0.236884,0.24850100000000003,0.23341599999999998,0.23341599999999998,82755000.0,9070620000
siacoin,2017-07-09,0.010865999999999999,0.011323,0.009781999999999999,0.009781999999999999,9814290.0,299860000.0
steem,2017-07-09,1.7,1.72,1.52,1.53,1273150.0,400422000
stellar,2017-07-09,0.021628,0.022491,0.019499000000000002,0.019499000000000002,4104420.0,228281000
verge,2017-07-09,0.0039,0.0039380000000000005,0.0035670000000000003,0.0036509999999999997,1054260.0,52298600
zcash,2017-07-09,252.5,260.23,241.43,241.43,17712900.0,426014000
bitcoin,2017-07-10,2525.25,2537.16,2321.13,2372.56,1111200000.0,41509000000
bitshares,2017-07-10,0.169473,0.174875,0.13551,0.141495,40934400.0,440071000
bytecoin-bcn,2017-07-10,0.001575,0.001575,0.000998,0.001117,1679880.0,288372000
dash,2017-07-10,195.99,197.38,170.06,174.4,38824100.0,1453580000
dogecoin,2017-07-10,0.002338,0.002373,0.001865,0.001952,7350820.0,257476000
ethereum,2017-07-10,243.01,243.07,196.97,215.36,937219000.0,22640500000.0
ethereum-classic,2017-07-10,16.24,17.49,14.43,15.48,146147000.0,1516460000.0
iota,2017-07-10,0.304476,0.304476,0.19053900000000001,0.217061,8233640.0,846301000
lisk,2017-07-10,2.07,2.08,1.35,1.63,6204310.0,226246000.0
litecoin,2017-07-10,49.91,50.53,44.74,46.58,373253000.0,2591230000
monero,2017-07-10,44.91,45.12,38.84,40.01,14633300.0,662645000
nano,2017-07-10,0.050371,0.054147,0.037073,0.037843,41936.0,4543420.0
nem,2017-07-10,0.153407,0.159147,0.115212,0.132048,5462570.0,1380660000
neo,2017-07-10,6.91,6.96,5.58,6.03,11395300.0,345719000.0
qtum,2017-07-10,6.42,6.75,5.03,5.38,5648270.0,
ripple,2017-07-10,0.234067,0.234067,0.185418,0.203165,119367000.0,8962770000
siacoin,2017-07-10,0.009784000000000001,0.009852,0.006862999999999999,0.007679999999999999,13567500.0,270239000.0
steem,2017-07-10,1.54,1.55,1.18,1.26,2718830.0,363504000
stellar,2017-07-10,0.019547,0.019955,0.013969999999999998,0.015137000000000001,10800400.0,206559000
verge,2017-07-10,0.003658,0.0036829999999999996,0.002522,0.002722,1962190.0,49055100
zcash,2017-07-10,242.21,242.35,185.06,198.73,28200200.0,412809000
bitcoin,2017-07-11,2385.89,2413.47,2296.81,2337.79,1329760000.0,39224200000
bitshares,2017-07-11,0.139049,0.14383900000000002,0.11367999999999999,0.123521,57816000.0,361069000
bytecoin-bcn,2017-07-11,0.001056,0.001266,0.0009539999999999999,0.001066,1200140.0,193313000
dash,2017-07-11,173.63,180.37,159.99,165.73,44860900.0,1288140000
dogecoin,2017-07-11,0.001956,0.002036,0.001768,0.001779,9803180.0,215422000
ethereum,2017-07-11,211.53,220.29,183.39,197.4,1440950000.0,19712300000.0
ethereum-classic,2017-07-11,15.22,16.03,13.17,14.72,194378000.0,1421880000.0
iota,2017-07-11,0.21474200000000002,0.23157399999999997,0.18568099999999998,0.187596,6946200.0,596881000
lisk,2017-07-11,1.61,1.64,1.35,1.45,4070870.0,176205000.0
litecoin,2017-07-11,46.27,47.39,43.65,45.33,400045000.0,2403210000
monero,2017-07-11,40.25,40.73,35.34,37.14,17988200.0,594108000
nano,2017-07-11,0.037759,0.038117000000000005,0.032604,0.03318,54211.0,3421190.0
nem,2017-07-11,0.13477,0.139311,0.11462,0.11930299999999999,4746410.0,1212930000
neo,2017-07-11,5.93,6.11,4.83,5.4,20182900.0,296309000.0
qtum,2017-07-11,5.23,5.42,3.89,4.82,11515200.0,
ripple,2017-07-11,0.196415,0.20332,0.168265,0.18501900000000002,271415000.0,7520990000
siacoin,2017-07-11,0.007519,0.007759,0.005961,0.006947,19583900.0,207856000.0
steem,2017-07-11,1.24,1.33,0.9724860000000001,1.13,3648840.0,292641000
stellar,2017-07-11,0.014858000000000001,0.015647,0.012365000000000001,0.014518000000000001,17042700.0,157375000
verge,2017-07-11,0.002693,0.002912,0.0020399999999999997,0.002434,2440680.0,36105400
zcash,2017-07-11,197.8,200.54,167.9,178.37,37434800.0,338586000
bitcoin,2017-07-12,2332.77,2423.71,2275.14,2398.84,1117410000.0,38355900000
bitshares,2017-07-12,0.123174,0.146387,0.11766300000000002,0.145868,60739800.0,319852000
bytecoin-bcn,2017-07-12,0.001076,0.001917,0.000989,0.0017329999999999997,2844590.0,196961000
dash,2017-07-12,165.03,179.89,159.54,179.89,30198600.0,1224620000
dogecoin,2017-07-12,0.001759,0.0019379999999999998,0.001674,0.0019379999999999998,9627830.0,193756000
ethereum,2017-07-12,197.15,230.77,189.59,230.77,1241190000.0,18377600000.0
ethereum-classic,2017-07-12,14.69,20.42,14.23,19.94,725473000.0,1373170000.0
iota,2017-07-12,0.191125,0.237362,0.183955,0.228758,4646480.0,531237000
lisk,2017-07-12,1.45,1.81,1.34,1.76,4100590.0,158441000.0
litecoin,2017-07-12,45.26,49.07,44.07,48.75,369964000.0,2350960000
monero,2017-07-12,36.89,40.75,35.51,40.39,15785600.0,544765000
nano,2017-07-12,0.033131,0.033754,0.028907,0.033662,8416.0,3015360.0
nem,2017-07-12,0.11761500000000001,0.13494,0.11305599999999999,0.13384100000000002,3307920.0,1058530000
neo,2017-07-12,5.31,6.69,5.07,6.63,23337300.0,265564000.0
qtum,2017-07-12,4.67,5.69,4.36,5.59,11808500.0,
ripple,2017-07-12,0.184198,0.205898,0.177162,0.205354,153023000.0,7053180000
siacoin,2017-07-12,0.006867,0.008924,0.006520000000000001,0.008924,14168400.0,190031000.0
steem,2017-07-12,1.13,1.36,1.07,1.36,2211440.0,266730000
stellar,2017-07-12,0.014322,0.017907,0.012816,0.017907,16361500.0,151965000
verge,2017-07-12,0.002445,0.002848,0.0022649999999999997,0.002836,1534480.0,32786200
zcash,2017-07-12,178.03,212.41,166.98,211.24,30152500.0,305980000
bitcoin,2017-07-13,2402.7,2425.22,2340.83,2357.9,835770000.0,39511000000
bitshares,2017-07-13,0.148013,0.153035,0.12701099999999999,0.131762,50329000.0,384357000
bytecoin-bcn,2017-07-13,0.001734,0.0018859999999999999,0.001422,0.001577,2523330.0,317579000
dash,2017-07-13,179.83,182.61,169.57,171.24,24269400.0,1334790000
dogecoin,2017-07-13,0.0019579999999999997,0.0020559999999999997,0.0017800000000000001,0.001823,6931840.0,215799000
ethereum,2017-07-13,231.81,231.81,200.06,209.73,828489000.0,21613900000.0
ethereum-classic,2017-07-13,20.05,20.72,17.36,18.36,429173000.0,1874350000.0
iota,2017-07-13,0.22909899999999997,0.238625,0.194249,0.21458899999999997,4129150.0,636787000
lisk,2017-07-13,1.75,1.98,1.68,1.77,4038250.0,191979000.0
litecoin,2017-07-13,48.72,49.05,45.39,46.33,229105000.0,2531820000
monero,2017-07-13,40.43,40.74,37.2,38.23,9969180.0,597277000
nano,2017-07-13,0.033685,0.043705,0.03127,0.038031,7825.0,3079580.0
nem,2017-07-13,0.134372,0.14078800000000002,0.115842,0.12295299999999999,3135620.0,1209350000
neo,2017-07-13,6.68,6.95,5.91,6.29,17824000.0,334240000.0
qtum,2017-07-13,5.65,6.12,5.02,5.11,8076010.0,288266000.0
ripple,2017-07-13,0.205873,0.230452,0.193357,0.200809,216750000.0,7883170000
siacoin,2017-07-13,0.008976000000000001,0.009336,0.007481,0.007886,12324300.0,248633000.0
steem,2017-07-13,1.36,1.37,1.12,1.16,1580660.0,321600000
stellar,2017-07-13,0.018142,0.020118,0.015719,0.017351,28951100.0,193139000
verge,2017-07-13,0.002838,0.0031030000000000003,0.002461,0.002647,1646540.0,38059000
zcash,2017-07-13,214.37,214.7,183.89,191.15,27023600.0,369981000
bitcoin,2017-07-14,2360.59,2363.25,2183.22,2233.34,882503000.0,38823100000
bitshares,2017-07-14,0.131072,0.131351,0.11926500000000001,0.121278,29603900.0,340366000
bytecoin-bcn,2017-07-14,0.0015970000000000001,0.001737,0.001396,0.001495,1301900.0,292435000
dash,2017-07-14,171.48,171.91,156.49,161.08,26831900.0,1273130000
dogecoin,2017-07-14,0.0018260000000000001,0.0018510000000000002,0.001632,0.0016809999999999998,3700410.0,201256000
ethereum,2017-07-14,209.53,211.1,187.37,199.66,749382000.0,19541300000.0
ethereum-classic,2017-07-14,18.41,18.6,16.85,17.55,215528000.0,1722240000.0
iota,2017-07-14,0.21299899999999997,0.214112,0.161877,0.17535,3347860.0,592038000
lisk,2017-07-14,1.77,1.77,1.46,1.56,2938930.0,193898000.0
litecoin,2017-07-14,46.36,46.48,40.8,42.8,320419000.0,2409670000
monero,2017-07-14,38.08,38.33,34.22,35.48,9558140.0,562680000
nano,2017-07-14,0.038013,0.045952999999999994,0.035738,0.03929,47915.0,3490760.0
nem,2017-07-14,0.122708,0.124328,0.11081600000000001,0.117498,2077230.0,1104370000
neo,2017-07-14,6.27,6.29,5.42,5.54,12351000.0,313433000.0
qtum,2017-07-14,5.11,5.18,4.47,4.53,6385700.0,260726000.0
ripple,2017-07-14,0.200819,0.201156,0.183369,0.190769,97037600.0,7689650000
siacoin,2017-07-14,0.007916,0.007946,0.0068969999999999995,0.006987,6414700.0,219525000.0
steem,2017-07-14,1.16,1.16,0.99585,1.07,1012260.0,276028000
stellar,2017-07-14,0.017373,0.017373,0.014969,0.016321000000000002,12282200.0,185269000
verge,2017-07-14,0.0026449999999999998,0.0026550000000000002,0.002171,0.002355,1111590.0,35467400
zcash,2017-07-14,192.32,193.29,167.39,177.45,23103400.0,333293000
bitcoin,2017-07-15,2230.12,2231.14,1990.41,1998.86,993608000.0,36681300000
bitshares,2017-07-15,0.12100899999999999,0.12100899999999999,0.10263,0.10263,43382000.0,314238000
bytecoin-bcn,2017-07-15,0.001492,0.001495,0.0012720000000000001,0.00128,551826.0,273283000
dash,2017-07-15,161.28,163.44,139.91,140.14,30810000.0,1197760000
dogecoin,2017-07-15,0.001675,0.001675,0.001477,0.001484,3788270.0,184626000
ethereum,2017-07-15,199.71,200.16,170.66,170.66,810452000.0,18630200000.0
ethereum-classic,2017-07-15,17.6,17.6,14.38,14.77,243159000.0,1646950000.0
iota,2017-07-15,0.17523699999999998,0.176099,0.14793299999999998,0.15868800000000002,3913220.0,487076000
lisk,2017-07-15,1.56,1.57,1.4,1.4,2383600.0,171236000.0
litecoin,2017-07-15,42.81,42.81,37.78,38.92,327332000.0,2225560000
monero,2017-07-15,35.57,35.57,31.37,32.09,9718770.0,525794000
nano,2017-07-15,0.039223,0.039295,0.032042,0.032435000000000005,38753.0,3617860.0
nem,2017-07-15,0.11749200000000001,0.117726,0.105906,0.111478,3213760.0,1057430000
neo,2017-07-15,5.55,5.55,4.98,5.03,11294200.0,277400000.0
qtum,2017-07-15,4.54,4.55,3.86,3.88,6403170.0,231785000.0
ripple,2017-07-15,0.190976,0.191167,0.16711800000000002,0.17058900000000002,131779000.0,7312750000
siacoin,2017-07-15,0.0070079999999999995,0.007026999999999999,0.006181,0.006282,4785200.0,194503000.0
steem,2017-07-15,1.07,1.07,0.9150860000000001,0.9531540000000001,1166680.0,254305000
stellar,2017-07-15,0.016244,0.018272,0.015028999999999999,0.017618,20287200.0,173411000
verge,2017-07-15,0.0023510000000000002,0.002359,0.00207,0.0021100000000000003,544098.0,31520500
zcash,2017-07-15,178.22,178.22,156.18,160.07,14327300.0,310131000
bitcoin,2017-07-16,1991.98,2058.77,1843.03,1929.82,1182870000.0,32767600000
bitshares,2017-07-16,0.102175,0.104656,0.093527,0.094878,39027600.0,265333000
bytecoin-bcn,2017-07-16,0.001276,0.001296,0.000985,0.001142,863071.0,233636000
dash,2017-07-16,139.65,143.54,119.17,132.64,35385900.0,1037360000
dogecoin,2017-07-16,0.001484,0.001524,0.00128,0.001307,4390690.0,163536000
ethereum,2017-07-16,169.57,172.01,133.72,157.36,1516890000.0,15823100000.0
ethereum-classic,2017-07-16,14.71,15.36,12.25,14.18,249231000.0,1376490000.0
iota,2017-07-16,0.157961,0.185445,0.155173,0.180978,4178170.0,439057000
lisk,2017-07-16,1.4,1.45,1.18,1.4,2419470.0,153762000.0
litecoin,2017-07-16,38.92,41.97,36.38,40.91,393366000.0,2024150000
monero,2017-07-16,31.97,32.53,28.83,29.43,12434100.0,472681000
nano,2017-07-16,0.032338,0.033094,0.020655,0.026637,37024.0,2995990.0
nem,2017-07-16,0.11109300000000001,0.113553,0.090656,0.097294,2583610.0,999834000
neo,2017-07-16,5.03,5.27,4.83,5.04,9498420.0,251399000.0
qtum,2017-07-16,3.93,4.24,3.71,3.93,5467430.0,200412000.0
ripple,2017-07-16,0.16948,0.172575,0.11977,0.148056,257944000.0,6489640000
siacoin,2017-07-16,0.006261999999999999,0.006532,0.005524,0.005833,5470070.0,173998000.0
steem,2017-07-16,0.954066,0.9848370000000001,0.772624,0.896907,1333100.0,226737000
stellar,2017-07-16,0.017577000000000002,0.018951,0.013772,0.015653999999999998,23584100.0,187684000
verge,2017-07-16,0.002123,0.002209,0.001802,0.001982,485807.0,28467000
zcash,2017-07-16,160.04,165.98,144.09,165.98,20481600.0,279643000
bitcoin,2017-07-17,1932.62,2230.49,1932.62,2228.41,1201760000.0,31795000000
bitshares,2017-07-17,0.09596299999999999,0.11059300000000001,0.09596299999999999,0.10693299999999999,37680400.0,249206000
bytecoin-bcn,2017-07-17,0.001141,0.001384,0.001125,0.001384,817323.0,208878000
dash,2017-07-17,132.34,154.91,132.34,153.85,32658200.0,983325000
dogecoin,2017-07-17,0.001303,0.0015539999999999998,0.001303,0.0015199999999999999,4765630.0,143649000
ethereum,2017-07-17,159.99,194.75,158.04,193.42,1669500000.0,14932700000.0
ethereum-classic,2017-07-17,14.4,15.69,13.8,15.5,300782000.0,1348150000.0
iota,2017-07-17,0.18071700000000002,0.278088,0.17911400000000002,0.26310500000000003,15254300.0,502309000
lisk,2017-07-17,1.41,1.82,1.38,1.76,3262690.0,154217000.0
litecoin,2017-07-17,41.19,43.07,40.17,42.67,355036000.0,2142760000
monero,2017-07-17,29.47,34.98,29.46,34.83,13708900.0,435925000
nano,2017-07-17,0.025914999999999997,0.031795,0.024021,0.031795,28857.0,2411530.0
nem,2017-07-17,0.097432,0.133729,0.097432,0.133729,4458730.0,876887000
neo,2017-07-17,5.06,5.85,5.03,5.77,15013000.0,253054000.0
qtum,2017-07-17,3.91,4.47,3.91,4.38,7531300.0,199276000.0
ripple,2017-07-17,0.150146,0.17960399999999999,0.141425,0.17788900000000002,312685000.0,5749320000
siacoin,2017-07-17,0.00585,0.0072109999999999995,0.00585,0.00717,7221400.0,162699000.0
steem,2017-07-17,0.887467,1.13,0.887467,1.12,1352660.0,211333000
stellar,2017-07-17,0.015511000000000002,0.018935,0.015511000000000002,0.018614,11344300.0,165682000
verge,2017-07-17,0.001999,0.002443,0.001963,0.00244,762260.0,26803100
zcash,2017-07-17,165.66,184.44,161.47,182.51,28966300.0,290661000
bitcoin,2017-07-18,2233.52,2387.61,2164.77,2318.88,1512450000.0,36749400000
bitshares,2017-07-18,0.10706800000000001,0.130363,0.10084,0.125388,67042900.0,278046000
bytecoin-bcn,2017-07-18,0.001387,0.0014939999999999999,0.001275,0.001385,1139570.0,253993000
dash,2017-07-18,154.5,165.7,146.25,158.07,28103500.0,1148330000
dogecoin,2017-07-18,0.001523,0.001888,0.001467,0.001864,10344200.0,167900000
ethereum,2017-07-18,195.03,267.99,182.06,234.39,2709260000.0,18207400000.0
ethereum-classic,2017-07-18,15.51,17.06,14.79,16.4,282383000.0,1451740000.0
iota,2017-07-18,0.264569,0.309577,0.248754,0.26734,11433600.0,735378000
lisk,2017-07-18,1.77,1.81,1.55,1.79,3885070.0,194615000.0
litecoin,2017-07-18,42.62,45.33,41.47,44.3,380816000.0,2218090000
monero,2017-07-18,34.89,37.92,33.38,36.38,9949120.0,516217000
nano,2017-07-18,0.031886000000000005,0.035664999999999995,0.029989,0.034135000000000006,8369.0,2980120.0
nem,2017-07-18,0.13586900000000002,0.14366900000000002,0.11783099999999999,0.132327,5351550.0,1222820000
neo,2017-07-18,5.77,6.29,5.51,6.02,18101700.0,288470000.0
qtum,2017-07-18,4.41,5.35,4.27,5.18,16788400.0,224792000.0
ripple,2017-07-18,0.179668,0.19580699999999998,0.165966,0.188718,295841000.0,6879740000
siacoin,2017-07-18,0.0072120000000000005,0.008129,0.006723000000000001,0.007761,10157300.0,200778000.0
steem,2017-07-18,1.13,1.35,1.05,1.25,2255590.0,269311000
stellar,2017-07-18,0.018731,0.020158000000000002,0.01781,0.018666,9243940.0,200557000
verge,2017-07-18,0.0024230000000000002,0.0031,0.002326,0.002782,2506900.0,32492000
zcash,2017-07-18,180.46,223.43,172.47,199.32,27904700.0,317907000
bitcoin,2017-07-19,2323.08,2397.17,2260.23,2273.43,1245100000.0,38227800000
bitshares,2017-07-19,0.125167,0.129692,0.108605,0.110864,57232800.0,325053000
bytecoin-bcn,2017-07-19,0.001401,0.001452,0.001268,0.001296,701076.0,256663000
dash,2017-07-19,157.98,170.25,153.87,155.65,28281400.0,1174490000
dogecoin,2017-07-19,0.00187,0.001935,0.0016870000000000001,0.001689,8549310.0,206152000
ethereum,2017-07-19,234.94,245.65,191.75,199.7,2328790000.0,21939300000.0
ethereum-classic,2017-07-19,16.43,16.45,14.57,14.83,153459000.0,1538640000.0
iota,2017-07-19,0.268162,0.284031,0.230686,0.232212,6339730.0,745365000
lisk,2017-07-19,1.8,1.89,1.63,1.64,3404630.0,197036000.0
litecoin,2017-07-19,44.35,44.42,40.56,40.86,246377000.0,2308550000
monero,2017-07-19,36.47,37.59,34.37,35.06,6994230.0,539762000
nano,2017-07-19,0.034189,0.035518,0.031550999999999996,0.031939999999999996,11380.0,3209330.0
nem,2017-07-19,0.13195199999999999,0.137796,0.123911,0.126825,2800440.0,1187570000
neo,2017-07-19,6.04,6.23,5.65,5.88,14255500.0,301935000.0
qtum,2017-07-19,5.18,6.62,4.79,5.62,29526300.0,264087000.0
ripple,2017-07-19,0.188498,0.188533,0.15818800000000002,0.168388,147778000.0,7217840000
siacoin,2017-07-19,0.0077870000000000005,0.008274,0.007137,0.007339,8796440.0,216983000.0
steem,2017-07-19,1.26,1.32,1.09,1.13,2083310.0,300829000
stellar,2017-07-19,0.018771,0.019916,0.0171,0.017256,6628620.0,201166000
verge,2017-07-19,0.002763,0.003037,0.002459,0.002602,1212590.0,37051800
zcash,2017-07-19,199.5,216.42,181.0,181.99,21939800.0,352883000
bitcoin,2017-07-20,2269.89,2900.7,2269.89,2817.6,2249260000.0,37356800000
bitshares,2017-07-20,0.11099200000000001,0.14054,0.11099200000000001,0.137125,70334800.0,288245000
bytecoin-bcn,2017-07-20,0.001292,0.001442,0.001256,0.001393,1337290.0,236632000
dash,2017-07-20,154.85,193.87,154.85,188.59,98932600.0,1151530000
dogecoin,2017-07-20,0.0016940000000000002,0.00201,0.0016940000000000002,0.001935,7934090.0,186769000
ethereum,2017-07-20,205.42,233.9,203.22,227.26,2225000000.0,19187800000.0
ethereum-classic,2017-07-20,14.95,16.06,14.95,16.06,179261000.0,1400840000.0
iota,2017-07-20,0.23350300000000002,0.29825300000000005,0.232192,0.29246,10332500.0,649028000
lisk,2017-07-20,1.63,2.02,1.63,1.95,4647480.0,179435000.0
litecoin,2017-07-20,40.96,45.45,40.96,45.02,354802000.0,2132670000
monero,2017-07-20,34.89,41.01,34.89,40.3,14905700.0,516643000
nano,2017-07-20,0.031907,0.04278,0.031907,0.041520999999999995,15804.0,3008170.0
nem,2017-07-20,0.12675899999999998,0.160815,0.12675899999999998,0.152087,3545910.0,1140830000
neo,2017-07-20,5.89,7.47,5.89,7.21,25476100.0,294317000.0
qtum,2017-07-20,5.69,7.68,5.69,7.59,33148900.0,289993000.0
ripple,2017-07-20,0.170017,0.192918,0.167718,0.18829500000000002,183292000.0,6510190000
siacoin,2017-07-20,0.007337000000000001,0.00899,0.007337000000000001,0.008761,9314570.0,204606000.0
steem,2017-07-20,1.14,1.43,1.13,1.36,2381540.0,271859000
stellar,2017-07-20,0.017338,0.020398,0.017338,0.018859,11307300.0,186133000
verge,2017-07-20,0.002549,0.003393,0.002549,0.003261,846866.0,34181100
zcash,2017-07-20,182.36,213.16,182.36,206.94,26033400.0,323865000
bitcoin,2017-07-21,2838.41,2838.41,2621.85,2667.76,1489450000.0,46719000000
bitshares,2017-07-21,0.137972,0.15839,0.13485999999999998,0.146249,85524200.0,358317000
bytecoin-bcn,2017-07-21,0.001403,0.001478,0.001348,0.0013830000000000001,811139.0,256884000
dash,2017-07-21,188.58,193.8,180.68,185.86,32884200.0,1402760000
dogecoin,2017-07-21,0.001954,0.002023,0.001898,0.001936,6889580.0,215575000
ethereum,2017-07-21,226.06,235.12,213.01,218.31,1006130000.0,21121100000.0
ethereum-classic,2017-07-21,16.12,16.86,15.75,16.14,178167000.0,1510790000.0
iota,2017-07-21,0.29475999999999997,0.305506,0.257626,0.26413400000000004,6344870.0,819295000
lisk,2017-07-21,1.97,2.03,1.8,1.89,3640090.0,216349000.0
litecoin,2017-07-21,45.07,47.45,44.52,45.76,286020000.0,2347580000
monero,2017-07-21,40.55,41.43,39.53,40.34,9572580.0,600573000
nano,2017-07-21,0.041822000000000005,0.044851,0.037004,0.037616000000000004,20442.0,3959970.0
nem,2017-07-21,0.15386,0.154725,0.138796,0.143792,2788780.0,1384740000
neo,2017-07-21,7.24,7.97,7.03,7.42,21298000.0,361826000.0
qtum,2017-07-21,7.84,9.15,7.01,7.84,48210600.0,399824000.0
ripple,2017-07-21,0.18943,0.190708,0.181098,0.182608,104722000.0,7253530000
siacoin,2017-07-21,0.008892,0.009422,0.008602,0.008939,9707960.0,248157000.0
steem,2017-07-21,1.37,1.5,1.33,1.42,2000850.0,326865000
stellar,2017-07-21,0.018993,0.020628,0.018685,0.019201,9737820.0,203945000
verge,2017-07-21,0.003285,0.003311,0.0029100000000000003,0.003094,693310.0,44051800
zcash,2017-07-21,210.22,215.07,199.48,201.8,20076700.0,374866000
bitcoin,2017-07-22,2668.63,2862.42,2657.71,2810.12,1177130000.0,43929600000
bitshares,2017-07-22,0.146107,0.184828,0.14442,0.184828,139575000.0,379448000
bytecoin-bcn,2017-07-22,0.0013830000000000001,0.001575,0.001377,0.0015710000000000001,719195.0,253308000
dash,2017-07-22,186.13,195.55,185.55,195.31,23312700.0,1384830000
dogecoin,2017-07-22,0.001936,0.002102,0.0019210000000000002,0.002095,6184110.0,213547000
ethereum,2017-07-22,217.86,232.7,216.87,229.48,618260000.0,20360100000.0
ethereum-classic,2017-07-22,16.11,16.58,16.06,16.51,70103300.0,1511020000.0
iota,2017-07-22,0.26339,0.278936,0.254406,0.273382,4107430.0,732099000
lisk,2017-07-22,1.89,2.29,1.88,2.28,4316950.0,207673000.0
litecoin,2017-07-22,45.77,46.8,45.45,46.56,132333000.0,2385020000
monero,2017-07-22,40.25,44.76,40.15,44.71,9028920.0,596297000
nano,2017-07-22,0.037609,0.041030000000000004,0.036338999999999996,0.039256,26714.0,3576390.0
nem,2017-07-22,0.143531,0.17790699999999998,0.142594,0.176768,5211550.0,1291780000
neo,2017-07-22,7.39,9.12,7.31,8.62,32890800.0,369727000.0
qtum,2017-07-22,7.81,7.99,7.48,7.52,16650500.0,398441000.0
ripple,2017-07-22,0.182168,0.195009,0.181447,0.19332,83913800.0,6975460000
siacoin,2017-07-22,0.008948999999999999,0.010398000000000001,0.008924,0.010053,14279900.0,250018000.0
steem,2017-07-22,1.41,1.81,1.4,1.78,2813130.0,336136000
stellar,2017-07-22,0.019178,0.023540000000000002,0.019144,0.022877,16277000.0,206136000
verge,2017-07-22,0.003041,0.003571,0.00301,0.003425,1320850.0,40773900
zcash,2017-07-22,203.02,216.71,201.89,216.1,38717100.0,363481000
bitcoin,2017-07-23,2808.1,2832.18,2653.94,2730.4,1072840000.0,46231100000
bitcoin-cash,2017-07-23,555.89,578.97,411.78,413.06,85013.0,
bitshares,2017-07-23,0.186975,0.20135699999999998,0.154281,0.17123,174032000.0,485590000
bytecoin-bcn,2017-07-23,0.0015710000000000001,0.0018690000000000002,0.001462,0.0016870000000000001,1659560.0,287721000
dash,2017-07-23,195.02,195.74,187.26,191.03,31110400.0,1451390000
dogecoin,2017-07-23,0.002097,0.002193,0.001889,0.001972,10407100.0,231318000
ethereum,2017-07-23,229.12,231.68,217.72,225.95,649615000.0,21418300000.0
ethereum-classic,2017-07-23,16.52,16.62,15.37,15.78,76647400.0,1549590000.0
iota,2017-07-23,0.27369299999999996,0.28024099999999996,0.25848499999999996,0.269072,3065860.0,760738000
lisk,2017-07-23,2.27,2.27,1.94,2.11,4576990.0,249565000.0
litecoin,2017-07-23,46.63,46.64,42.94,44.06,219257000.0,2430320000
monero,2017-07-23,44.64,44.78,41.44,42.67,8634060.0,661581000
nano,2017-07-23,0.039256,0.042539999999999994,0.037889,0.039564999999999996,36128.0,3749020.0
nem,2017-07-23,0.176729,0.18378599999999998,0.155718,0.16613599999999998,5915450.0,1590560000
neo,2017-07-23,8.64,8.93,7.76,8.57,29915100.0,431881000.0
qtum,2017-07-23,7.55,7.62,6.14,6.64,23752700.0,385277000.0
ripple,2017-07-23,0.19356800000000002,0.204121,0.188722,0.19505799999999998,195682000.0,7411980000
siacoin,2017-07-23,0.010041,0.010574,0.00886,0.010032,17833900.0,280781000.0
steem,2017-07-23,1.77,1.81,1.45,1.61,2627290.0,419382000
stellar,2017-07-23,0.022909,0.023715,0.020321000000000002,0.021769,10264600.0,246289000
verge,2017-07-23,0.003453,0.003563,0.003117,0.00336,1018840.0,46299700
zcash,2017-07-23,217.3,224.71,208.56,214.42,24745700.0,390602000
bitcoin,2017-07-24,2732.7,2777.26,2699.19,2754.86,866474000.0,44995600000
bitcoin-cash,2017-07-24,412.58,578.89,409.21,440.7,190952.0,
bitshares,2017-07-24,0.171096,0.173965,0.159125,0.170034,56439400.0,444357000
bytecoin-bcn,2017-07-24,0.001686,0.001848,0.0015789999999999999,0.001604,1082400.0,308833000
dash,2017-07-24,191.11,216.62,187.29,204.02,90278800.0,1422690000
dogecoin,2017-07-24,0.001973,0.00201,0.001912,0.00198,3671250.0,217717000
ethereum,2017-07-24,226.28,227.54,222.45,224.71,431691000.0,21158500000.0
ethereum-classic,2017-07-24,15.84,16.02,15.56,15.88,38370000.0,1486560000.0
iota,2017-07-24,0.26513600000000004,0.273468,0.242731,0.266447,4502060.0,736952000
lisk,2017-07-24,2.11,2.29,2.04,2.22,4449690.0,232472000.0
litecoin,2017-07-24,44.16,44.81,43.29,44.41,158532000.0,2302370000
monero,2017-07-24,42.66,45.76,41.86,45.58,12102100.0,632493000
nano,2017-07-24,0.039531000000000004,0.051604,0.039186,0.051604,80691.0,3791460.0
nem,2017-07-24,0.16599,0.169717,0.158776,0.16964400000000002,2995870.0,1493910000
neo,2017-07-24,8.61,8.81,8.19,8.46,21283700.0,430471000.0
qtum,2017-07-24,6.67,7.3,6.46,7.26,12601300.0,339927000.0
ripple,2017-07-24,0.19497899999999999,0.195279,0.189835,0.192002,56632800.0,7466020000
siacoin,2017-07-24,0.010014,0.011327,0.009477,0.010984,25162500.0,280308000.0
steem,2017-07-24,1.6,1.65,1.51,1.52,1349760.0,381085000
stellar,2017-07-24,0.021671,0.02282,0.020863999999999997,0.022605,6419140.0,233061000
verge,2017-07-24,0.003382,0.0034579999999999997,0.003168,0.003393,1085000.0,45356100
zcash,2017-07-24,211.62,213.15,205.97,206.82,23279900.0,381901000
bitcoin,2017-07-25,2757.5,2768.08,2480.96,2576.48,1460090000.0,45410100000
bitcoin-cash,2017-07-25,441.35,541.66,338.09,406.9,524908.0,
bitshares,2017-07-25,0.169484,0.171959,0.12364800000000001,0.134935,94408800.0,440178000
bytecoin-bcn,2017-07-25,0.001622,0.001657,0.001282,0.00134,1181000.0,297134000
dash,2017-07-25,204.04,212.4,189.03,195.52,84970400.0,1519340000
dogecoin,2017-07-25,0.001997,0.002002,0.001703,0.001773,4078660.0,220428000
ethereum,2017-07-25,224.37,225.32,195.84,206.71,1095760000.0,20985200000.0
ethereum-classic,2017-07-25,15.89,15.93,14.49,14.92,74645500.0,1491550000.0
iota,2017-07-25,0.266827,0.269072,0.23799800000000002,0.25045300000000004,2917500.0,741654000
lisk,2017-07-25,2.22,2.48,1.87,2.04,8964080.0,244539000.0
litecoin,2017-07-25,44.48,44.79,41.07,42.24,206307000.0,2319870000
monero,2017-07-25,45.55,45.84,38.24,40.68,12706300.0,675620000
nano,2017-07-25,0.051824,0.068641,0.042999,0.049642,104681.0,4991570.0
nem,2017-07-25,0.169655,0.178049,0.14468699999999998,0.15820599999999999,6075320.0,1526900000
neo,2017-07-25,8.48,8.48,6.88,7.35,19480400.0,423876000.0
qtum,2017-07-25,7.31,7.61,5.68,6.13,22782500.0,372639000.0
ripple,2017-07-25,0.19228,0.192734,0.169797,0.17810399999999998,166807000.0,7370540000
siacoin,2017-07-25,0.010984,0.011094,0.008109,0.008791,18975600.0,307759000.0
steem,2017-07-25,1.54,1.55,1.18,1.29,2756710.0,364990000
stellar,2017-07-25,0.022616,0.022909,0.017189,0.018550999999999998,11337500.0,243311000
verge,2017-07-25,0.003447,0.003471,0.0026739999999999997,0.0029170000000000003,1565000.0,46225100
zcash,2017-07-25,210.09,210.55,176.79,184.19,24464700.0,380663000
bitcoin,2017-07-26,2577.77,2610.76,2450.8,2529.45,937404000.0,42455000000
bitcoin-cash,2017-07-26,407.08,486.16,321.79,365.82,1784640.0,
bitshares,2017-07-26,0.135259,0.139011,0.11894600000000001,0.135242,74220000.0,351291000
bytecoin-bcn,2017-07-26,0.0013570000000000001,0.001396,0.001214,0.001274,713293.0,248502000
dash,2017-07-26,195.49,200.88,189.33,194.37,38380000.0,1456070000
dogecoin,2017-07-26,0.001772,0.001814,0.0016589999999999999,0.0018100000000000002,3897040.0,195612000
ethereum,2017-07-26,207.09,210.77,194.78,203.95,717692000.0,19373400000.0
ethereum-classic,2017-07-26,14.86,15.08,14.22,14.77,46058800.0,1395600000.0
iota,2017-07-26,0.250571,0.283478,0.24123699999999998,0.274598,4626790.0,696469000
lisk,2017-07-26,2.04,2.11,1.87,1.96,2562130.0,224534000.0
litecoin,2017-07-26,42.29,42.7,40.63,42.23,121389000.0,2206000000
monero,2017-07-26,40.73,46.44,38.6,45.8,26033100.0,604269000
nano,2017-07-26,0.04942,0.050619,0.043501,0.046458,44042.0,4780200.0
nem,2017-07-26,0.157898,0.162653,0.147928,0.15646300000000002,2508770.0,1421080000
neo,2017-07-26,7.33,7.59,6.58,7.17,16765600.0,366562000.0
qtum,2017-07-26,6.14,6.49,5.28,6.26,20824500.0,362203000.0
ripple,2017-07-26,0.177582,0.180872,0.16906,0.173822,76584600.0,6807110000
siacoin,2017-07-26,0.008753,0.009089,0.007906999999999999,0.008532,7731680.0,245524000.0
steem,2017-07-26,1.3,1.34,1.14,1.22,1232370.0,308423000
stellar,2017-07-26,0.018577,0.019694,0.017651,0.018878,7069110.0,200071000
verge,2017-07-26,0.002918,0.0030210000000000002,0.0026920000000000004,0.00282,527499.0,39132200
zcash,2017-07-26,186.88,191.24,174.97,190.08,21283100.0,339929000
bitcoin,2017-07-27,2538.71,2693.32,2529.34,2671.78,789104000.0,41816500000
bitcoin-cash,2017-07-27,417.1,460.97,367.78,385.48,533207.0,
bitshares,2017-07-27,0.136653,0.141934,0.13373800000000002,0.139318,47770900.0,354918000
bytecoin-bcn,2017-07-27,0.001274,0.0013189999999999999,0.0012369999999999998,0.001303,813548.0,233410000
dash,2017-07-27,195.08,199.43,192.47,194.09,26363200.0,1453370000
dogecoin,2017-07-27,0.0018100000000000002,0.001872,0.001778,0.0018559999999999998,3369400.0,199824000
ethereum,2017-07-27,204.86,206.44,201.26,204.32,393283000.0,19169800000.0
ethereum-classic,2017-07-27,14.81,14.83,14.6,14.66,28722600.0,1390780000.0
iota,2017-07-27,0.27685,0.285551,0.275467,0.275467,3343540.0,769512000
lisk,2017-07-27,1.95,2.02,1.91,1.96,2402090.0,214880000.0
litecoin,2017-07-27,42.35,42.62,41.39,42.14,81714000.0,2210020000
monero,2017-07-27,45.92,46.74,43.93,45.24,15960700.0,681502000
nano,2017-07-27,0.04659,0.046872000000000004,0.043827,0.045271,35297.0,4525450.0
nem,2017-07-27,0.156868,0.176017,0.15623399999999998,0.170475,5341670.0,1411810000
neo,2017-07-27,7.22,7.94,7.13,7.72,15251100.0,360772000.0
qtum,2017-07-27,6.29,6.42,6.02,6.21,10757800.0,370867000.0
ripple,2017-07-27,0.17521,0.176602,0.17198,0.173457,34575100.0,6716190000
siacoin,2017-07-27,0.008577,0.008734,0.008223000000000001,0.008454999999999999,4758040.0,240807000.0
steem,2017-07-27,1.22,1.37,1.22,1.35,1625210.0,291038000
stellar,2017-07-27,0.018937,0.019232,0.018075,0.018322,4931040.0,203990000
verge,2017-07-27,0.002853,0.003014,0.002811,0.00295,403387.0,38258800
zcash,2017-07-27,190.69,192.12,184.39,185.9,19482500.0,348236000
bitcoin,2017-07-28,2679.73,2897.45,2679.73,2809.01,1380100000.0,44144400000
bitcoin-cash,2017-07-28,386.65,465.18,217.06,406.05,1230160.0,
bitshares,2017-07-28,0.13985699999999998,0.141703,0.128941,0.132606,56218300.0,363245000
bytecoin-bcn,2017-07-28,0.001286,0.00135,0.0011970000000000001,0.001326,1554660.0,235589000
dash,2017-07-28,194.0,196.91,181.57,185.61,30108800.0,1445720000
dogecoin,2017-07-28,0.001855,0.001871,0.0017510000000000002,0.001782,4510970.0,204834000
ethereum,2017-07-28,204.32,204.9,192.3,193.12,562571000.0,19125100000.0
ethereum-classic,2017-07-28,14.65,14.75,14.04,14.16,48972400.0,1376840000.0
iota,2017-07-28,0.274876,0.278459,0.262736,0.26511799999999996,2884740.0,764026000
lisk,2017-07-28,1.96,2.0,1.8,1.84,3334170.0,216377000.0
litecoin,2017-07-28,42.22,42.47,35.94,40.61,137556000.0,2203520000
monero,2017-07-28,45.29,45.79,42.74,43.96,18694500.0,672368000
nano,2017-07-28,0.045513,0.046388,0.038866000000000005,0.039643,50797.0,4439490.0
nem,2017-07-28,0.171214,0.174978,0.159316,0.165774,5062930.0,1540930000
neo,2017-07-28,7.75,7.88,6.93,7.09,15725800.0,387410000.0
qtum,2017-07-28,6.23,6.31,5.74,5.75,7599310.0,367403000.0
ripple,2017-07-28,0.173211,0.174078,0.162183,0.165937,74649800.0,6639700000
siacoin,2017-07-28,0.008461,0.00856,0.007589,0.008027,7549660.0,237769000.0
steem,2017-07-28,1.35,1.37,1.2,1.24,1399770.0,321683000
stellar,2017-07-28,0.018419,0.018677000000000003,0.016447999999999997,0.016961,8881060.0,198466000
verge,2017-07-28,0.002955,0.002993,0.00274,0.002848,765866.0,39625100
zcash,2017-07-28,187.06,189.68,173.35,178.05,27546000.0,342935000
bitcoin,2017-07-29,2807.02,2808.76,2692.8,2726.45,803746000.0,46246700000
bitcoin-cash,2017-07-29,410.56,423.73,323.73,384.77,737815.0,
bitshares,2017-07-29,0.131434,0.13455999999999999,0.12232799999999999,0.133552,39748500.0,341372000
bytecoin-bcn,2017-07-29,0.0013310000000000002,0.0013310000000000002,0.001193,0.00122,1003750.0,243757000
dash,2017-07-29,185.11,187.66,169.34,185.25,40505200.0,1379860000
dogecoin,2017-07-29,0.001772,0.0017739999999999998,0.001662,0.001768,2728040.0,195680000
ethereum,2017-07-29,193.34,208.68,179.65,205.79,824355000.0,18101800000.0
ethereum-classic,2017-07-29,14.16,14.47,13.48,14.4,65494300.0,1330870000.0
iota,2017-07-29,0.266567,0.27722600000000003,0.245848,0.27519,2788270.0,740931000
lisk,2017-07-29,1.83,1.88,1.76,1.87,2201150.0,201880000.0
litecoin,2017-07-29,40.56,41.34,38.74,41.12,109945000.0,2117650000
monero,2017-07-29,43.69,44.37,42.19,43.89,7053810.0,648884000
nano,2017-07-29,0.039507,0.043131,0.037964,0.039299,16015.0,3869760.0
nem,2017-07-29,0.16536700000000001,0.17019700000000001,0.157418,0.17019700000000001,2496500.0,1488300000
neo,2017-07-29,7.09,7.46,6.76,7.26,10518400.0,354258000.0
qtum,2017-07-29,5.8,5.86,5.38,5.78,5188990.0,342217000.0
ripple,2017-07-29,0.165218,0.171566,0.155475,0.169871,80897000.0,6333340000
siacoin,2017-07-29,0.007968000000000001,0.008458,0.00755,0.008427,4394720.0,224159000.0
steem,2017-07-29,1.23,1.3,1.1,1.3,1152150.0,293914000
stellar,2017-07-29,0.01693,0.017447,0.015494999999999998,0.017447,4313590.0,182499000
verge,2017-07-29,0.002837,0.002997,0.002708,0.002936,442952.0,38049000
zcash,2017-07-29,176.46,189.54,170.91,189.29,31702400.0,324760000
bitcoin,2017-07-30,2724.39,2758.53,2644.85,2757.18,705943000.0,44890700000
bitcoin-cash,2017-07-30,385.14,385.14,316.25,345.66,606695.0,
bitshares,2017-07-30,0.133571,0.134407,0.125095,0.12582100000000002,18805500.0,346928000
bytecoin-bcn,2017-07-30,0.0012259999999999999,0.001253,0.001161,0.001241,968731.0,224521000
dash,2017-07-30,185.45,187.95,172.47,172.82,25327200.0,1382710000
dogecoin,2017-07-30,0.001771,0.001773,0.001691,0.001719,2110290.0,195548000
ethereum,2017-07-30,206.74,208.54,196.15,197.98,596234000.0,19360900000.0
ethereum-classic,2017-07-30,14.33,14.41,13.76,13.81,37797400.0,1347810000.0
iota,2017-07-30,0.277339,0.279401,0.252831,0.254785,3165840.0,770872000
lisk,2017-07-30,1.88,1.89,1.77,1.79,1464650.0,206800000.0
litecoin,2017-07-30,41.18,41.82,40.06,40.42,75746700.0,2150970000
monero,2017-07-30,43.95,43.95,39.55,39.62,11709500.0,652927000
nano,2017-07-30,0.039294,0.040385000000000004,0.03688,0.038915,8176.0,3864850.0
nem,2017-07-30,0.170664,0.173171,0.160306,0.1605,2475570.0,1535980000
neo,2017-07-30,7.27,7.3,6.94,7.15,9006030.0,363345000.0
qtum,2017-07-30,5.77,5.84,5.46,5.53,3168030.0,340554000.0
ripple,2017-07-30,0.169494,0.17041099999999998,0.16409400000000002,0.165082,40621700.0,6497250000
siacoin,2017-07-30,0.008437,0.008453,0.007773,0.008031,3863540.0,237647000.0
steem,2017-07-30,1.3,1.31,1.18,1.2,787045.0,310048000
stellar,2017-07-30,0.017491999999999997,0.017491999999999997,0.015922,0.015984,3890430.0,188601000
verge,2017-07-30,0.002963,0.003023,0.002784,0.002957,381432.0,39726400
zcash,2017-07-30,185.11,185.24,175.42,175.42,17966700.0,342048000
bitcoin,2017-07-31,2763.24,2889.62,2720.61,2875.34,860575000.0,45535800000
bitcoin-cash,2017-07-31,346.36,347.82,266.19,294.46,1075960.0,
bitshares,2017-07-31,0.12540199999999999,0.126684,0.120475,0.124089,30474300.0,325712000
bytecoin-bcn,2017-07-31,0.001231,0.001245,0.001178,0.001215,1175200.0,225593000
dash,2017-07-31,173.15,180.05,171.76,178.51,29249300.0,1291390000
dogecoin,2017-07-31,0.001713,0.0017280000000000002,0.001632,0.001718,3841680.0,189192000
ethereum,2017-07-31,197.41,203.87,193.41,203.87,569414000.0,18492000000.0
ethereum-classic,2017-07-31,13.78,14.14,13.55,14.0,44660400.0,1295940000.0
iota,2017-07-31,0.255064,0.25981,0.245768,0.254732,2563820.0,708959000
lisk,2017-07-31,1.79,1.94,1.75,1.93,1577570.0,197460000.0
litecoin,2017-07-31,40.34,44.03,38.95,43.02,240821000.0,2107540000
monero,2017-07-31,39.67,40.68,38.94,39.84,13138500.0,589540000
nano,2017-07-31,0.038954,0.040272,0.038402,0.040178,23477.0,3846710.0
nem,2017-07-31,0.160815,0.167028,0.159838,0.165068,2892660.0,1447330000
neo,2017-07-31,7.16,7.43,7.02,7.33,10856600.0,358222000.0
qtum,2017-07-31,5.53,6.36,5.43,6.12,13123400.0,326029000.0
ripple,2017-07-31,0.16505,0.169535,0.162002,0.16738599999999998,57273800.0,6326860000
siacoin,2017-07-31,0.008020000000000001,0.008225,0.007653,0.008058,4179200.0,226138000.0
steem,2017-07-31,1.2,1.23,1.18,1.2,644073.0,285869000
stellar,2017-07-31,0.015894,0.016462,0.015191999999999999,0.016094999999999998,4522640.0,171434000
verge,2017-07-31,0.002933,0.003031,0.002802,0.003031,574812.0,39329400
zcash,2017-07-31,175.48,179.42,169.36,176.32,28589500.0,325483000
bitcoin,2017-08-01,2871.3,2921.35,2685.61,2718.26,1324670000.0,47321800000
bitcoin-cash,2017-08-01,294.6,426.11,210.38,380.01,65988800.0,
bitshares,2017-08-01,0.123865,0.131272,0.12073699999999998,0.13034400000000002,41287900.0,321719000
bytecoin-bcn,2017-08-01,0.001216,0.0014,0.001164,0.001306,1675780.0,222720000
dash,2017-08-01,179.2,186.23,177.26,184.75,34656300.0,1336810000
dogecoin,2017-08-01,0.001719,0.0018030000000000001,0.0016420000000000002,0.0017920000000000002,4465920.0,189885000
ethereum,2017-08-01,204.69,227.74,204.69,226.77,1585330000.0,19179100000.0
ethereum-classic,2017-08-01,14.02,14.7,13.85,14.57,86270500.0,1319170000.0
iota,2017-08-01,0.25666500000000003,0.296267,0.249623,0.29022,5169910.0,713408000
lisk,2017-08-01,1.93,2.09,1.78,2.05,2570410.0,212412000.0
litecoin,2017-08-01,43.02,43.77,41.09,43.04,203656000.0,2248110000
monero,2017-08-01,39.88,45.04,39.81,44.15,17363300.0,592886000
nano,2017-08-01,0.040279,0.040643,0.036737,0.039079,21430.0,3993920.0
nem,2017-08-01,0.165605,0.181925,0.162108,0.181054,3956940.0,1490440000
neo,2017-08-01,7.36,8.2,6.96,7.86,18527900.0,368123000.0
qtum,2017-08-01,6.12,6.67,5.74,6.49,20864300.0,361165000.0
ripple,2017-08-01,0.168024,0.178332,0.166124,0.177053,119957000.0,6440860000
siacoin,2017-08-01,0.008052,0.009137000000000001,0.007842,0.008676999999999999,9803780.0,227224000.0
steem,2017-08-01,1.2,1.27,1.08,1.26,1371770.0,286856000
stellar,2017-08-01,0.016102,0.017955000000000002,0.015865999999999998,0.017933,7577370.0,174282000
verge,2017-08-01,0.003034,0.0032630000000000003,0.002729,0.003057,1416960.0,40684000
zcash,2017-08-01,172.93,195.17,172.8,192.34,36659900.0,321995000
bitcoin,2017-08-02,2727.13,2762.53,2668.59,2710.67,1094950000.0,44950800000
bitcoin-cash,2017-08-02,382.38,756.93,309.33,452.66,416207000.0,6302360000.0
bitshares,2017-08-02,0.130978,0.14241199999999998,0.12718,0.135829,49563800.0,340206000
bytecoin-bcn,2017-08-02,0.001303,0.001355,0.001191,0.0012230000000000001,1367050.0,238730000
dash,2017-08-02,185.16,186.24,181.42,182.93,19076200.0,1381630000
dogecoin,2017-08-02,0.00179,0.001823,0.0017460000000000002,0.0017879999999999999,4626730.0,197778000
ethereum,2017-08-02,227.01,229.51,218.12,219.95,632606000.0,21275200000.0
ethereum-classic,2017-08-02,14.6,15.11,14.41,14.77,81127100.0,1374450000.0
iota,2017-08-02,0.290135,0.293039,0.272032,0.286116,3439800.0,806440000
lisk,2017-08-02,2.06,2.25,2.02,2.07,3877300.0,227052000.0
litecoin,2017-08-02,43.07,43.21,42.07,42.13,103557000.0,2251650000
monero,2017-08-02,44.08,44.78,42.78,43.63,8111580.0,655515000
nano,2017-08-02,0.039081,0.039124,0.037074,0.037801,24219.0,3891070.0
nem,2017-08-02,0.181929,0.223149,0.181929,0.219719,14489000.0,1637360000
neo,2017-08-02,7.85,8.3,7.71,8.11,17559000.0,392732000.0
qtum,2017-08-02,6.56,6.69,6.32,6.43,11978000.0,387234000.0
ripple,2017-08-02,0.177531,0.179655,0.171618,0.17311300000000002,53441400.0,6805300000
siacoin,2017-08-02,0.008637,0.009105,0.008431000000000001,0.008699,7756700.0,243972000.0
steem,2017-08-02,1.26,1.33,1.2,1.24,1285530.0,299490000
stellar,2017-08-02,0.017906000000000002,0.019188,0.017527,0.018413,8405370.0,193885000
verge,2017-08-02,0.0030559999999999997,0.0032270000000000003,0.002813,0.0029690000000000003,1315040.0,40984400
zcash,2017-08-02,190.31,194.16,183.47,189.14,28456000.0,355707000
bitcoin,2017-08-03,2709.56,2813.31,2685.14,2804.73,804797000.0,44666400000
bitcoin-cash,2017-08-03,448.49,519.28,364.05,364.05,161518000.0,7392030000.0
bitshares,2017-08-03,0.136158,0.141812,0.134826,0.141693,27664900.0,353666000
bytecoin-bcn,2017-08-03,0.001233,0.001239,0.0011330000000000001,0.001168,1195020.0,225800000
dash,2017-08-03,183.17,189.19,180.28,186.99,25612400.0,1367150000
dogecoin,2017-08-03,0.0017850000000000001,0.001807,0.001759,0.001795,3213770.0,197252000
ethereum,2017-08-03,220.18,228.29,219.89,225.34,557217000.0,20640100000.0
ethereum-classic,2017-08-03,14.76,15.48,14.58,15.37,74707900.0,1390050000.0
iota,2017-08-03,0.286578,0.33684400000000003,0.284765,0.332352,8239810.0,796552000
lisk,2017-08-03,2.07,2.12,2.02,2.08,3850270.0,228412000.0
litecoin,2017-08-03,42.19,43.17,42.13,42.86,95497600.0,2206190000
monero,2017-08-03,43.8,44.31,43.23,43.36,8262040.0,651543000
nano,2017-08-03,0.037698,0.039998,0.037675,0.038993,8840.0,3768820.0
nem,2017-08-03,0.221187,0.242042,0.21446500000000002,0.22689,14302400.0,1990690000
neo,2017-08-03,8.19,10.7,8.06,10.67,49848800.0,409434000.0
qtum,2017-08-03,6.42,7.86,6.17,7.65,30278900.0,378741000.0
ripple,2017-08-03,0.173218,0.17596900000000001,0.17173,0.174612,31479000.0,6639970000
siacoin,2017-08-03,0.008672,0.009257,0.00853,0.009111,5825440.0,245170000.0
steem,2017-08-03,1.24,1.29,1.22,1.27,1035280.0,295499000
stellar,2017-08-03,0.018313,0.018981,0.018207,0.01886,3565840.0,198503000
verge,2017-08-03,0.0029739999999999996,0.003047,0.002875,0.002983,677314.0,39883200
zcash,2017-08-03,188.93,189.71,182.61,186.84,17505400.0,354510000
bitcoin,2017-08-04,2806.93,2899.33,2743.72,2895.89,1002120000.0,46276200000
bitcoin-cash,2017-08-04,362.18,386.93,233.05,233.05,185038000.0,5969720000.0
bitshares,2017-08-04,0.14149,0.154576,0.14149,0.153309,55315400.0,367515000
bytecoin-bcn,2017-08-04,0.001168,0.00137,0.001145,0.001297,1159660.0,213965000
dash,2017-08-04,186.92,189.96,186.13,186.97,28791800.0,1395520000
dogecoin,2017-08-04,0.001794,0.001847,0.001784,0.00182,3828740.0,198227000
ethereum,2017-08-04,225.31,227.62,222.06,223.07,539783000.0,21125600000.0
ethereum-classic,2017-08-04,15.37,15.45,14.94,15.04,51110000.0,1447760000.0
iota,2017-08-04,0.332239,0.42025200000000007,0.332239,0.391286,20179000.0,923468000
lisk,2017-08-04,2.08,2.12,2.04,2.08,3130930.0,230212000.0
litecoin,2017-08-04,42.89,43.71,42.82,43.45,114810000.0,2243440000
monero,2017-08-04,43.36,45.32,42.97,45.12,7794340.0,645208000
nano,2017-08-04,0.038709,0.043082,0.03854,0.040648000000000004,24131.0,3885660.0
nem,2017-08-04,0.227617,0.231129,0.212356,0.22424000000000002,7870620.0,2048550000
neo,2017-08-04,10.84,11.22,9.97,10.43,56285500.0,541832000.0
qtum,2017-08-04,7.68,8.71,7.68,8.22,31879600.0,452969000.0
ripple,2017-08-04,0.174555,0.176053,0.172224,0.173743,45170000.0,6693120000
siacoin,2017-08-04,0.009146,0.009455,0.009092,0.009092,7388260.0,258804000.0
steem,2017-08-04,1.27,1.33,1.25,1.28,1243190.0,302687000
stellar,2017-08-04,0.018846,0.022411,0.018597,0.022241,14348900.0,206288000
verge,2017-08-04,0.002982,0.003098,0.002944,0.003084,731566.0,39987000
zcash,2017-08-04,188.94,190.13,184.8,186.76,18265500.0,355864000
bitcoin,2017-08-05,2897.63,3290.01,2874.83,3252.91,1945700000.0,47778200000
bitcoin-cash,2017-08-05,231.11,273.04,200.98,213.15,144043000.0,3809330000.0
bitshares,2017-08-05,0.153022,0.16983099999999998,0.146089,0.169715,68871000.0,397479000
bytecoin-bcn,2017-08-05,0.001295,0.001448,0.001263,0.001403,1357210.0,237196000
dash,2017-08-05,186.96,195.55,185.73,193.83,41127900.0,1397060000
dogecoin,2017-08-05,0.0018170000000000003,0.0020870000000000003,0.0018039999999999998,0.0020870000000000003,8047780.0,200771000
ethereum,2017-08-05,222.85,256.51,221.95,256.51,1333000000.0,20900000000.0
ethereum-classic,2017-08-05,15.03,15.93,14.98,15.93,98290900.0,1415870000.0
iota,2017-08-05,0.393176,0.42779799999999996,0.364083,0.40798,9091140.0,1092850000
lisk,2017-08-05,2.09,2.22,2.06,2.18,4122620.0,230484000.0
litecoin,2017-08-05,43.49,46.92,43.48,46.86,248320000.0,2275090000
monero,2017-08-05,45.18,49.49,45.18,48.58,12131400.0,672541000
nano,2017-08-05,0.040632,0.055465,0.040632,0.055465,19773.0,4095290.0
nem,2017-08-05,0.22401300000000002,0.235452,0.221933,0.228656,7322590.0,2016120000
neo,2017-08-05,10.39,14.95,10.24,14.02,82680400.0,519506000.0
qtum,2017-08-05,8.22,9.52,7.8,9.38,42482900.0,484803000.0
ripple,2017-08-05,0.17386500000000002,0.187844,0.173267,0.18473699999999998,114270000.0,6666640000
siacoin,2017-08-05,0.009053,0.010057,0.008976999999999999,0.009798999999999999,9379230.0,256391000.0
steem,2017-08-05,1.28,1.42,1.28,1.34,1501680.0,306253000
stellar,2017-08-05,0.0228,0.026538,0.021051,0.023984000000000002,28582700.0,249620000
verge,2017-08-05,0.003055,0.003522,0.003035,0.003353,969930.0,40961300
zcash,2017-08-05,187.59,214.84,186.24,207.52,25450100.0,354682000
bitcoin,2017-08-06,3257.61,3293.29,3155.6,3213.94,1105030000.0,53720900000
bitcoin-cash,2017-08-06,212.18,223.7,203.44,220.66,107606000.0,3497290000.0
bitshares,2017-08-06,0.169738,0.17557999999999999,0.151918,0.152057,68798900.0,440907000
bytecoin-bcn,2017-08-06,0.001403,0.001441,0.001347,0.001355,1062600.0,257033000
dash,2017-08-06,193.71,195.0,188.43,189.13,25336000.0,1447880000
dogecoin,2017-08-06,0.0020859999999999997,0.00214,0.0019010000000000001,0.0019089999999999999,6541340.0,230572000
ethereum,2017-08-06,256.42,271.05,252.85,261.57,1482980000.0,24053500000.0
ethereum-classic,2017-08-06,15.96,16.34,15.35,15.35,81856700.0,1504680000.0
iota,2017-08-06,0.40769,0.44019300000000006,0.396851,0.431142,6276510.0,1133190000
lisk,2017-08-06,2.18,2.23,2.12,2.16,3047020.0,241330000.0
litecoin,2017-08-06,46.84,47.3,45.1,45.1,147891000.0,2451490000
monero,2017-08-06,48.57,49.18,47.36,47.83,8254240.0,723258000
nano,2017-08-06,0.055505,0.110793,0.051193999999999996,0.054671000000000004,24439.0,5616930.0
nem,2017-08-06,0.22919499999999998,0.24831799999999998,0.22173099999999998,0.24831799999999998,5886540.0,2062750000
neo,2017-08-06,14.17,16.19,13.42,15.21,81450800.0,708471000.0
qtum,2017-08-06,9.34,10.83,9.08,10.07,54977800.0,550855000.0
ripple,2017-08-06,0.185398,0.189486,0.180298,0.180444,74161600.0,7108860000
siacoin,2017-08-06,0.009779000000000001,0.009974,0.009186,0.009231,5891150.0,277152000.0
steem,2017-08-06,1.35,1.39,1.31,1.38,1565210.0,322502000
stellar,2017-08-06,0.023835,0.024723,0.022618,0.022701,11789300.0,261044000
verge,2017-08-06,0.003386,0.0034840000000000006,0.003304,0.003357,780766.0,45399200
zcash,2017-08-06,205.52,215.81,205.52,206.3,17480000.0,390040000
bitcoin,2017-08-07,3212.78,3397.68,3180.89,3378.94,1482280000.0,52987300000
bitcoin-cash,2017-08-07,223.76,373.87,223.76,319.69,346546000.0,3688360000.0
bitshares,2017-08-07,0.152778,0.157722,0.14699,0.155597,52714900.0,396857000
bytecoin-bcn,2017-08-07,0.00134,0.001648,0.001335,0.001437,1604880.0,245564000
dash,2017-08-07,189.07,197.91,187.05,197.19,32441600.0,1413570000
dogecoin,2017-08-07,0.0019190000000000001,0.001974,0.001882,0.0019489999999999998,5318800.0,212162000
ethereum,2017-08-07,261.24,271.96,256.69,269.18,935727000.0,24511000000.0
ethereum-classic,2017-08-07,15.33,15.48,15.17,15.31,59522900.0,1445300000.0
iota,2017-08-07,0.430804,0.49102799999999996,0.418088,0.474577,14717700.0,1197430000
lisk,2017-08-07,2.15,2.2,2.11,2.14,2849090.0,237380000.0
litecoin,2017-08-07,45.17,46.48,45.12,45.8,106560000.0,2364540000
monero,2017-08-07,47.67,50.21,47.24,50.21,12794900.0,710052000
nano,2017-08-07,0.054412999999999996,0.093583,0.053242,0.068763,17364.0,5528670.0
nem,2017-08-07,0.251203,0.286137,0.247398,0.280321,23044000.0,2260820000
neo,2017-08-07,15.2,20.24,14.36,18.68,166514000.0,759959000.0
qtum,2017-08-07,10.03,12.84,9.88,12.65,95630200.0,591790000.0
ripple,2017-08-07,0.17971600000000001,0.181847,0.17760499999999999,0.179021,58052100.0,6891020000
siacoin,2017-08-07,0.009231999999999999,0.00968,0.009115999999999999,0.009344,8307390.0,261866000.0
steem,2017-08-07,1.36,1.37,1.29,1.31,1524890.0,325531000
stellar,2017-08-07,0.022697,0.02305,0.021222,0.022195,10141400.0,248695000
verge,2017-08-07,0.00335,0.003517,0.0032549999999999996,0.003355,1262230.0,44917000
zcash,2017-08-07,206.98,210.31,203.67,208.64,21607900.0,394300000
bitcoin,2017-08-08,3370.22,3484.85,3345.83,3419.94,1752760000.0,55590300000
bitcoin-cash,2017-08-08,321.35,386.29,309.61,345.49,274880000.0,5297390000.0
bitshares,2017-08-08,0.154898,0.16531600000000002,0.153435,0.159335,63444900.0,402369000
bytecoin-bcn,2017-08-08,0.001448,0.001516,0.001419,0.001441,1652560.0,265225000
dash,2017-08-08,196.58,205.5,194.97,203.84,35117200.0,1470120000
dogecoin,2017-08-08,0.00195,0.001987,0.001929,0.001961,4784700.0,215522000
ethereum,2017-08-08,269.1,298.91,266.8,296.77,1502410000.0,25254600000.0
ethereum-classic,2017-08-08,15.3,15.95,15.23,15.88,88294200.0,1442970000.0
iota,2017-08-08,0.47387399999999996,0.55088,0.458992,0.547637,21988500.0,1317150000
lisk,2017-08-08,2.13,2.38,2.05,2.36,5271700.0,235963000.0
litecoin,2017-08-08,45.9,49.37,45.79,48.63,205565000.0,2403230000
monero,2017-08-08,50.4,52.64,49.93,51.94,12471600.0,750929000
nano,2017-08-08,0.068746,0.06905,0.055509,0.0563,17448.0,7013000.0
nem,2017-08-08,0.281566,0.304006,0.255855,0.27514299999999997,21374100.0,2534090000
neo,2017-08-08,18.73,19.34,15.59,18.27,124589000.0,936705000.0
qtum,2017-08-08,12.64,12.74,10.84,11.5,63155600.0,746010000.0
ripple,2017-08-08,0.179602,0.194391,0.17848699999999998,0.19258599999999998,180028000.0,6886620000
siacoin,2017-08-08,0.009327,0.009986,0.0091,0.009448,8507530.0,264789000.0
steem,2017-08-08,1.31,1.45,1.29,1.36,1641340.0,312048000
stellar,2017-08-08,0.0223,0.023737,0.021703,0.023737,8748670.0,244457000
verge,2017-08-08,0.003358,0.003554,0.0031620000000000003,0.0033520000000000004,1278610.0,45030100
zcash,2017-08-08,209.18,255.97,208.04,245.48,39426100.0,400002000
bitcoin,2017-08-09,3420.4,3422.76,3247.67,3342.47,1468960000.0,56424900000
bitcoin-cash,2017-08-09,345.28,349.32,298.61,303.89,165032000.0,5691960000.0
bitshares,2017-08-09,0.15948099999999998,0.160668,0.150257,0.151685,35970700.0,414279000
bytecoin-bcn,2017-08-09,0.001443,0.001446,0.001384,0.001391,1610030.0,264393000
dash,2017-08-09,203.74,205.87,193.33,199.21,31657100.0,1524040000
dogecoin,2017-08-09,0.001961,0.001974,0.001895,0.0019370000000000001,4251240.0,216828000
ethereum,2017-08-09,297.63,318.72,276.69,296.03,2638580000.0,27938700000.0
ethereum-classic,2017-08-09,15.87,16.25,15.22,15.38,95728900.0,1497320000.0
iota,2017-08-09,0.547121,0.555125,0.512566,0.5433279999999999,13294400.0,1520740000
lisk,2017-08-09,2.36,2.46,2.17,2.28,4068390.0,260632000.0
litecoin,2017-08-09,48.59,50.23,47.16,48.01,253103000.0,2544750000
monero,2017-08-09,51.94,53.34,49.74,50.96,11466600.0,774178000
nano,2017-08-09,0.05627000000000001,0.056339,0.050309,0.053033000000000004,40759.0,5763220.0
nem,2017-08-09,0.274303,0.28137399999999996,0.25687,0.279883,10081100.0,2468730000
neo,2017-08-09,18.34,21.94,17.46,21.75,116795000.0,917009000.0
qtum,2017-08-09,11.49,12.63,11.07,12.55,52016000.0,677866000.0
ripple,2017-08-09,0.192527,0.192914,0.18062899999999998,0.182947,97805400.0,7382220000
siacoin,2017-08-09,0.009457,0.00975,0.008979000000000001,0.009106,6640460.0,268727000.0
steem,2017-08-09,1.36,1.39,1.28,1.31,1458030.0,324049000
stellar,2017-08-09,0.023813,0.024613,0.021601,0.022996,9943390.0,261957000
verge,2017-08-09,0.0033159999999999995,0.003407,0.003105,0.003109,915199.0,44469100
zcash,2017-08-09,245.89,261.31,231.67,242.9,37956900.0,471948000
bitcoin,2017-08-10,3341.84,3453.45,3319.47,3381.28,1515110000.0,55134700000
bitcoin-cash,2017-08-10,305.21,311.68,274.68,275.95,136637000.0,5031790000.0
bitshares,2017-08-10,0.15188,0.185412,0.14825,0.159937,121892000.0,394538000
bytecoin-bcn,2017-08-10,0.001394,0.001408,0.001291,0.001312,1701010.0,255350000
dash,2017-08-10,199.56,205.54,195.78,200.96,30972000.0,1493200000
dogecoin,2017-08-10,0.001939,0.001945,0.001891,0.0018960000000000001,4006990.0,214427000
ethereum,2017-08-10,296.96,306.59,289.93,295.89,1076820000.0,27882200000.0
ethereum-classic,2017-08-10,15.4,15.58,15.19,15.19,42596500.0,1453210000.0
iota,2017-08-10,0.535805,0.588071,0.51325,0.5664560000000001,16602500.0,1489290000
lisk,2017-08-10,2.28,2.3,2.16,2.18,3331010.0,252942000.0
litecoin,2017-08-10,48.05,48.51,46.5,46.5,121661000.0,2517300000
monero,2017-08-10,50.94,51.29,49.47,49.47,9147740.0,759514000
nano,2017-08-10,0.05304,0.150391,0.052027,0.09866,310895.0,5454050.0
nem,2017-08-10,0.278902,0.298721,0.278217,0.294135,11712700.0,2510120000
neo,2017-08-10,21.68,38.44,21.36,36.18,360125000.0,1084180000.0
qtum,2017-08-10,12.55,16.99,12.42,15.77,133259000.0,740715000.0
ripple,2017-08-10,0.183168,0.1835,0.180013,0.180399,48162800.0,7023380000
siacoin,2017-08-10,0.009120999999999999,0.009247,0.00831,0.00831,10293200.0,259440000.0
steem,2017-08-10,1.31,1.32,1.21,1.22,1548230.0,312575000
stellar,2017-08-10,0.022993,0.02345,0.021993000000000002,0.022007,5144750.0,253129000
verge,2017-08-10,0.003143,0.003193,0.002437,0.0025960000000000002,2983320.0,42143100
zcash,2017-08-10,242.51,247.29,230.4,230.4,20530400.0,467188000
bitcoin,2017-08-11,3373.82,3679.72,3372.12,3650.62,2021190000.0,55668000000
bitcoin-cash,2017-08-11,275.88,351.16,275.02,328.24,233971000.0,4548600000.0
bitshares,2017-08-11,0.160253,0.19503800000000002,0.159663,0.190209,117253000.0,416295000
bytecoin-bcn,2017-08-11,0.001299,0.001621,0.0011619999999999998,0.001604,3321450.0,237960000
dash,2017-08-11,200.82,209.11,199.59,205.79,28677400.0,1502990000
dogecoin,2017-08-11,0.0018969999999999998,0.0018969999999999998,0.0018170000000000003,0.0018800000000000002,5135210.0,209736000
ethereum,2017-08-11,294.5,309.21,294.5,308.86,953576000.0,27657000000.0
ethereum-classic,2017-08-11,15.16,15.47,15.04,15.17,46330400.0,1431410000.0
iota,2017-08-11,0.565525,0.710585,0.5578270000000001,0.654872,43618800.0,1571890000
lisk,2017-08-11,2.18,2.3,2.12,2.19,3014740.0,241148000.0
litecoin,2017-08-11,46.4,47.33,46.4,47.1,137644000.0,2431830000
monero,2017-08-11,49.31,51.56,48.93,50.65,8534390.0,735446000
nano,2017-08-11,0.098647,0.131696,0.09009,0.11229000000000001,390051.0,10165800.0
nem,2017-08-11,0.293714,0.29987800000000003,0.27919099999999997,0.295213,8241000.0,2643420000
neo,2017-08-11,36.32,39.13,27.58,33.5,382070000.0,1815780000.0
qtum,2017-08-11,15.63,16.36,14.33,14.73,91215900.0,922433000.0
ripple,2017-08-11,0.180175,0.182631,0.177627,0.179307,54059700.0,6910180000
siacoin,2017-08-11,0.008226,0.008709,0.007922,0.008323,13007000.0,234237000.0
steem,2017-08-11,1.21,1.24,1.14,1.14,1925900.0,289748000
stellar,2017-08-11,0.02194,0.022304,0.020751,0.021480000000000003,6968740.0,241679000
verge,2017-08-11,0.0025960000000000002,0.002877,0.002353,0.002448,2907700.0,34807200
zcash,2017-08-11,231.04,234.79,225.66,234.37,18765000.0,446761000
bitcoin,2017-08-12,3650.63,3949.92,3613.7,3884.71,2219590000.0,60242100000
bitcoin-cash,2017-08-12,327.82,341.85,313.7,317.09,126007000.0,5405200000.0
bitshares,2017-08-12,0.189864,0.189864,0.1702,0.17185599999999998,56186200.0,493223000
bytecoin-bcn,2017-08-12,0.001588,0.001703,0.001462,0.001492,3019480.0,290967000
dash,2017-08-12,206.22,210.64,201.38,205.49,30017500.0,1543820000
dogecoin,2017-08-12,0.001877,0.0019920000000000003,0.0018280000000000002,0.0018559999999999998,7282380.0,207562000
ethereum,2017-08-12,308.71,317.56,307.9,310.6,1111650000.0,28998700000.0
ethereum-classic,2017-08-12,15.18,15.28,14.76,14.81,50077000.0,1433430000.0
iota,2017-08-12,0.655191,0.72796,0.625521,0.721535,20358000.0,1821120000
lisk,2017-08-12,2.2,2.34,2.11,2.34,3115110.0,244160000.0
litecoin,2017-08-12,47.05,47.62,46.29,46.43,142065000.0,2466360000
monero,2017-08-12,50.85,51.57,46.34,49.37,17349200.0,758739000
nano,2017-08-12,0.11233699999999999,0.117529,0.094414,0.097789,172633.0,11576700.0
nem,2017-08-12,0.29396500000000003,0.296601,0.270816,0.27808499999999997,6159860.0,2645690000
neo,2017-08-12,33.16,37.37,30.45,36.61,177772000.0,1657810000.0
qtum,2017-08-12,14.73,15.47,12.85,13.9,59321200.0,868962000.0
ripple,2017-08-12,0.179221,0.182599,0.173242,0.173853,65229300.0,6873590000
siacoin,2017-08-12,0.008337,0.008603,0.007405,0.007790000000000001,8512030.0,237654000.0
steem,2017-08-12,1.15,1.54,1.14,1.36,3035180.0,273860000
stellar,2017-08-12,0.0214,0.022192,0.019601,0.020217,8536080.0,235813000
verge,2017-08-12,0.002374,0.002949,0.002374,0.002865,2235980.0,31834900
zcash,2017-08-12,234.22,235.42,219.06,223.31,20015900.0,454579000
bitcoin,2017-08-13,3880.04,4208.39,3857.8,4073.26,3159090000.0,64034100000
bitcoin-cash,2017-08-13,316.29,317.47,298.05,298.05,120722000.0,5215330000.0
bitshares,2017-08-13,0.17160799999999998,0.17160799999999998,0.152669,0.15724000000000002,47818800.0,445804000
bytecoin-bcn,2017-08-13,0.001492,0.00155,0.001373,0.00146,2087030.0,273362000
dash,2017-08-13,205.59,207.19,192.14,198.17,36281800.0,1539490000
dogecoin,2017-08-13,0.001853,0.0018739999999999998,0.001731,0.001807,4744330.0,204951000
ethereum,2017-08-13,310.37,310.82,289.31,298.06,1369370000.0,29161100000.0
ethereum-classic,2017-08-13,14.78,14.8,14.09,14.3,58116600.0,1396350000.0
iota,2017-08-13,0.722169,0.8295299999999999,0.715382,0.807713,41198400.0,2007290000
lisk,2017-08-13,2.33,2.4,2.06,2.24,5540350.0,258204000.0
litecoin,2017-08-13,46.57,48.07,44.33,45.81,242565000.0,2441760000
monero,2017-08-13,49.38,50.15,45.46,47.76,19587800.0,737066000
nano,2017-08-13,0.09769800000000001,0.117654,0.080991,0.10370499999999999,152324.0,10074700.0
nem,2017-08-13,0.277406,0.280045,0.252924,0.257339,8310080.0,2496650000
neo,2017-08-13,36.86,52.63,35.32,46.65,448654000.0,1843040000.0
qtum,2017-08-13,13.92,15.84,12.79,15.17,75650500.0,821280000.0
ripple,2017-08-13,0.173545,0.174147,0.162625,0.16809200000000002,110199000.0,6655930000
siacoin,2017-08-13,0.007774,0.007851,0.007094,0.007298999999999999,8567400.0,221812000.0
steem,2017-08-13,1.36,1.4,1.17,1.24,1530080.0,324184000
stellar,2017-08-13,0.020234000000000002,0.020234000000000002,0.017237,0.01825,18070400.0,223033000
verge,2017-08-13,0.0028239999999999997,0.0028710000000000003,0.002151,0.0023539999999999998,1979240.0,37874500
zcash,2017-08-13,223.34,225.51,202.03,214.31,21036100.0,435089000
bitcoin,2017-08-14,4066.1,4325.13,3989.16,4325.13,2463090000.0,67112300000
bitcoin-cash,2017-08-14,296.1,327.39,293.5,297.68,174968000.0,4882720000.0
bitshares,2017-08-14,0.157031,0.167903,0.148383,0.148383,73389600.0,407942000
bytecoin-bcn,2017-08-14,0.001459,0.001503,0.001227,0.001317,2245190.0,267334000
dash,2017-08-14,198.32,202.89,195.35,199.44,29888400.0,1485500000
dogecoin,2017-08-14,0.001807,0.00183,0.0017109999999999998,0.0017620000000000001,4321530.0,199947000
ethereum,2017-08-14,298.03,306.81,296.41,300.1,864391000.0,28008700000.0
ethereum-classic,2017-08-14,14.29,14.54,14.05,14.08,38585500.0,1350180000.0
iota,2017-08-14,0.811738,0.976404,0.793682,0.976404,54630900.0,2256250000
lisk,2017-08-14,2.24,2.39,2.08,2.28,6927410.0,248858000.0
litecoin,2017-08-14,45.83,46.51,45.43,45.8,114402000.0,2403870000
monero,2017-08-14,47.69,49.75,46.63,49.75,14023000.0,711941000
nano,2017-08-14,0.10441500000000001,0.111174,0.095224,0.09711900000000001,121686.0,10810000.0
nem,2017-08-14,0.256873,0.271702,0.230571,0.256048,12505500.0,2311850000
neo,2017-08-14,47.63,52.02,44.79,47.43,343705000.0,2381360000.0
qtum,2017-08-14,15.1,17.16,14.36,15.06,103750000.0,890836000.0
ripple,2017-08-14,0.168376,0.180054,0.16528900000000002,0.169991,84388300.0,6457680000
siacoin,2017-08-14,0.007252,0.0072900000000000005,0.006217,0.006743000000000001,9172540.0,207148000.0
steem,2017-08-14,1.24,1.26,1.1,1.2,1481380.0,297811000
stellar,2017-08-14,0.018313,0.019209999999999998,0.016819999999999998,0.017622,9974570.0,201960000
verge,2017-08-14,0.002356,0.002494,0.00183,0.0018989999999999999,1663070.0,31594200
zcash,2017-08-14,214.54,216.58,203.64,210.23,18355900.0,419477000
bitcoin,2017-08-15,4326.99,4455.97,3906.18,4181.93,3258050000.0,71425500000
bitcoin-cash,2017-08-15,298.19,306.52,292.88,297.86,133924000.0,4917480000.0
bitshares,2017-08-15,0.146546,0.154169,0.140237,0.150118,57077200.0,380704000
bytecoin-bcn,2017-08-15,0.0013210000000000001,0.001525,0.0012259999999999999,0.001382,2836760.0,242038000
dash,2017-08-15,199.8,206.13,192.73,203.52,37532600.0,1496920000
dogecoin,2017-08-15,0.0017579999999999998,0.001827,0.001656,0.001738,7095620.0,194475000
ethereum,2017-08-15,299.95,300.41,279.33,289.82,1051800000.0,28195800000.0
ethereum-classic,2017-08-15,14.07,14.09,13.53,13.69,49456900.0,1330550000.0
iota,2017-08-15,0.9773200000000001,0.995791,0.7672359999999999,0.917949,84698300.0,2716490000
lisk,2017-08-15,2.28,2.28,2.07,2.17,7013170.0,253094000.0
litecoin,2017-08-15,45.81,45.84,42.29,43.31,206081000.0,2403520000
monero,2017-08-15,49.97,50.16,45.72,48.74,13651100.0,746257000
nano,2017-08-15,0.097447,0.11461099999999999,0.091276,0.10260899999999999,164501.0,10128300.0
nem,2017-08-15,0.256281,0.256357,0.22445900000000002,0.247928,12637400.0,2306530000
neo,2017-08-15,47.5,47.99,39.52,47.49,262801000.0,2375010000.0
qtum,2017-08-15,15.01,15.3,13.83,14.68,62353100.0,885415000.0
ripple,2017-08-15,0.16979,0.16979,0.158244,0.161221,100614000.0,6510400000
siacoin,2017-08-15,0.006732999999999999,0.008893,0.006214,0.0075840000000000005,23953700.0,192532000.0
steem,2017-08-15,1.21,1.21,1.08,1.14,1538190.0,290681000
stellar,2017-08-15,0.017605000000000003,0.018890999999999998,0.016068,0.017433,15330000.0,194212000
verge,2017-08-15,0.001947,0.0033469999999999997,0.001825,0.002614,5654350.0,26109800
zcash,2017-08-15,209.94,213.17,199.59,212.17,21171600.0,411977000
bitcoin,2017-08-16,4200.34,4381.23,3994.42,4376.63,2272040000.0,69342700000
bitcoin-cash,2017-08-16,297.97,307.62,290.21,300.21,106436000.0,4914350000.0
bitshares,2017-08-16,0.150126,0.150126,0.141612,0.14180399999999999,23043800.0,390011000
bytecoin-bcn,2017-08-16,0.0014060000000000001,0.001439,0.001318,0.00139,1880180.0,257581000
dash,2017-08-16,203.85,233.53,198.92,232.02,63100100.0,1527710000
dogecoin,2017-08-16,0.001732,0.0017980000000000001,0.0017,0.0017739999999999998,3874060.0,191631000
ethereum,2017-08-16,289.82,303.41,285.38,302.27,967643000.0,27249700000.0
ethereum-classic,2017-08-16,13.69,14.66,13.52,14.19,77467600.0,1294140000.0
iota,2017-08-16,0.9147270000000001,1.05,0.878567,1.05,52081500.0,2542510000
lisk,2017-08-16,2.17,2.25,2.11,2.24,5825960.0,240927000.0
litecoin,2017-08-16,43.37,45.06,42.57,44.15,120765000.0,2275660000
monero,2017-08-16,48.77,49.09,47.03,48.78,12423400.0,728672000
nano,2017-08-16,0.102683,0.15012,0.09829600000000001,0.15012,220660.0,10714500.0
nem,2017-08-16,0.249098,0.27148,0.24608000000000002,0.25801199999999996,10039900.0,2241880000
neo,2017-08-16,46.98,51.24,44.69,45.54,170273000.0,2349050000.0
qtum,2017-08-16,14.67,15.42,14.15,14.35,59126000.0,865463000.0
ripple,2017-08-16,0.16123800000000002,0.161726,0.153087,0.160431,107920000.0,6182490000
siacoin,2017-08-16,0.007589,0.008218000000000001,0.0073030000000000005,0.007418000000000001,9653770.0,217215000.0
steem,2017-08-16,1.13,1.21,1.1,1.18,1002990.0,270430000
stellar,2017-08-16,0.017378,0.018562000000000002,0.017127,0.017702000000000002,8427430.0,191837000
verge,2017-08-16,0.0026579999999999998,0.002873,0.0023190000000000003,0.0025050000000000003,3085850.0,35648600
zcash,2017-08-16,211.92,218.01,206.16,216.75,17198100.0,417382000
bitcoin,2017-08-17,4384.44,4484.7,4243.71,4331.69,2553360000.0,72389100000
bitcoin-cash,2017-08-17,301.02,460.53,293.1,460.53,744605000.0,4964980000.0
bitshares,2017-08-17,0.141768,0.14206400000000002,0.133211,0.134528,38984600.0,368306000
bytecoin-bcn,2017-08-17,0.001376,0.001397,0.001263,0.001297,1918060.0,252135000
dash,2017-08-17,231.58,260.6,229.08,233.62,98375500.0,1736000000
dogecoin,2017-08-17,0.0017809999999999998,0.0017989999999999998,0.001575,0.0017100000000000001,3365590.0,197062000
ethereum,2017-08-17,302.81,311.03,300.25,301.46,909494000.0,28477500000.0
ethereum-classic,2017-08-17,14.23,14.34,13.85,13.93,50306000.0,1346400000.0
iota,2017-08-17,1.04,1.1,0.9982409999999999,1.02,58209300.0,2904020000
lisk,2017-08-17,2.23,2.24,2.05,2.08,4849940.0,247723000.0
litecoin,2017-08-17,44.18,44.83,43.78,43.91,104020000.0,2318000000
monero,2017-08-17,48.82,49.46,47.05,47.45,11176000.0,729528000
nano,2017-08-17,0.149573,0.1776,0.130468,0.163429,475870.0,15668300.0
nem,2017-08-17,0.256625,0.26197600000000004,0.24041700000000002,0.244955,6487950.0,2309620000
neo,2017-08-17,45.72,46.34,38.91,40.69,191410000.0,2286130000.0
qtum,2017-08-17,14.36,14.37,12.82,13.06,50489100.0,847017000.0
ripple,2017-08-17,0.16078699999999999,0.161001,0.155909,0.157498,56084300.0,6165190000
siacoin,2017-08-17,0.007365999999999999,0.007522,0.007004000000000001,0.007017,5965510.0,211019000.0
steem,2017-08-17,1.18,1.18,1.08,1.14,1039930.0,281663000
stellar,2017-08-17,0.017715,0.018239,0.016865,0.017327000000000002,7228100.0,195588000
verge,2017-08-17,0.002502,0.002602,0.002282,0.00249,1649550.0,33553000
zcash,2017-08-17,217.05,237.16,206.91,208.95,16505300.0,429048000
bitcoin,2017-08-18,4324.34,4370.13,4015.4,4160.62,2941710000.0,71406500000
bitcoin-cash,2017-08-18,458.67,764.07,458.67,690.24,3087490000.0,7565590000.0
bitshares,2017-08-18,0.134378,0.142048,0.12812300000000001,0.128149,33016000.0,349112000
bytecoin-bcn,2017-08-18,0.0013,0.0013039999999999998,0.001145,0.0011949999999999999,1796510.0,238170000
dash,2017-08-18,233.84,240.41,219.42,224.28,50324200.0,1753350000
dogecoin,2017-08-18,0.0017109999999999998,0.001759,0.0016539999999999999,0.001678,3190510.0,189431000
ethereum,2017-08-18,301.7,307.96,292.5,295.59,936160000.0,28380200000.0
ethereum-classic,2017-08-18,13.89,14.42,13.74,13.81,70150100.0,1314260000.0
iota,2017-08-18,1.01,1.03,0.7744,0.8701469999999999,58053400.0,2819080000
lisk,2017-08-18,2.08,2.11,1.97,2.01,4453010.0,230573000.0
litecoin,2017-08-18,43.9,47.86,43.59,47.28,293350000.0,2304770000
monero,2017-08-18,47.37,48.93,46.22,46.69,14517200.0,708081000
nano,2017-08-18,0.162923,0.16656300000000002,0.13513599999999998,0.145568,287325.0,17105400.0
nem,2017-08-18,0.24402,0.258577,0.233091,0.24324400000000002,7653200.0,2196180000
neo,2017-08-18,40.85,41.16,31.32,38.85,209845000.0,2042450000.0
qtum,2017-08-18,13.09,13.09,11.0,11.63,43226400.0,772302000.0
ripple,2017-08-18,0.157117,0.168716,0.154162,0.158883,146539000.0,6024470000
siacoin,2017-08-18,0.007056999999999999,0.007498,0.006531,0.0067280000000000005,6032540.0,202346000.0
steem,2017-08-18,1.12,1.15,1.04,1.07,1036360.0,269091000
stellar,2017-08-18,0.017325999999999998,0.017585,0.016572,0.016842,4253200.0,191461000
verge,2017-08-18,0.002482,0.002493,0.001866,0.0020559999999999997,2105590.0,33289100
zcash,2017-08-18,208.93,211.38,200.21,201.01,17564100.0,414480000
bitcoin,2017-08-19,4137.75,4243.26,3970.55,4193.7,2975820000.0,68333100000
bitcoin-cash,2017-08-19,697.04,1091.97,625.16,754.56,3196230000.0,11498100000.0
bitshares,2017-08-19,0.127984,0.13355999999999998,0.11916500000000001,0.126344,22371900.0,332505000
bytecoin-bcn,2017-08-19,0.001182,0.0012380000000000002,0.001068,0.001169,2073090.0,216679000
dash,2017-08-19,224.67,329.98,224.67,288.7,220487000.0,1685040000
dogecoin,2017-08-19,0.0016809999999999998,0.001709,0.0016469999999999998,0.001678,3028000.0,186102000
ethereum,2017-08-19,296.18,301.67,286.18,297.47,860202000.0,27867900000.0
ethereum-classic,2017-08-19,13.86,14.07,13.46,13.7,48175900.0,1311790000.0
iota,2017-08-19,0.8715799999999999,0.985748,0.778133,0.9785209999999999,39975500.0,2422580000
lisk,2017-08-19,2.01,2.88,1.91,2.85,7596650.0,223846000.0
litecoin,2017-08-19,47.05,47.08,43.78,45.48,155404000.0,2471190000
monero,2017-08-19,46.97,58.03,46.97,55.96,27038800.0,702398000
nano,2017-08-19,0.145445,0.160367,0.139152,0.157346,150439.0,15329700.0
nem,2017-08-19,0.242342,0.26866,0.22780999999999998,0.256137,9197000.0,2181080000
neo,2017-08-19,38.86,42.22,35.4,39.97,168358000.0,1943180000.0
qtum,2017-08-19,11.62,12.36,9.69,11.64,54327300.0,685316000.0
ripple,2017-08-19,0.159553,0.162348,0.152305,0.155057,87062100.0,6117890000
siacoin,2017-08-19,0.0067079999999999996,0.006822,0.0060869999999999995,0.006731999999999999,4993790.0,192518000.0
steem,2017-08-19,1.05,1.09,0.929075,1.07,1497640.0,252876000
stellar,2017-08-19,0.016862000000000002,0.017200999999999998,0.01555,0.016513,4290190.0,186374000
verge,2017-08-19,0.002054,0.0021260000000000003,0.0018899999999999998,0.002041,766239.0,27544500
zcash,2017-08-19,201.65,242.61,194.37,233.34,34374700.0,401504000
bitcoin,2017-08-20,4189.31,4196.29,4069.88,4087.66,2109770000.0,69192700000
bitcoin-cash,2017-08-20,772.42,858.96,683.94,712.87,1494020000.0,12742600000.0
bitshares,2017-08-20,0.126,0.135464,0.12278299999999999,0.13231400000000001,25872000.0,327357000
bytecoin-bcn,2017-08-20,0.001147,0.00126,0.001085,0.00121,1884760.0,210216000
dash,2017-08-20,288.2,327.25,287.82,294.2,107973000.0,2162080000
dogecoin,2017-08-20,0.0016699999999999998,0.001726,0.0016359999999999999,0.001707,3050890.0,184872000
ethereum,2017-08-20,296.64,301.43,291.58,301.43,571947000.0,27918100000.0
ethereum-classic,2017-08-20,13.68,14.11,13.6,13.89,40155000.0,1295520000.0
iota,2017-08-20,0.9712219999999999,1.02,0.9396190000000001,0.942205,29447600.0,2699540000
lisk,2017-08-20,2.96,3.98,2.47,3.4,47982900.0,329010000.0
litecoin,2017-08-20,45.38,47.55,44.75,46.23,138850000.0,2383680000
monero,2017-08-20,55.79,56.05,51.8,54.71,15702600.0,834239000
nano,2017-08-20,0.156612,0.159527,0.14224,0.146028,101283.0,16549600.0
nem,2017-08-20,0.254106,0.308286,0.25363600000000003,0.271441,13189900.0,2286960000
neo,2017-08-20,39.63,40.65,38.16,38.19,85862200.0,1981640000.0
qtum,2017-08-20,11.54,12.35,10.82,11.79,40638800.0,680885000.0
ripple,2017-08-20,0.154569,0.161205,0.15343199999999999,0.158735,68542800.0,5926770000
siacoin,2017-08-20,0.006726,0.0077930000000000004,0.006435,0.007696,8429580.0,193195000.0
steem,2017-08-20,1.06,1.57,1.02,1.44,3358270.0,254472000
stellar,2017-08-20,0.016481,0.018387,0.016148,0.017631,7276760.0,182687000
verge,2017-08-20,0.002073,0.0023940000000000003,0.0019920000000000003,0.002118,1138590.0,27796200
zcash,2017-08-20,232.05,250.96,224.8,241.07,30209100.0,463682000
bitcoin,2017-08-21,4090.48,4109.14,3988.6,4001.74,2800890000.0,67567100000
bitcoin-cash,2017-08-21,723.7,756.59,573.47,599.63,1123400000.0,11943100000.0
bitshares,2017-08-21,0.132198,0.13272,0.124028,0.129772,19724100.0,343467000
bytecoin-bcn,2017-08-21,0.001221,0.0012369999999999998,0.001147,0.001191,2000990.0,223715000
dash,2017-08-21,293.77,300.52,275.94,279.58,58023900.0,2204480000
dogecoin,2017-08-21,0.001693,0.0017120000000000002,0.001644,0.0017120000000000002,3580650.0,187472000
ethereum,2017-08-21,300.48,347.05,297.23,321.59,2448970000.0,28285500000.0
ethereum-classic,2017-08-21,13.89,15.04,13.86,14.56,114021000.0,1316110000.0
iota,2017-08-21,0.907423,0.939166,0.843577,0.9062690000000001,32558600.0,2522210000
lisk,2017-08-21,3.44,3.48,2.63,2.71,29155700.0,382390000.0
litecoin,2017-08-21,46.19,48.75,45.62,47.94,207172000.0,2427130000
monero,2017-08-21,54.67,95.08,52.87,77.82,238775000.0,817490000
nano,2017-08-21,0.145474,0.151488,0.132486,0.13506500000000002,111177.0,15451500.0
nem,2017-08-21,0.27179899999999996,0.293674,0.239623,0.252456,13775000.0,2446190000
neo,2017-08-21,38.04,38.28,34.15,35.3,85955000.0,1902060000.0
qtum,2017-08-21,11.8,11.87,10.82,11.23,29380800.0,696434000.0
ripple,2017-08-21,0.15841,0.205684,0.154856,0.191918,447089000.0,6074040000
siacoin,2017-08-21,0.007708,0.007792,0.00671,0.006737000000000001,5987600.0,221609000.0
steem,2017-08-21,1.41,1.49,1.16,1.2,3309300.0,339535000
stellar,2017-08-21,0.017669,0.020365,0.017092,0.019753,9391270.0,195916000
verge,2017-08-21,0.0021100000000000003,0.002236,0.002003,0.002037,737684.0,28294400
zcash,2017-08-21,241.22,258.89,231.64,239.06,33202000.0,483761000
bitcoin,2017-08-22,3998.35,4128.76,3674.58,4100.52,3764240000.0,66051000000
bitcoin-cash,2017-08-22,596.19,734.88,570.27,690.88,1393260000.0,9844620000.0
bitshares,2017-08-22,0.13045299999999999,0.13564,0.123099,0.132207,25263200.0,338940000
bytecoin-bcn,2017-08-22,0.001204,0.001235,0.001094,0.001204,1886460.0,220676000
dash,2017-08-22,280.29,299.98,260.53,291.5,74971200.0,2103900000
dogecoin,2017-08-22,0.001713,0.001731,0.001616,0.001716,3645340.0,189739000
ethereum,2017-08-22,321.06,327.36,297.91,314.79,1336400000.0,30229900000.0
ethereum-classic,2017-08-22,14.57,14.97,13.75,14.39,97160200.0,1380860000.0
iota,2017-08-22,0.9017780000000001,0.9017780000000001,0.786259,0.843775,26333800.0,2506520000
lisk,2017-08-22,2.73,3.04,2.55,2.91,14401100.0,303939000.0
litecoin,2017-08-22,47.9,47.9,45.48,46.73,163104000.0,2517440000
monero,2017-08-22,77.99,95.51,72.53,91.16,150286000.0,1166240000
nano,2017-08-22,0.1349,0.1349,0.109954,0.122617,81740.0,14383400.0
nem,2017-08-22,0.254965,0.262755,0.23918499999999998,0.254089,10350500.0,2294690000
neo,2017-08-22,35.16,36.17,31.6,35.85,68265300.0,1758180000.0
qtum,2017-08-22,11.2,11.41,10.17,11.06,25086300.0,660585000.0
ripple,2017-08-22,0.194971,0.254659,0.171483,0.23928600000000003,1450040000.0,7475950000
siacoin,2017-08-22,0.00675,0.006933,0.006242,0.0067599999999999995,4436860.0,194215000.0
steem,2017-08-22,1.19,1.31,1.12,1.19,2112460.0,285896000
stellar,2017-08-22,0.01966,0.021753,0.016734,0.021624,18062400.0,219050000
verge,2017-08-22,0.002042,0.002123,0.001848,0.002089,670162.0,27376700
zcash,2017-08-22,239.67,240.24,209.21,227.71,26540900.0,482352000
bitcoin,2017-08-23,4089.01,4255.78,4078.41,4151.52,2369820000.0,67553000000
bitcoin-cash,2017-08-23,690.96,715.67,651.32,669.4,501983000.0,11416800000.0
bitshares,2017-08-23,0.131846,0.151112,0.130727,0.137956,54331200.0,342567000
bytecoin-bcn,2017-08-23,0.001202,0.001437,0.001179,0.001347,3475400.0,220355000
dash,2017-08-23,290.46,299.14,287.73,292.57,47798300.0,2180790000
dogecoin,2017-08-23,0.001715,0.00179,0.0017,0.001732,5481120.0,189961000
ethereum,2017-08-23,315.27,324.21,314.54,317.52,811990000.0,29691900000.0
ethereum-classic,2017-08-23,14.47,17.03,14.33,15.29,325317000.0,1372030000.0
iota,2017-08-23,0.842517,0.9403889999999999,0.834667,0.8503709999999999,27418300.0,2341800000
lisk,2017-08-23,2.9,3.2,2.81,3.05,15018100.0,322857000.0
litecoin,2017-08-23,46.71,54.78,46.48,53.25,447188000.0,2456090000
monero,2017-08-23,91.01,99.71,85.51,90.33,84961900.0,1360920000
nano,2017-08-23,0.130409,0.16578900000000002,0.121982,0.15087899999999999,131454.0,13944500.0
nem,2017-08-23,0.25398000000000004,0.258227,0.239639,0.24960300000000002,8303140.0,2285820000
neo,2017-08-23,35.83,44.03,35.25,40.0,131763000.0,1791670000.0
qtum,2017-08-23,11.05,12.47,11.04,11.9,36722000.0,651839000.0
ripple,2017-08-23,0.24098699999999998,0.297662,0.21999200000000002,0.246827,1770400000.0,9240380000
siacoin,2017-08-23,0.006811,0.007334,0.006652,0.006991,6341530.0,196173000.0
steem,2017-08-23,1.21,1.31,1.19,1.24,2415700.0,289363000
stellar,2017-08-23,0.021459,0.023979,0.019393,0.020222999999999998,25240300.0,239479000
verge,2017-08-23,0.002084,0.002316,0.00196,0.0022370000000000003,943903.0,27949000
zcash,2017-08-23,227.13,238.8,224.99,228.3,19773800.0,458739000
bitcoin,2017-08-24,4137.6,4376.39,4130.26,4334.68,2037750000.0,68363900000
bitcoin-cash,2017-08-24,670.03,697.32,617.31,628.11,407177000.0,11071100000.0
bitshares,2017-08-24,0.13843699999999998,0.141652,0.136021,0.136287,19199900.0,359696000
bytecoin-bcn,2017-08-24,0.0013650000000000001,0.001524,0.0013210000000000001,0.001418,3701630.0,250082000
dash,2017-08-24,292.96,315.37,291.19,315.37,58804500.0,2200130000
dogecoin,2017-08-24,0.001731,0.0018449999999999999,0.0017219999999999998,0.001816,4796720.0,191700000
ethereum,2017-08-24,317.45,327.96,317.08,325.61,697665000.0,29904600000.0
ethereum-classic,2017-08-24,15.36,15.99,15.1,15.14,105296000.0,1456290000.0
iota,2017-08-24,0.854043,0.895101,0.81388,0.895101,17132900.0,2373840000
lisk,2017-08-24,3.04,4.1,3.03,3.67,39306300.0,338477000.0
litecoin,2017-08-24,52.82,53.28,50.19,50.19,391342000.0,2778190000
monero,2017-08-24,90.35,93.77,79.35,86.29,70187100.0,1351030000
nano,2017-08-24,0.15094100000000002,0.153854,0.130081,0.132296,180868.0,16157900.0
nem,2017-08-24,0.250082,0.270494,0.24878899999999998,0.26551199999999997,10249000.0,2250740000
neo,2017-08-24,39.92,42.13,39.31,42.05,63875500.0,1996230000.0
qtum,2017-08-24,11.87,14.13,11.64,13.78,72955500.0,700167000.0
ripple,2017-08-24,0.252371,0.288783,0.21254299999999998,0.21895799999999999,1342360000.0,9676890000
siacoin,2017-08-24,0.0070030000000000005,0.007326999999999999,0.0069099999999999995,0.007056000000000001,4697040.0,201865000.0
steem,2017-08-24,1.23,1.33,1.2,1.28,1958180.0,295147000
stellar,2017-08-24,0.020465,0.021513,0.01851,0.019024,9530830.0,228611000
verge,2017-08-24,0.002278,0.002634,0.002241,0.0023420000000000003,2214120.0,30544200
zcash,2017-08-24,228.12,231.47,225.13,228.11,15371700.0,462350000
bitcoin,2017-08-25,4332.82,4455.7,4307.35,4371.6,1727970000.0,71595100000
bitcoin-cash,2017-08-25,627.06,665.41,624.3,641.05,348632000.0,10365600000.0
bitshares,2017-08-25,0.13606,0.138075,0.13313699999999998,0.137379,16915200.0,353527000
bytecoin-bcn,2017-08-25,0.001395,0.001486,0.001343,0.0013779999999999999,2911530.0,255680000
dash,2017-08-25,317.91,320.65,306.68,315.89,53632700.0,2388160000
dogecoin,2017-08-25,0.001808,0.00183,0.0017620000000000001,0.00179,2654040.0,200302000
ethereum,2017-08-25,326.11,336.4,325.8,331.92,760329000.0,30727900000.0
ethereum-classic,2017-08-25,15.13,15.42,15.09,15.28,49610500.0,1434760000.0
iota,2017-08-25,0.894733,0.934651,0.837866,0.9196350000000001,18226300.0,2486940000
lisk,2017-08-25,3.67,4.58,3.65,4.32,34464300.0,408946000.0
litecoin,2017-08-25,50.17,52.13,49.84,51.18,157619000.0,2639490000
monero,2017-08-25,86.47,108.36,85.34,108.26,95835700.0,1293030000
nano,2017-08-25,0.13209400000000002,0.14419300000000002,0.13053199999999998,0.139121,78840.0,14163200.0
nem,2017-08-25,0.262673,0.28578000000000003,0.25654499999999997,0.270482,8676560.0,2364060000
neo,2017-08-25,41.96,42.26,39.78,40.3,47772200.0,2098230000.0
qtum,2017-08-25,13.75,13.85,12.85,13.32,26327100.0,811035000.0
ripple,2017-08-25,0.2172,0.232184,0.203022,0.21782800000000002,504484000.0,8328300000
siacoin,2017-08-25,0.0070420000000000005,0.007095000000000001,0.006695,0.006842,3749800.0,203193000.0
steem,2017-08-25,1.28,1.37,1.26,1.37,1456350.0,306485000
stellar,2017-08-25,0.019036,0.020497,0.018366999999999998,0.020497,6734260.0,212806000
verge,2017-08-25,0.002338,0.0024129999999999998,0.0021579999999999998,0.002227,733213.0,31349000
zcash,2017-08-25,227.9,256.83,227.9,237.86,28281900.0,463553000
bitcoin,2017-08-26,4372.06,4379.28,4269.52,4352.4,1511610000.0,72249100000
bitcoin-cash,2017-08-26,641.88,646.93,622.36,625.32,193414000.0,10616100000.0
bitshares,2017-08-26,0.13759100000000002,0.140007,0.13409100000000002,0.137325,18563600.0,357512000
bytecoin-bcn,2017-08-26,0.0013779999999999999,0.001423,0.001358,0.001401,2155480.0,252554000
dash,2017-08-26,315.28,409.77,315.28,399.85,267415000.0,2369010000
dogecoin,2017-08-26,0.0017870000000000002,0.001797,0.0017350000000000002,0.001778,1935350.0,197996000
ethereum,2017-08-26,331.99,334.99,327.92,333.88,514181000.0,31288300000.0
ethereum-classic,2017-08-26,15.28,15.32,15.11,15.29,41284600.0,1450080000.0
iota,2017-08-26,0.915926,0.970068,0.877886,0.9622129999999999,16623100.0,2545840000
lisk,2017-08-26,4.31,5.9,4.3,5.65,78424100.0,480485000.0
litecoin,2017-08-26,51.17,52.26,50.45,51.75,126024000.0,2692560000
monero,2017-08-26,107.46,148.36,105.28,138.05,301843000.0,1606920000
nano,2017-08-26,0.139388,0.150013,0.132305,0.147619,133153.0,14945300.0
nem,2017-08-26,0.26961999999999997,0.276365,0.260447,0.268393,7902690.0,2426580000
neo,2017-08-26,40.31,40.52,37.7,38.59,41017800.0,2015360000.0
qtum,2017-08-26,13.26,15.89,12.97,15.41,88172500.0,782374000.0
ripple,2017-08-26,0.218256,0.229086,0.21032399999999998,0.212577,184121000.0,8368790000
siacoin,2017-08-26,0.0068379999999999995,0.007352,0.006675,0.007197,4283900.0,197460000.0
steem,2017-08-26,1.38,1.6,1.29,1.53,4297380.0,331668000
stellar,2017-08-26,0.020325,0.021226,0.019013,0.021208,6739770.0,232706000
verge,2017-08-26,0.002271,0.002497,0.002146,0.002433,838230.0,30452800
zcash,2017-08-26,238.72,294.65,236.51,294.65,65866400.0,487257000
bitcoin,2017-08-27,4345.1,4416.59,4317.29,4382.88,1537460000.0,71809200000
bitcoin-cash,2017-08-27,625.89,654.87,589.63,620.9,402718000.0,10357000000.0
bitshares,2017-08-27,0.137913,0.137913,0.13435899999999998,0.13761600000000002,13419600.0,358357000
bytecoin-bcn,2017-08-27,0.001402,0.0016,0.001395,0.001467,2762300.0,256850000
dash,2017-08-27,400.42,400.63,358.23,362.89,121516000.0,3009530000
dogecoin,2017-08-27,0.001779,0.001784,0.001745,0.001759,2241620.0,197144000
ethereum,2017-08-27,334.36,347.89,334.36,347.89,633370000.0,31517500000.0
ethereum-classic,2017-08-27,15.27,16.37,15.26,16.02,150740000.0,1449670000.0
iota,2017-08-27,0.962058,0.979088,0.887365,0.920351,17816000.0,2674070000
lisk,2017-08-27,5.75,7.78,5.75,6.86,120069000.0,641195000.0
litecoin,2017-08-27,51.8,64.44,51.64,61.16,890546000.0,2726990000
monero,2017-08-27,137.59,138.88,124.81,130.68,92742200.0,2057550000
nano,2017-08-27,0.14758,0.169511,0.139923,0.162964,176140.0,15917300.0
nem,2017-08-27,0.27056199999999997,0.28070100000000003,0.264681,0.27464099999999997,8192460.0,2435060000
neo,2017-08-27,38.58,41.23,37.42,40.09,50649600.0,1928770000.0
qtum,2017-08-27,15.42,15.86,14.74,15.7,56474400.0,909788000.0
ripple,2017-08-27,0.212617,0.212617,0.197717,0.202995,193971000.0,8152540000
siacoin,2017-08-27,0.007208,0.008114,0.007069,0.007821,7286210.0,208327000.0
steem,2017-08-27,1.52,1.57,1.4,1.43,2735080.0,365171000
stellar,2017-08-27,0.02112,0.021445,0.019569,0.019785,4308080.0,243160000
verge,2017-08-27,0.002475,0.003961,0.002391,0.0032189999999999996,7841390.0,33182000
zcash,2017-08-27,292.75,292.75,265.37,273.37,35217900.0,599640000
bitcoin,2017-08-28,4384.45,4403.93,4224.64,4382.66,1959330000.0,72467900000
bitcoin-cash,2017-08-28,619.7,626.88,595.52,596.18,216273000.0,10254800000.0
bitshares,2017-08-28,0.138182,0.14446900000000001,0.132575,0.139928,21938300.0,359061000
bytecoin-bcn,2017-08-28,0.001466,0.001702,0.001413,0.001702,2815930.0,268581000
dash,2017-08-28,362.5,369.19,351.24,356.78,57630700.0,2725220000
dogecoin,2017-08-28,0.0017640000000000002,0.001825,0.0017510000000000002,0.001825,3210440.0,195535000
ethereum,2017-08-28,350.04,352.05,338.41,347.75,854319000.0,33002700000.0
ethereum-classic,2017-08-28,16.09,16.46,15.65,15.79,96308800.0,1527600000.0
iota,2017-08-28,0.922464,0.927742,0.784779,0.8751969999999999,24288200.0,2564020000
lisk,2017-08-28,6.86,7.04,5.94,6.31,50753000.0,764780000.0
litecoin,2017-08-28,61.36,64.92,59.87,62.36,556637000.0,3231200000
monero,2017-08-28,130.76,154.58,129.06,145.4,216036000.0,1961250000
nano,2017-08-28,0.162794,0.180671,0.157022,0.167104,207908.0,17558200.0
nem,2017-08-28,0.274706,0.28886799999999996,0.271786,0.27825700000000003,9644680.0,2472360000
neo,2017-08-28,40.23,40.31,37.38,38.45,41401000.0,2011600000.0
qtum,2017-08-28,15.66,16.35,14.86,16.24,82850200.0,923722000.0
ripple,2017-08-28,0.203425,0.23626,0.19660999999999998,0.22450799999999999,542468000.0,7800090000
siacoin,2017-08-28,0.007821,0.008772,0.007349,0.008471,13317000.0,226192000.0
steem,2017-08-28,1.43,1.48,1.35,1.46,2053110.0,341854000
stellar,2017-08-28,0.019862,0.021013999999999998,0.019239,0.020525,6305440.0,229305000
verge,2017-08-28,0.003088,0.0038829999999999997,0.003041,0.003593,5973380.0,41406800
zcash,2017-08-28,273.22,278.38,255.11,274.62,35210000.0,561634000
bitcoin,2017-08-29,4389.21,4625.68,4352.13,4579.02,2486080000.0,72553800000
bitcoin-cash,2017-08-29,596.13,599.3,528.32,552.93,370017000.0,9866110000.0
bitshares,2017-08-29,0.140281,0.142353,0.138078,0.140929,21383200.0,364523000
bytecoin-bcn,2017-08-29,0.001707,0.002001,0.001639,0.0018920000000000002,5462420.0,312733000
dash,2017-08-29,357.16,367.34,354.49,359.55,50014900.0,2685760000
dogecoin,2017-08-29,0.0018219999999999998,0.001924,0.001795,0.0018670000000000002,6879110.0,201934000
ethereum,2017-08-29,347.96,373.76,347.79,370.67,1220030000.0,32813200000.0
ethereum-classic,2017-08-29,15.79,15.99,15.72,15.79,68677500.0,1499090000.0
iota,2017-08-29,0.876892,0.8775780000000001,0.746405,0.8119609999999999,28538500.0,2437350000
lisk,2017-08-29,6.36,6.6,5.66,6.03,42990100.0,709701000.0
litecoin,2017-08-29,62.39,63.29,61.26,63.17,294799000.0,3286610000
monero,2017-08-29,144.24,144.5,128.02,133.03,104869000.0,2163850000
nano,2017-08-29,0.167292,0.167461,0.143859,0.152304,246923.0,18063200.0
nem,2017-08-29,0.28026799999999996,0.28715599999999997,0.278896,0.283717,7845260.0,2522410000
neo,2017-08-29,38.46,38.46,30.69,33.66,168534000.0,1922840000.0
qtum,2017-08-29,16.28,20.04,16.28,19.15,216784000.0,960486000.0
ripple,2017-08-29,0.22402600000000003,0.22592600000000002,0.214867,0.21856399999999998,269770000.0,8590000000
siacoin,2017-08-29,0.008498,0.008728,0.007698,0.007948,11381600.0,246065000.0
steem,2017-08-29,1.46,1.54,1.4,1.43,2376240.0,348987000
stellar,2017-08-29,0.020497,0.020822999999999998,0.019424,0.020104,5990490.0,237355000
verge,2017-08-29,0.003599,0.003785,0.0033619999999999995,0.0035409999999999994,2833480.0,48255200
zcash,2017-08-29,274.68,275.68,265.93,270.3,28596800.0,566591000
bitcoin,2017-08-30,4570.36,4626.52,4471.41,4565.3,1937850000.0,75556600000
bitcoin-cash,2017-08-30,549.32,604.69,535.92,575.21,443856000.0,9092300000.0
bitshares,2017-08-30,0.14055299999999998,0.14839000000000002,0.131692,0.144718,28297600.0,365237000
bytecoin-bcn,2017-08-30,0.001889,0.0027489999999999997,0.001849,0.002672,8499220.0,346226000
dash,2017-08-30,359.59,375.7,358.69,368.34,44586300.0,2704790000
dogecoin,2017-08-30,0.0018620000000000002,0.002151,0.0018170000000000003,0.002105,17500900.0,206446000
ethereum,2017-08-30,369.47,388.75,361.97,378.49,1333320000.0,34848400000.0
ethereum-classic,2017-08-30,15.8,16.06,15.48,15.66,66337400.0,1500740000.0
iota,2017-08-30,0.8127770000000001,0.8782030000000001,0.792339,0.869647,17428100.0,2259140000
lisk,2017-08-30,6.03,6.68,5.36,5.95,45880600.0,673037000.0
litecoin,2017-08-30,63.16,64.21,60.9,64.17,240309000.0,3328240000
monero,2017-08-30,133.84,135.83,124.06,132.38,106543000.0,2008790000
nano,2017-08-30,0.152824,0.173967,0.147538,0.166676,164572.0,16559700.0
nem,2017-08-30,0.282948,0.298444,0.281908,0.295817,8605120.0,2546530000
neo,2017-08-30,33.48,35.84,29.71,33.1,97289600.0,1673910000.0
qtum,2017-08-30,19.05,19.05,14.58,16.84,145512000.0,1124200000.0
ripple,2017-08-30,0.218871,0.229805,0.21747600000000003,0.228006,181186000.0,8392340000
siacoin,2017-08-30,0.007916,0.008508,0.007816,0.008481,7831240.0,229381000.0
steem,2017-08-30,1.42,1.46,1.38,1.45,1613240.0,341438000
stellar,2017-08-30,0.020057,0.021240000000000002,0.019883,0.021224,5836630.0,232392000
verge,2017-08-30,0.0035369999999999998,0.005179,0.0034799999999999996,0.0050880000000000005,5788700.0,47431800
zcash,2017-08-30,270.74,279.51,263.91,271.64,29396300.0,560403000
bitcoin,2017-08-31,4555.59,4736.05,4549.4,4703.39,1944930000.0,75322300000
bitcoin-cash,2017-08-31,576.25,603.69,572.14,588.17,298144000.0,9538750000.0
bitshares,2017-08-31,0.144792,0.149676,0.142954,0.147028,19579900.0,376259000
bytecoin-bcn,2017-08-31,0.002672,0.002709,0.002337,0.002441,5404330.0,489619000
dash,2017-08-31,368.57,380.34,368.18,378.32,34978600.0,2773030000
dogecoin,2017-08-31,0.0021030000000000003,0.00215,0.002017,0.002064,12968400.0,233165000
ethereum,2017-08-31,378.44,386.14,376.35,383.04,706254000.0,35701500000.0
ethereum-classic,2017-08-31,15.68,16.47,15.66,16.38,86584900.0,1489950000.0
iota,2017-08-31,0.869553,0.9020739999999999,0.828224,0.842424,15194300.0,2416950000
lisk,2017-08-31,5.99,7.16,5.92,7.09,43903100.0,668790000.0
litecoin,2017-08-31,64.16,72.28,64.04,71.06,633147000.0,3381750000
monero,2017-08-31,131.95,141.97,131.21,140.41,131974000.0,1980860000
nano,2017-08-31,0.166413,0.178387,0.157684,0.163037,231604.0,18075500.0
nem,2017-08-31,0.295006,0.34917800000000004,0.294677,0.337213,22669900.0,2655060000
neo,2017-08-31,32.93,35.09,32.6,33.16,49957300.0,1646720000.0
qtum,2017-08-31,16.72,18.08,16.69,17.3,76872500.0,986295000.0
ripple,2017-08-31,0.22755799999999998,0.261038,0.22590700000000002,0.25563,432574000.0,8725450000
siacoin,2017-08-31,0.008433,0.008464,0.008204000000000001,0.008333,5294670.0,244570000.0
steem,2017-08-31,1.44,1.56,1.42,1.56,2062230.0,344767000
stellar,2017-08-31,0.021194,0.022502,0.020776,0.022405,5039660.0,245572000
verge,2017-08-31,0.005125,0.007056000000000001,0.004758,0.0063950000000000005,26598600.0,68723700
zcash,2017-08-31,272.12,283.58,268.83,283.29,26913900.0,565218000
bitcoin,2017-09-01,4701.76,4892.01,4678.53,4892.01,2599080000.0,77748400000
bitcoin-cash,2017-09-01,588.4,645.52,586.73,622.17,393839000.0,9740460000.0
bitshares,2017-09-01,0.147221,0.170032,0.144871,0.169329,60662100.0,382578000
bytecoin-bcn,2017-09-01,0.002447,0.002499,0.0022559999999999998,0.002432,5040650.0,448360000
dash,2017-09-01,377.92,393.35,376.34,393.35,55440700.0,2844110000
dogecoin,2017-09-01,0.002064,0.002543,0.002049,0.002543,16681400.0,228828000
ethereum,2017-09-01,383.47,390.04,383.47,387.74,874222000.0,36182900000.0
ethereum-classic,2017-09-01,16.4,22.45,16.32,21.94,821440000.0,1559510000.0
iota,2017-09-01,0.842867,0.8791,0.768119,0.807778,28047000.0,2342770000
lisk,2017-09-01,7.16,8.21,7.16,7.41,60253600.0,799062000.0
litecoin,2017-09-01,70.86,87.41,70.01,86.04,1551740000.0,3735870000
monero,2017-09-01,140.65,150.09,136.49,141.2,163961000.0,2112260000
nano,2017-09-01,0.16299,0.170096,0.154139,0.170096,179508.0,17764600.0
nem,2017-09-01,0.336602,0.33778,0.312575,0.33231,12082700.0,3029420000
neo,2017-09-01,33.17,33.57,28.87,32.01,75418900.0,1658680000.0
qtum,2017-09-01,17.3,18.47,16.94,18.26,73618500.0,1020980000.0
ripple,2017-09-01,0.255803,0.256162,0.243833,0.248479,283576000.0,9808460000
siacoin,2017-09-01,0.008394,0.008968,0.008162,0.008824,8636340.0,243667000.0
steem,2017-09-01,1.56,1.62,1.52,1.59,1909350.0,374774000
stellar,2017-09-01,0.022338,0.024472,0.021455000000000002,0.023954,8806440.0,370517000
verge,2017-09-01,0.006396,0.006552,0.004953,0.005311,12679900.0,85762100
zcash,2017-09-01,283.81,308.75,281.1,305.11,45352800.0,591510000
bitcoin,2017-09-02,4901.42,4975.04,4469.24,4578.77,2722140000.0,81060600000
bitcoin-cash,2017-09-02,621.96,642.05,560.58,575.9,350478000.0,10297000000.0
bitshares,2017-09-02,0.170022,0.183541,0.140757,0.148976,70518200.0,441839000
bytecoin-bcn,2017-09-02,0.002404,0.002451,0.001984,0.0020239999999999998,4686220.0,440560000
dash,2017-09-02,393.53,395.92,329.27,350.17,54813400.0,2962400000
dogecoin,2017-09-02,0.0025570000000000002,0.0027010000000000003,0.002133,0.002226,23789600.0,283530000
ethereum,2017-09-02,387.82,389.35,328.1,348.98,1483600000.0,36601200000.0
ethereum-classic,2017-09-02,22.04,23.68,18.18,20.08,648787000.0,2096550000.0
iota,2017-09-02,0.79656,0.8024640000000001,0.6580060000000001,0.695547,39333900.0,2214060000
lisk,2017-09-02,7.4,7.43,6.36,6.72,27494000.0,826520000.0
litecoin,2017-09-02,85.83,92.07,72.23,79.02,1363990000.0,4526680000
monero,2017-09-02,141.35,141.4,121.96,124.8,128849000.0,2123430000
nano,2017-09-02,0.16741199999999998,0.175425,0.147804,0.151971,94643.0,18292500.0
nem,2017-09-02,0.331627,0.332056,0.283507,0.29588400000000004,9560410.0,2984640000
neo,2017-09-02,31.69,34.81,28.55,31.72,92722600.0,1584390000.0
qtum,2017-09-02,18.26,19.06,15.51,16.39,123479000.0,1077370000.0
ripple,2017-09-02,0.24934800000000001,0.24968,0.21777399999999997,0.226669,329928000.0,9560940000
siacoin,2017-09-02,0.008801,0.009493999999999999,0.008043000000000002,0.008397,17592900.0,255711000.0
steem,2017-09-02,1.59,1.61,1.26,1.34,2011900.0,382583000
stellar,2017-09-02,0.024058,0.024326,0.020413,0.020837,6551880.0,399054000
verge,2017-09-02,0.0053170000000000005,0.005626,0.00487,0.0049310000000000005,4094770.0,71300300
zcash,2017-09-02,304.72,307.83,246.19,254.03,52498700.0,637301000
bitcoin,2017-09-03,4585.27,4714.08,4417.59,4582.96,1933190000.0,75841700000
bitcoin-cash,2017-09-03,578.27,617.41,563.59,607.43,344862000.0,9574520000.0
bitshares,2017-09-03,0.14876099999999998,0.151354,0.13463699999999998,0.14144,16930500.0,386596000
bytecoin-bcn,2017-09-03,0.002015,0.0022489999999999997,0.001935,0.0021809999999999998,3397460.0,369198000
dash,2017-09-03,354.63,373.08,338.23,356.39,34945200.0,2670270000
dogecoin,2017-09-03,0.002263,0.002326,0.00209,0.002153,8700780.0,250960000
ethereum,2017-09-03,350.23,366.49,332.23,347.48,986266000.0,33059800000.0
ethereum-classic,2017-09-03,20.18,20.47,18.07,18.57,221986000.0,1920050000.0
iota,2017-09-03,0.698855,0.775863,0.67285,0.7439680000000001,29504600.0,1942490000
lisk,2017-09-03,6.74,7.25,6.28,7.08,18028700.0,752985000.0
litecoin,2017-09-03,78.98,82.83,73.61,76.84,675462000.0,4166600000
monero,2017-09-03,124.93,129.29,115.74,126.01,92631100.0,1877380000
nano,2017-09-03,0.152048,0.16425599999999999,0.144284,0.152921,81030.0,16613800.0
nem,2017-09-03,0.29817,0.320628,0.285382,0.307264,7413990.0,2683530000
neo,2017-09-03,31.77,32.65,28.58,30.32,43232300.0,1588690000.0
qtum,2017-09-03,16.41,16.74,14.19,15.29,98105400.0,967971000.0
ripple,2017-09-03,0.227229,0.236443,0.218662,0.22881100000000001,186526000.0,8712840000
siacoin,2017-09-03,0.008326,0.008833,0.007638,0.008434,7069160.0,242127000.0
steem,2017-09-03,1.36,1.44,1.28,1.39,873348.0,327271000
stellar,2017-09-03,0.020812999999999998,0.021904,0.020297,0.021296000000000002,2524130.0,345215000
verge,2017-09-03,0.004934,0.0062840000000000005,0.004934,0.005725,6188560.0,66162800
zcash,2017-09-03,254.76,268.54,242.55,260.09,34128900.0,534636000
bitcoin,2017-09-04,4591.63,4591.63,4108.4,4236.31,2987330000.0,75955500000
bitcoin-cash,2017-09-04,608.26,608.26,500.75,517.24,328957000.0,10072200000.0
bitshares,2017-09-04,0.14151,0.14151,0.105826,0.110996,31227600.0,367758000
bytecoin-bcn,2017-09-04,0.002194,0.0022,0.0017629999999999998,0.0018809999999999999,3569230.0,402078000
dash,2017-09-04,356.94,357.21,301.84,316.13,44170200.0,2689920000
dogecoin,2017-09-04,0.002169,0.002169,0.001721,0.001786,11195900.0,240619000
ethereum,2017-09-04,347.13,347.13,279.94,295.17,1801690000.0,32774000000.0
ethereum-classic,2017-09-04,18.54,18.71,15.37,15.84,243535000.0,1764650000.0
iota,2017-09-04,0.744257,0.744257,0.40679499999999996,0.566472,74601300.0,2068680000
lisk,2017-09-04,7.05,7.05,5.07,5.86,30177000.0,788396000.0
litecoin,2017-09-04,76.73,76.73,61.24,65.21,922041000.0,4049140000
monero,2017-09-04,126.23,126.23,101.73,106.17,89194700.0,1897480000
nano,2017-09-04,0.152973,0.153082,0.109248,0.124473,158134.0,16714800.0
nem,2017-09-04,0.307735,0.310661,0.256488,0.27321999999999996,9299200.0,2769620000
neo,2017-09-04,30.44,30.44,17.4,21.83,189917000.0,1522090000.0
qtum,2017-09-04,15.29,15.44,10.22,10.98,161203000.0,902407000.0
ripple,2017-09-04,0.22878099999999998,0.22878099999999998,0.19596,0.20496799999999998,239613000.0,8772340000
siacoin,2017-09-04,0.00845,0.00845,0.006136,0.006659,9037270.0,245931000.0
steem,2017-09-04,1.39,1.4,1.1,1.17,1699020.0,333310000
stellar,2017-09-04,0.02131,0.021339,0.01669,0.017625,6341980.0,353461000
verge,2017-09-04,0.005726,0.0062640000000000005,0.004751,0.005827000000000001,8473250.0,76788400
zcash,2017-09-04,260.66,260.66,199.72,218.34,41954600.0,548884000
bitcoin,2017-09-05,4228.29,4427.84,3998.11,4376.53,2697970000.0,69954400000
bitcoin-cash,2017-09-05,514.9,550.95,458.78,541.71,338978000.0,8527100000.0
bitshares,2017-09-05,0.11089,0.124277,0.090442,0.122084,34836500.0,288188000
bytecoin-bcn,2017-09-05,0.0018899999999999998,0.001984,0.001655,0.001947,3081520.0,346277000
dash,2017-09-05,316.88,333.83,286.53,327.23,53928800.0,2388710000
dogecoin,2017-09-05,0.0018,0.001943,0.0015400000000000001,0.0019079999999999998,11565200.0,199722000
ethereum,2017-09-05,297.57,318.57,268.29,312.99,1551050000.0,28100000000.0
ethereum-classic,2017-09-05,15.82,16.85,14.3,16.58,218190000.0,1506490000.0
iota,2017-09-05,0.544132,0.646085,0.468949,0.613085,45817500.0,1512430000
lisk,2017-09-05,5.86,6.21,5.1,6.08,30894900.0,655141000.0
litecoin,2017-09-05,65.25,72.44,59.05,71.29,1016090000.0,3444150000
monero,2017-09-05,106.75,122.63,95.81,118.82,113378000.0,1605070000
nano,2017-09-05,0.125083,0.144046,0.112452,0.13101500000000002,89837.0,13673700.0
nem,2017-09-05,0.276383,0.292048,0.250638,0.286227,7635410.0,2487450000
neo,2017-09-05,21.88,23.85,18.93,22.8,91402300.0,1093860000.0
qtum,2017-09-05,11.07,12.07,8.77,11.71,218917000.0,653177000.0
ripple,2017-09-05,0.20511,0.21867399999999998,0.19023199999999998,0.215189,242636000.0,7864700000
siacoin,2017-09-05,0.006684999999999999,0.007537,0.005876,0.007344,5254060.0,194745000.0
steem,2017-09-05,1.19,1.4,1.06,1.34,1378700.0,285611000
stellar,2017-09-05,0.017856999999999998,0.019062,0.01598,0.018567,5204660.0,296191000
verge,2017-09-05,0.005856,0.007790000000000001,0.005227000000000001,0.006843000000000001,22165900.0,78525000
zcash,2017-09-05,219.36,234.42,197.06,226.88,31113600.0,463446000
bitcoin,2017-09-06,4376.59,4617.25,4376.59,4597.12,2172100000.0,72418700000
bitcoin-cash,2017-09-06,541.28,642.69,539.96,638.18,693240000.0,8964700000.0
bitshares,2017-09-06,0.12208599999999999,0.16014,0.12012,0.16014,64086000.0,317291000
bytecoin-bcn,2017-09-06,0.001947,0.002114,0.001939,0.0020280000000000003,2130580.0,356724000
dash,2017-09-06,328.15,348.45,326.95,347.17,35294300.0,2474300000
dogecoin,2017-09-06,0.001912,0.002042,0.001865,0.002019,11077100.0,212082000
ethereum,2017-09-06,313.8,334.66,313.49,334.34,1058830000.0,29639100000.0
ethereum-classic,2017-09-06,16.59,19.02,16.59,19.02,228007000.0,1579610000.0
iota,2017-09-06,0.613529,0.7491720000000001,0.601484,0.741663,33093300.0,1705320000
lisk,2017-09-06,6.1,7.03,6.08,6.96,27895300.0,682025000.0
litecoin,2017-09-06,71.78,80.64,71.51,80.11,830718000.0,3789670000
monero,2017-09-06,118.78,122.31,114.32,121.63,64604400.0,1786650000
nano,2017-09-06,0.131165,0.145763,0.130056,0.14242,75975.0,14365300.0
nem,2017-09-06,0.287124,0.314433,0.287124,0.30194099999999996,4629700.0,2584110000
neo,2017-09-06,22.97,24.32,20.3,21.36,77746300.0,1148320000.0
qtum,2017-09-06,11.73,12.49,10.34,11.4,141347000.0,691921000.0
ripple,2017-09-06,0.21495100000000003,0.22685999999999998,0.21480500000000002,0.22618600000000003,163297000.0,8242060000
siacoin,2017-09-06,0.007370999999999999,0.008421,0.0073219999999999995,0.008119,7677680.0,214906000.0
steem,2017-09-06,1.33,1.65,1.33,1.56,2665210.0,320970000
stellar,2017-09-06,0.018580000000000003,0.020887,0.018580000000000003,0.020346,4741770.0,308182000
verge,2017-09-06,0.00672,0.007867,0.00672,0.007867,9241650.0,90108200
zcash,2017-09-06,227.81,248.71,225.62,247.01,29252500.0,482953000
bitcoin,2017-09-07,4589.14,4655.04,4491.33,4599.88,1844620000.0,75945000000
bitcoin-cash,2017-09-07,636.85,707.98,603.5,652.86,1082380000.0,10548500000.0
bitshares,2017-09-07,0.159343,0.159452,0.14138900000000001,0.14266099999999998,37901600.0,414112000
bytecoin-bcn,2017-09-07,0.002026,0.002036,0.0019579999999999997,0.001979,2237960.0,371206000
dash,2017-09-07,346.45,347.57,333.8,343.91,24715700.0,2612980000
dogecoin,2017-09-07,0.002016,0.002016,0.0019199999999999998,0.001927,7589980.0,223683000
ethereum,2017-09-07,333.52,333.52,319.94,329.43,718624000.0,31507500000.0
ethereum-classic,2017-09-07,19.01,19.01,17.64,17.81,187201000.0,1810900000.0
iota,2017-09-07,0.739668,0.739668,0.622366,0.6457579999999999,31377000.0,2055930000
lisk,2017-09-07,6.94,7.61,6.69,7.48,28437300.0,776071000.0
litecoin,2017-09-07,79.88,81.06,75.59,78.48,526829000.0,4218690000
monero,2017-09-07,121.39,124.76,116.6,120.84,62655700.0,1826360000
nano,2017-09-07,0.142188,0.144868,0.125554,0.125833,114017.0,15637900.0
nem,2017-09-07,0.301906,0.301906,0.289956,0.293376,4079350.0,2717150000
neo,2017-09-07,21.3,33.55,20.54,30.78,214001000.0,1065110000.0
qtum,2017-09-07,11.4,14.77,10.69,14.74,195986000.0,672888000.0
ripple,2017-09-07,0.22638200000000003,0.22721,0.21961799999999998,0.22364,103080000.0,8680360000
siacoin,2017-09-07,0.008144,0.008148,0.007369,0.0076359999999999996,4824290.0,237681000.0
steem,2017-09-07,1.55,1.7,1.51,1.56,2782790.0,373000000
stellar,2017-09-07,0.020353,0.020655,0.019433000000000002,0.020096,3784650.0,337593000
verge,2017-09-07,0.007761,0.007807,0.0070680000000000005,0.007367,5787040.0,104077000
zcash,2017-09-07,247.8,250.15,236.8,247.31,27100600.0,527118000
bitcoin,2017-09-08,4605.16,4661.0,4075.18,4228.75,2700890000.0,76220200000
bitcoin-cash,2017-09-08,654.37,687.3,557.5,583.1,809763000.0,10840500000.0
bitshares,2017-09-08,0.142939,0.142939,0.102576,0.110796,54300000.0,371487000
bytecoin-bcn,2017-09-08,0.001989,0.002001,0.00164,0.0017079999999999999,2064260.0,364480000
dash,2017-09-08,343.53,368.17,317.95,333.21,63012500.0,2591570000
dogecoin,2017-09-08,0.00193,0.001956,0.001533,0.001596,10583000.0,214193000
ethereum,2017-09-08,329.64,329.64,285.16,296.5,1098780000.0,31147200000.0
ethereum-classic,2017-09-08,17.86,18.09,14.7,15.2,269884000.0,1701770000.0
iota,2017-09-08,0.648249,0.660258,0.490346,0.540475,48691600.0,1801830000
lisk,2017-09-08,7.48,8.04,6.38,6.91,38000900.0,836843000.0
litecoin,2017-09-08,78.45,80.13,63.83,67.79,930673000.0,4144630000
monero,2017-09-08,120.28,132.57,113.3,118.04,159066000.0,1810210000
nano,2017-09-08,0.125969,0.137512,0.108232,0.12365599999999999,103602.0,13854100.0
nem,2017-09-08,0.29297399999999996,0.300808,0.255711,0.26864099999999996,6704690.0,2636760000
neo,2017-09-08,30.59,30.59,22.41,24.86,112252000.0,1529630000.0
qtum,2017-09-08,14.74,16.07,12.44,13.5,294169000.0,869878000.0
ripple,2017-09-08,0.223615,0.22430799999999998,0.206103,0.21151799999999998,151329000.0,8574260000
siacoin,2017-09-08,0.0076230000000000004,0.00765,0.0058909999999999995,0.006097999999999999,7223270.0,222687000.0
steem,2017-09-08,1.56,1.61,1.25,1.37,1853200.0,375501000
stellar,2017-09-08,0.020058000000000003,0.020347,0.016905,0.017447,5110680.0,332706000
verge,2017-09-08,0.007368,0.007875,0.006439,0.006869,5065190.0,98806000
zcash,2017-09-08,247.4,247.4,206.16,213.99,30849900.0,528046000
bitcoin,2017-09-09,4229.81,4308.82,4114.11,4226.06,1386230000.0,70017200000
bitcoin-cash,2017-09-09,584.73,586.18,539.15,547.47,234578000.0,9688150000.0
bitshares,2017-09-09,0.11058,0.116301,0.104782,0.111051,28831000.0,287392000
bytecoin-bcn,2017-09-09,0.0017120000000000002,0.001757,0.001674,0.001757,2884290.0,313757000
dash,2017-09-09,334.95,335.13,313.69,323.14,23244600.0,2527540000
dogecoin,2017-09-09,0.001586,0.001645,0.001534,0.001568,6441030.0,176045000
ethereum,2017-09-09,296.17,299.89,287.22,294.4,528621000.0,27990500000.0
ethereum-classic,2017-09-09,15.14,15.68,14.57,14.89,131722000.0,1443530000.0
iota,2017-09-09,0.525939,0.583964,0.5248229999999999,0.560809,15317400.0,1461860000
lisk,2017-09-09,6.92,7.1,6.53,6.9,13627500.0,775342000.0
litecoin,2017-09-09,67.21,69.55,64.01,66.01,467895000.0,3551950000
monero,2017-09-09,118.19,119.73,113.17,116.27,39220400.0,1779350000
nano,2017-09-09,0.123868,0.124296,0.11190499999999999,0.12197999999999999,60010.0,13639800.0
nem,2017-09-09,0.267915,0.275212,0.25597,0.267264,4871730.0,2411240000
neo,2017-09-09,24.63,24.63,21.55,21.96,47199500.0,1231580000.0
qtum,2017-09-09,13.4,13.63,12.46,13.32,99008100.0,790322000.0
ripple,2017-09-09,0.21129299999999998,0.211892,0.206395,0.209995,51185500.0,8101800000
siacoin,2017-09-09,0.006147,0.006147,0.005833,0.005963,2345400.0,179724000.0
steem,2017-09-09,1.37,1.45,1.3,1.4,761038.0,329790000
stellar,2017-09-09,0.017521000000000002,0.017738999999999998,0.01658,0.017095,2461230.0,290623000
verge,2017-09-09,0.006840000000000001,0.007106,0.006603,0.006945000000000001,2019310.0,91718200
zcash,2017-09-09,213.95,215.73,204.87,213.79,24960900.0,458172000
bitcoin,2017-09-10,4229.34,4245.44,3951.04,4122.94,1679090000.0,70018100000
bitcoin-cash,2017-09-10,546.48,546.75,484.09,537.07,289508000.0,9055430000.0
bitshares,2017-09-10,0.11070799999999999,0.111198,0.09249299999999999,0.101345,28820800.0,287729000
bytecoin-bcn,2017-09-10,0.00175,0.0017519999999999999,0.001534,0.001565,2796420.0,320682000
dash,2017-09-10,323.24,323.24,295.86,320.11,27435400.0,2439780000
dogecoin,2017-09-10,0.001573,0.0015810000000000002,0.001254,0.001395,10036300.0,174632000
ethereum,2017-09-10,294.06,294.76,268.97,288.75,698326000.0,27797200000.0
ethereum-classic,2017-09-10,14.84,14.86,12.43,13.66,210528000.0,1415090000.0
iota,2017-09-10,0.561304,0.56787,0.462834,0.49560699999999996,32733100.0,1560160000
lisk,2017-09-10,6.91,6.93,6.18,6.57,13946200.0,773807000.0
litecoin,2017-09-10,65.8,65.95,57.06,61.61,529848000.0,3478400000
monero,2017-09-10,115.64,115.77,103.17,112.33,50725200.0,1741490000
nano,2017-09-10,0.12274600000000001,0.12274600000000001,0.103805,0.11099300000000001,66639.0,13566400.0
nem,2017-09-10,0.266973,0.26714899999999997,0.241617,0.256975,6543570.0,2402760000
neo,2017-09-10,21.76,23.64,19.37,22.75,54002500.0,1088180000.0
qtum,2017-09-10,13.27,13.34,11.38,12.78,172687000.0,783150000.0
ripple,2017-09-10,0.209606,0.216529,0.197605,0.213031,117091000.0,8037080000
siacoin,2017-09-10,0.005943,0.00604,0.005370000000000001,0.005716,2715170.0,173942000.0
steem,2017-09-10,1.4,1.42,1.24,1.32,1089070.0,336600000
stellar,2017-09-10,0.017109,0.017193,0.015628,0.016269,3452690.0,283785000
verge,2017-09-10,0.006886,0.008320999999999999,0.006665000000000001,0.007962,11644000.0,92331100
zcash,2017-09-10,213.3,220.22,195.84,212.91,26701400.0,458304000
bitcoin,2017-09-11,4122.47,4261.67,4099.4,4161.27,1557330000.0,68256000000
bitcoin-cash,2017-09-11,537.19,556.25,515.67,537.81,274712000.0,8902570000.0
bitshares,2017-09-11,0.101733,0.11631,0.09987599999999999,0.11317,35752100.0,264408000
bytecoin-bcn,2017-09-11,0.0015630000000000002,0.001797,0.0015220000000000001,0.0017670000000000001,3027920.0,286422000
dash,2017-09-11,322.02,332.12,315.91,318.4,25159900.0,2431230000
dogecoin,2017-09-11,0.001397,0.001505,0.001387,0.001463,6644960.0,155068000
ethereum,2017-09-11,289.75,300.69,286.69,294.53,571307000.0,27394400000.0
ethereum-classic,2017-09-11,13.62,14.83,13.53,14.61,142588000.0,1299470000.0
iota,2017-09-11,0.49838000000000005,0.5582729999999999,0.481498,0.5582729999999999,23660500.0,1385260000
lisk,2017-09-11,6.56,6.92,6.53,6.7,14443300.0,735418000.0
litecoin,2017-09-11,61.65,67.23,61.37,66.04,412076000.0,3259510000
monero,2017-09-11,113.05,116.24,110.47,112.75,30605900.0,1702970000
nano,2017-09-11,0.110805,0.112652,0.095309,0.104886,113319.0,12291800.0
nem,2017-09-11,0.25601599999999997,0.269572,0.250612,0.25202600000000003,3639410.0,2304150000
neo,2017-09-11,22.68,23.97,21.7,21.88,27835300.0,1133790000.0
qtum,2017-09-11,12.64,14.79,12.55,14.28,165283000.0,745787000.0
ripple,2017-09-11,0.212513,0.220057,0.210353,0.214441,138339000.0,8148560000
siacoin,2017-09-11,0.005683,0.005954999999999999,0.005397,0.0058579999999999995,2993330.0,166471000.0
steem,2017-09-11,1.32,1.36,1.21,1.23,850268.0,317685000
stellar,2017-09-11,0.016276,0.017649,0.015954,0.016993,3903590.0,269966000
verge,2017-09-11,0.007948,0.008172,0.0073560000000000006,0.0075780000000000005,6125920.0,106575000
zcash,2017-09-11,212.19,216.16,205.6,208.77,22339400.0,457445000
bitcoin,2017-09-12,4168.88,4344.65,4085.22,4130.81,1864530000.0,69033400000
bitcoin-cash,2017-09-12,539.03,559.22,505.01,510.41,273825000.0,8934220000.0
bitshares,2017-09-12,0.11321500000000001,0.131028,0.11283499999999999,0.120208,58264100.0,294250000
bytecoin-bcn,2017-09-12,0.001773,0.001893,0.001715,0.001772,3341040.0,324981000
dash,2017-09-12,318.42,328.6,318.42,325.97,27190400.0,2404680000
dogecoin,2017-09-12,0.001465,0.001578,0.0014349999999999999,0.00144,8575960.0,162702000
ethereum,2017-09-12,294.63,311.19,287.23,291.46,753144000.0,27861800000.0
ethereum-classic,2017-09-12,14.67,15.65,14.28,14.44,167338000.0,1399560000.0
iota,2017-09-12,0.561696,0.647193,0.557297,0.591949,43345900.0,1561250000
lisk,2017-09-12,6.75,7.25,6.7,7.02,22441800.0,756698000.0
litecoin,2017-09-12,66.24,70.25,63.86,64.23,481218000.0,3503300000
monero,2017-09-12,112.72,115.69,110.49,111.89,40402700.0,1698640000
nano,2017-09-12,0.104986,0.108768,0.09273200000000001,0.097107,109027.0,11681100.0
nem,2017-09-12,0.25144299999999997,0.26675,0.246736,0.249074,3902820.0,2262990000
neo,2017-09-12,21.87,23.6,19.86,20.97,40702300.0,1093590000.0
qtum,2017-09-12,14.38,15.31,12.86,13.51,156187000.0,848364000.0
ripple,2017-09-12,0.21486,0.220623,0.207608,0.20930300000000002,94519500.0,8238550000
siacoin,2017-09-12,0.005853,0.006296,0.005654,0.005721,3539640.0,171624000.0
steem,2017-09-12,1.23,1.32,1.19,1.22,889780.0,297264000
stellar,2017-09-12,0.017013999999999998,0.017677000000000002,0.016036,0.016324,3189200.0,282216000
verge,2017-09-12,0.007585,0.007934,0.006811,0.0070030000000000005,6703720.0,101713000
zcash,2017-09-12,207.9,221.41,203.27,207.77,26344600.0,449686000
bitcoin,2017-09-13,4131.98,4131.98,3789.92,3882.59,2219410000.0,68432200000
bitcoin-cash,2017-09-13,509.47,519.2,471.22,503.61,340344000.0,8445540000.0
bitshares,2017-09-13,0.119708,0.119905,0.10619100000000001,0.113004,25851900.0,311125000
bytecoin-bcn,2017-09-13,0.001766,0.001766,0.001446,0.001544,2823280.0,323600000
dash,2017-09-13,324.72,325.16,287.25,301.29,28322500.0,2452930000
dogecoin,2017-09-13,0.001442,0.001442,0.001333,0.001398,4788820.0,160088000
ethereum,2017-09-13,291.12,291.12,260.61,277.11,921692000.0,27535700000.0
ethereum-classic,2017-09-13,14.45,14.45,13.67,14.11,103257000.0,1379350000.0
iota,2017-09-13,0.592512,0.595366,0.47934899999999997,0.55682,31807500.0,1646910000
lisk,2017-09-13,7.02,7.06,6.25,6.57,17763300.0,787616000.0
litecoin,2017-09-13,64.32,64.6,58.93,61.73,501522000.0,3402820000
monero,2017-09-13,111.81,113.16,102.39,111.33,88162900.0,1685390000
nano,2017-09-13,0.09678300000000001,0.097609,0.085646,0.086454,78466.0,10807900.0
nem,2017-09-13,0.24799899999999997,0.248191,0.21085500000000001,0.233825,9181580.0,2231990000
neo,2017-09-13,20.83,21.29,17.8,20.06,37258400.0,1041450000.0
qtum,2017-09-13,13.45,13.53,11.6,11.94,185348000.0,793825000.0
ripple,2017-09-13,0.20963,0.20967399999999997,0.196179,0.20077799999999998,105471000.0,8038030000
siacoin,2017-09-13,0.00573,0.005787,0.0052770000000000004,0.005634,2696590.0,168146000.0
steem,2017-09-13,1.22,1.32,1.08,1.23,1150290.0,294325000
stellar,2017-09-13,0.016198,0.016301,0.014656,0.015328,2671500.0,268670000
verge,2017-09-13,0.007018000000000001,0.007028,0.005525,0.0064329999999999995,5005870.0,94104000
zcash,2017-09-13,207.34,208.14,183.33,197.22,32634000.0,449957000
bitcoin,2017-09-14,3875.37,3920.6,3153.86,3154.95,2716310000.0,64191600000
bitcoin-cash,2017-09-14,504.22,510.47,367.04,367.04,257431000.0,8359650000.0
bitshares,2017-09-14,0.112633,0.114876,0.07637999999999999,0.07637999999999999,35190400.0,292752000
bytecoin-bcn,2017-09-14,0.001547,0.001572,0.0011710000000000002,0.001194,2712480.0,283490000
dash,2017-09-14,301.11,303.74,236.24,236.24,35013800.0,2275100000
dogecoin,2017-09-14,0.001384,0.001397,0.0008539999999999999,0.0008539999999999999,13435300.0,153663000
ethereum,2017-09-14,276.59,280.84,213.91,213.91,1184590000.0,26166100000.0
ethereum-classic,2017-09-14,14.05,14.24,9.0,9.13,220330000.0,1341200000.0
iota,2017-09-14,0.565841,0.57363,0.44501899999999994,0.44501899999999994,25946400.0,1572770000
lisk,2017-09-14,6.55,6.66,4.31,4.36,22776700.0,734755000.0
litecoin,2017-09-14,61.64,62.43,41.25,41.58,749714000.0,3261960000
monero,2017-09-14,111.29,120.39,82.65,83.04,133553000.0,1678110000
nano,2017-09-14,0.090187,0.092525,0.075237,0.080157,54109.0,10108100.0
nem,2017-09-14,0.23372300000000001,0.236688,0.16425399999999998,0.16425399999999998,7570880.0,2103510000
neo,2017-09-14,20.08,20.75,14.95,15.69,42221500.0,1004180000.0
qtum,2017-09-14,11.94,12.18,7.6,7.6,137040000.0,704415000.0
ripple,2017-09-14,0.200427,0.20201,0.164167,0.164167,152533000.0,7685140000
siacoin,2017-09-14,0.005649,0.005715,0.003693,0.003693,2871720.0,165905000.0
steem,2017-09-14,1.25,1.29,0.976507,0.9945430000000001,1193010.0,301092000
stellar,2017-09-14,0.015355,0.01555,0.011038,0.011038,4609450.0,254686000
verge,2017-09-14,0.006358,0.006520000000000001,0.004644,0.0047,3234950.0,85254200
zcash,2017-09-14,197.68,204.79,158.83,158.88,35524600.0,430379000
bitcoin,2017-09-15,3166.3,3733.45,2946.62,3637.52,4148070000.0,52453500000
bitcoin-cash,2017-09-15,369.49,448.39,301.69,424.02,707231000.0,6126800000.0
bitshares,2017-09-15,0.076981,0.087055,0.047564999999999996,0.075739,88607000.0,200090000
bytecoin-bcn,2017-09-15,0.001201,0.0013460000000000002,0.000935,0.0013039999999999998,3224320.0,220046000
dash,2017-09-15,236.05,300.11,220.51,284.36,72695500.0,1784040000
dogecoin,2017-09-15,0.000852,0.00095,0.0006259999999999999,0.000865,21413000.0,94627800
ethereum,2017-09-15,215.22,258.65,195.03,250.46,1935700000.0,20364900000.0
ethereum-classic,2017-09-15,9.09,11.2,7.67,10.24,434921000.0,868471000.0
iota,2017-09-15,0.4457,0.509332,0.372595,0.48051000000000005,41983100.0,1238840000
lisk,2017-09-15,4.47,5.76,4.05,5.58,28816500.0,501457000.0
litecoin,2017-09-15,41.69,50.65,32.03,48.21,1554340000.0,2206520000
monero,2017-09-15,83.13,103.69,73.17,99.85,176154000.0,1253940000
nano,2017-09-15,0.080488,0.086548,0.061997000000000003,0.08126699999999999,97624.0,9053840.0
nem,2017-09-15,0.164483,0.22035700000000003,0.162399,0.211752,13231800.0,1480350000
neo,2017-09-15,15.81,19.12,13.32,18.74,50811700.0,790612000.0
qtum,2017-09-15,7.72,9.31,5.91,8.47,242984000.0,455212000.0
ripple,2017-09-15,0.165035,0.189184,0.150973,0.181358,289414000.0,6328090000
siacoin,2017-09-15,0.00373,0.004009,0.003146,0.0037310000000000004,6115970.0,109648000.0
steem,2017-09-15,0.9908170000000001,1.22,0.902496,1.14,1644810.0,239282000
stellar,2017-09-15,0.011129,0.012570999999999999,0.0068920000000000006,0.012095999999999999,11877600.0,184601000
verge,2017-09-15,0.004673,0.005604,0.003166,0.005318,7011850.0,62663300
zcash,2017-09-15,159.08,183.41,138.69,181.06,45620000.0,347512000
bitcoin,2017-09-16,3637.75,3808.84,3487.79,3625.04,1818400000.0,60271600000
bitcoin-cash,2017-09-16,424.49,450.98,388.2,440.22,313583000.0,7039590000.0
bitshares,2017-09-16,0.075281,0.082496,0.066836,0.07231599999999999,38460900.0,195675000
bytecoin-bcn,2017-09-16,0.001301,0.001396,0.001193,0.001259,2647070.0,238449000
dash,2017-09-16,284.5,301.23,276.57,298.86,43702600.0,2150800000
dogecoin,2017-09-16,0.000848,0.000921,0.0007740000000000001,0.000867,13242000.0,94157100
ethereum,2017-09-16,250.87,262.59,238.22,246.52,711737000.0,23742600000.0
ethereum-classic,2017-09-16,10.24,11.19,9.62,9.93,146996000.0,978667000.0
iota,2017-09-16,0.47938500000000006,0.510361,0.45323199999999997,0.48723900000000003,13452000.0,1332470000
lisk,2017-09-16,5.58,5.82,5.15,5.56,11270000.0,626333000.0
litecoin,2017-09-16,48.13,52.83,46.46,48.26,562278000.0,2548580000
monero,2017-09-16,100.11,106.12,91.41,95.29,71163500.0,1510430000
nano,2017-09-16,0.081076,0.088337,0.076012,0.078238,38454.0,9153100.0
nem,2017-09-16,0.211927,0.225758,0.19476,0.207831,5334960.0,1907340000
neo,2017-09-16,18.75,22.98,18.5,20.76,50210000.0,937288000.0
qtum,2017-09-16,8.49,8.97,7.44,8.25,97992200.0,500809000.0
ripple,2017-09-16,0.181925,0.187417,0.172279,0.179082,84495200.0,6975690000
siacoin,2017-09-16,0.003722,0.004359,0.003701,0.004298,5597830.0,109484000.0
steem,2017-09-16,1.17,1.19,1.04,1.12,769713.0,283257000
stellar,2017-09-16,0.012047,0.012473999999999999,0.010492,0.011699,3639010.0,199831000
verge,2017-09-16,0.005267,0.006628,0.00521,0.005909,4272440.0,70624900
zcash,2017-09-16,181.1,184.53,165.55,172.46,22550100.0,396908000
bitcoin,2017-09-17,3606.28,3664.81,3445.64,3582.88,1239150000.0,59757800000
bitcoin-cash,2017-09-17,438.9,438.9,384.06,419.86,221828000.0,7279520000.0
bitshares,2017-09-17,0.072132,0.073378,0.062654,0.071629,15922100.0,187491000
bytecoin-bcn,2017-09-17,0.00126,0.001335,0.001196,0.001276,1661710.0,230864000
dash,2017-09-17,298.59,315.58,278.17,313.84,38081600.0,2257850000
dogecoin,2017-09-17,0.000867,0.000868,0.000767,0.0008529999999999999,6776550.0,96331000
ethereum,2017-09-17,245.85,257.0,235.24,251.75,427452000.0,23272500000.0
ethereum-classic,2017-09-17,9.92,10.21,9.46,10.02,55522700.0,948141000.0
iota,2017-09-17,0.48475799999999997,0.505875,0.462614,0.497046,7574760.0,1347400000
lisk,2017-09-17,5.55,5.69,5.05,5.57,8040870.0,622974000.0
litecoin,2017-09-17,48.23,49.88,45.12,48.49,245262000.0,2554450000
monero,2017-09-17,94.97,96.36,89.22,93.74,41008200.0,1433270000
nano,2017-09-17,0.078189,0.085101,0.072686,0.080839,67015.0,8859060.0
nem,2017-09-17,0.207979,0.20826999999999998,0.193608,0.204067,4402470.0,1871810000
neo,2017-09-17,20.64,20.64,18.36,19.86,18695100.0,1031920000.0
qtum,2017-09-17,8.19,8.79,7.59,8.27,69847200.0,482927000.0
ripple,2017-09-17,0.178377,0.181121,0.171017,0.178393,49161100.0,6839640000
siacoin,2017-09-17,0.004289,0.004295,0.0038810000000000003,0.004036,3481140.0,126240000.0
steem,2017-09-17,1.12,1.18,1.02,1.09,884868.0,271284000
stellar,2017-09-17,0.01171,0.01171,0.01018,0.01121,2253630.0,194242000
verge,2017-09-17,0.005905,0.006152,0.005385,0.0059240000000000004,2152950.0,79186200
zcash,2017-09-17,172.3,177.4,164.81,174.18,17358900.0,378861000
bitcoin,2017-09-18,3591.09,4079.23,3591.09,4065.2,1943210000.0,59514100000
bitcoin-cash,2017-09-18,422.09,479.69,422.09,479.32,458550000.0,7001640000.0
bitshares,2017-09-18,0.071341,0.092933,0.071341,0.089771,26985800.0,185436000
bytecoin-bcn,2017-09-18,0.0012720000000000001,0.001426,0.0012720000000000001,0.001426,2019040.0,233140000
dash,2017-09-18,311.89,335.44,311.89,333.0,56189000.0,2359070000
dogecoin,2017-09-18,0.0008529999999999999,0.0009599999999999999,0.000837,0.000947,7127750.0,94836200
ethereum,2017-09-18,252.23,293.5,252.23,293.5,1127750000.0,23881200000.0
ethereum-classic,2017-09-18,10.01,11.81,10.01,11.79,117958000.0,957337000.0
iota,2017-09-18,0.496796,0.6124850000000001,0.496796,0.606233,28609000.0,1380860000
lisk,2017-09-18,5.55,6.78,5.55,6.74,13612300.0,624156000.0
litecoin,2017-09-18,48.53,55.61,48.53,55.53,408675000.0,2571070000
monero,2017-09-18,93.81,102.02,93.81,100.57,63732100.0,1416250000
nano,2017-09-18,0.080679,0.090892,0.078912,0.087379,89782.0,9174070.0
nem,2017-09-18,0.204058,0.249752,0.20393699999999998,0.248516,6232240.0,1836520000
neo,2017-09-18,19.91,21.38,19.54,21.22,27647600.0,995579000.0
qtum,2017-09-18,8.31,10.51,8.31,9.62,167586000.0,490417000.0
ripple,2017-09-18,0.178309,0.190019,0.178309,0.18976800000000002,88397900.0,6837060000
siacoin,2017-09-18,0.004055,0.0052899999999999996,0.004055,0.005259000000000001,4003890.0,119417000.0
steem,2017-09-18,1.09,1.29,1.09,1.22,1096350.0,262985000
stellar,2017-09-18,0.011173,0.013638999999999998,0.011173,0.013455000000000002,4635400.0,185334000
verge,2017-09-18,0.005912,0.006572,0.005873,0.006548,2127450.0,79276400
zcash,2017-09-18,174.01,193.16,174.01,193.16,27678900.0,383846000
bitcoin,2017-09-19,4073.79,4094.07,3868.87,3924.97,1563980000.0,67520300000
bitcoin-cash,2017-09-19,480.64,550.41,450.05,527.88,802321000.0,7975010000.0
bitshares,2017-09-19,0.090392,0.091317,0.07825599999999999,0.079411,15002500.0,234954000
bytecoin-bcn,2017-09-19,0.001415,0.001434,0.001309,0.001324,1606840.0,259390000
dash,2017-09-19,333.64,334.27,312.91,324.26,34362500.0,2524200000
dogecoin,2017-09-19,0.0009400000000000001,0.000964,0.000852,0.0008900000000000001,5206600.0,104410000
ethereum,2017-09-19,293.66,295.77,274.48,282.8,646909000.0,27809300000.0
ethereum-classic,2017-09-19,11.83,11.93,11.13,11.48,69938100.0,1131850000.0
iota,2017-09-19,0.608275,0.6142310000000001,0.555303,0.565168,12972000.0,1690720000
lisk,2017-09-19,6.73,6.82,5.98,6.2,11091300.0,756495000.0
litecoin,2017-09-19,55.68,55.88,51.05,52.84,286583000.0,2950880000
monero,2017-09-19,100.83,101.28,93.7,97.72,48249700.0,1522630000
nano,2017-09-19,0.090398,0.108046,0.083852,0.10289100000000001,140920.0,10316200.0
nem,2017-09-19,0.24959699999999999,0.253409,0.23314899999999997,0.237664,5278220.0,2246370000
neo,2017-09-19,20.99,21.71,19.04,19.94,30451900.0,1049420000.0
qtum,2017-09-19,9.65,9.7,8.75,8.91,66250600.0,569633000.0
ripple,2017-09-19,0.18981900000000002,0.19068,0.181334,0.184041,54046100.0,7278390000
siacoin,2017-09-19,0.005292,0.005338,0.004504,0.004582999999999999,4552840.0,155948000.0
steem,2017-09-19,1.22,1.23,1.09,1.09,1031290.0,295568000
stellar,2017-09-19,0.013452,0.013505000000000001,0.011414,0.011793999999999999,3583140.0,223138000
verge,2017-09-19,0.006525,0.00689,0.006108,0.0063100000000000005,2735370.0,87494700
zcash,2017-09-19,193.42,195.95,182.81,188.3,19791200.0,428072000
bitcoin,2017-09-20,3916.36,4031.39,3857.73,3905.95,1213830000.0,64918500000
bitcoin-cash,2017-09-20,526.74,527.72,471.09,476.05,669264000.0,8741670000.0
bitshares,2017-09-20,0.079238,0.085439,0.072854,0.079108,11821500.0,205962000
bytecoin-bcn,2017-09-20,0.001326,0.001342,0.001258,0.0012720000000000001,1938890.0,242977000
dash,2017-09-20,323.78,351.19,316.72,342.43,74246200.0,2450240000
dogecoin,2017-09-20,0.0008810000000000001,0.0008880000000000001,0.000828,0.0008619999999999999,4641920.0,97923500
ethereum,2017-09-20,282.01,290.89,278.05,283.74,421404000.0,26712400000.0
ethereum-classic,2017-09-20,11.44,11.56,11.18,11.25,41369200.0,1094120000.0
iota,2017-09-20,0.5598489999999999,0.58568,0.5438529999999999,0.566627,8802430.0,1556120000
lisk,2017-09-20,6.19,6.33,6.06,6.06,10364900.0,696190000.0
litecoin,2017-09-20,52.74,53.83,51.25,51.73,160252000.0,2795880000
monero,2017-09-20,97.64,98.09,93.37,95.57,34198900.0,1474840000
nano,2017-09-20,0.104717,0.110767,0.095606,0.10923,91596.0,11992000.0
nem,2017-09-20,0.23794,0.238537,0.230744,0.231746,3008920.0,2141460000
neo,2017-09-20,19.9,20.47,19.69,19.75,14058200.0,995012000.0
qtum,2017-09-20,8.92,9.05,8.47,8.79,38916900.0,526414000.0
ripple,2017-09-20,0.18370999999999998,0.186229,0.180333,0.182078,34521600.0,7044160000
siacoin,2017-09-20,0.0045969999999999995,0.0047539999999999995,0.00445,0.004523,1977030.0,135561000.0
steem,2017-09-20,1.1,1.19,1.06,1.12,1344570.0,265953000
stellar,2017-09-20,0.011781,0.012598,0.011244,0.012236,2522500.0,195421000
verge,2017-09-20,0.006339,0.006651000000000001,0.006268,0.006352,1712170.0,85007100
zcash,2017-09-20,186.99,192.84,183.26,187.86,12166600.0,415166000
bitcoin,2017-09-21,3901.47,3916.42,3613.63,3631.04,1411480000.0,64677600000
bitcoin-cash,2017-09-21,475.83,480.0,413.75,416.26,316731000.0,7898300000.0
bitshares,2017-09-21,0.078829,0.079653,0.06901399999999999,0.069107,13709200.0,204899000
bytecoin-bcn,2017-09-21,0.001266,0.0012699999999999999,0.001112,0.0011359999999999999,1540480.0,232076000
dash,2017-09-21,342.41,369.07,321.81,330.05,146454000.0,2591910000
dogecoin,2017-09-21,0.00085,0.0008640000000000001,0.000736,0.000755,3157030.0,94429700
ethereum,2017-09-21,283.26,286.61,255.02,258.58,601266000.0,26836000000.0
ethereum-classic,2017-09-21,11.21,11.24,10.02,10.07,39347200.0,1072660000.0
iota,2017-09-21,0.5675859999999999,0.5699930000000001,0.46795299999999995,0.500724,18553300.0,1577620000
lisk,2017-09-21,6.04,6.06,5.24,5.39,11885300.0,679418000.0
litecoin,2017-09-21,51.66,52.31,45.67,46.61,229363000.0,2739370000
monero,2017-09-21,95.33,95.75,85.17,86.24,34290500.0,1439880000
nano,2017-09-21,0.10606099999999999,0.106958,0.080313,0.081971,145673.0,12189200.0
nem,2017-09-21,0.230329,0.23244099999999998,0.20750700000000002,0.210871,3361070.0,2072960000
neo,2017-09-21,19.65,19.82,16.75,17.45,21587400.0,982515000.0
qtum,2017-09-21,8.77,8.81,7.34,7.38,38239000.0,517612000.0
ripple,2017-09-21,0.180981,0.182109,0.171148,0.171754,43583200.0,6939500000
siacoin,2017-09-21,0.004522,0.004543,0.003857,0.003971,2292050.0,133450000.0
steem,2017-09-21,1.12,1.13,0.973992,1.01,817391.0,270669000
stellar,2017-09-21,0.012104,0.012163,0.010523000000000001,0.0106,2524650.0,200775000
verge,2017-09-21,0.00632,0.006423999999999999,0.0053100000000000005,0.005474000000000001,2531690.0,84751600
zcash,2017-09-21,187.25,190.78,174.86,175.65,17620100.0,417102000
bitcoin,2017-09-22,3628.02,3758.27,3553.53,3630.7,1194830000.0,60152300000
bitcoin-cash,2017-09-22,417.92,435.44,402.77,415.09,241905000.0,6937170000.0
bitshares,2017-09-22,0.069104,0.070492,0.067607,0.069211,13451900.0,179620000
bytecoin-bcn,2017-09-22,0.0011380000000000001,0.001183,0.0010869999999999999,0.001139,1027870.0,208631000
dash,2017-09-22,331.11,355.75,331.11,346.58,90613000.0,2507060000
dogecoin,2017-09-22,0.000762,0.0007830000000000001,0.000712,0.000772,3758470.0,84749600
ethereum,2017-09-22,258.11,270.54,256.22,264.31,430081000.0,24458400000.0
ethereum-classic,2017-09-22,10.1,10.53,9.93,10.26,31855800.0,967000000.0
iota,2017-09-22,0.49918500000000005,0.517458,0.476075,0.5060100000000001,8860800.0,1387500000
lisk,2017-09-22,5.38,6.09,5.37,5.75,11819200.0,605616000.0
litecoin,2017-09-22,46.65,49.09,45.19,48.09,218134000.0,2474380000
monero,2017-09-22,86.17,89.54,84.33,88.17,28179100.0,1301560000
nano,2017-09-22,0.081861,0.085395,0.07613099999999999,0.077873,68891.0,9441430.0
nem,2017-09-22,0.211115,0.221398,0.202801,0.210635,2929650.0,1900040000
neo,2017-09-22,17.39,19.32,16.98,18.69,22480200.0,869657000.0
qtum,2017-09-22,7.34,7.91,7.27,7.68,42861600.0,433000000.0
ripple,2017-09-22,0.171567,0.17587,0.169291,0.17351,37244700.0,6578530000
siacoin,2017-09-22,0.003967,0.00403,0.003646,0.003836,2048650.0,117167000.0
steem,2017-09-22,0.996603,1.06,0.9605520000000001,1.01,563069.0,241246000
stellar,2017-09-22,0.010698000000000001,0.01115,0.01036,0.010776,1825510.0,177458000
verge,2017-09-22,0.005504,0.005855,0.004987,0.005389,1636200.0,73801100
zcash,2017-09-22,175.53,203.67,174.99,195.84,43671100.0,392222000
bitcoin,2017-09-23,3629.92,3819.21,3594.58,3792.4,928114000.0,60190000000
bitcoin-cash,2017-09-23,415.31,432.96,407.45,428.5,189127000.0,6895970000.0
bitshares,2017-09-23,0.06917100000000001,0.071124,0.069101,0.07059700000000001,12095400.0,179794000
bytecoin-bcn,2017-09-23,0.001132,0.001277,0.001111,0.001274,1756300.0,207420000
dash,2017-09-23,346.76,358.44,342.39,350.79,55928100.0,2626220000
dogecoin,2017-09-23,0.000771,0.000974,0.0007599999999999999,0.0009539999999999999,7670640.0,85765900
ethereum,2017-09-23,264.6,286.17,261.12,286.17,450934000.0,25077100000.0
ethereum-classic,2017-09-23,10.21,10.77,10.12,10.61,27727300.0,978077000.0
iota,2017-09-23,0.507613,0.551145,0.494903,0.541796,8486720.0,1410930000
lisk,2017-09-23,5.73,6.11,5.7,5.98,7668300.0,645080000.0
litecoin,2017-09-23,48.16,49.79,46.69,49.27,142073000.0,2554900000
monero,2017-09-23,88.03,92.12,86.96,91.85,26372900.0,1329730000
nano,2017-09-23,0.077583,0.082336,0.074151,0.07510800000000001,52729.0,8979610.0
nem,2017-09-23,0.20995500000000003,0.22321300000000002,0.20839000000000002,0.222205,1997070.0,1889590000
neo,2017-09-23,18.58,20.59,18.3,20.18,17216800.0,929086000.0
qtum,2017-09-23,7.7,8.21,7.48,8.11,40760800.0,454162000.0
ripple,2017-09-23,0.173371,0.178672,0.17152699999999999,0.17788199999999998,32476700.0,6647700000
siacoin,2017-09-23,0.00386,0.0048130000000000004,0.0038450000000000003,0.004736,3325030.0,114103000.0
steem,2017-09-23,1.01,1.1,0.9905639999999999,1.08,755874.0,244438000
stellar,2017-09-23,0.010754999999999999,0.011897,0.01065,0.011895999999999999,2032830.0,178394000
verge,2017-09-23,0.005339,0.0056,0.005236,0.005568,849756.0,71592300
zcash,2017-09-23,195.5,215.64,192.29,204.21,29531600.0,438281000
bitcoin,2017-09-24,3796.15,3796.15,3666.9,3682.84,768015000.0,62954300000
bitcoin-cash,2017-09-24,428.8,433.04,419.25,421.03,114527000.0,7121950000.0
bitshares,2017-09-24,0.07060599999999999,0.070724,0.069476,0.06955399999999999,10816700.0,183523000
bytecoin-bcn,2017-09-24,0.001277,0.001281,0.001185,0.001219,1459620.0,233952000
dash,2017-09-24,350.4,358.04,331.17,331.85,111537000.0,2654460000
dogecoin,2017-09-24,0.0009400000000000001,0.000983,0.000878,0.000892,4928520.0,104499000
ethereum,2017-09-24,286.21,292.95,278.13,282.48,571411000.0,27129900000.0
ethereum-classic,2017-09-24,10.61,10.71,10.35,10.44,21480300.0,1016090000.0
iota,2017-09-24,0.540538,0.5416880000000001,0.506966,0.521379,9199830.0,1502440000
lisk,2017-09-24,5.96,5.97,5.67,5.75,6273950.0,671135000.0
litecoin,2017-09-24,49.25,49.27,47.52,47.62,82147100.0,2613620000
monero,2017-09-24,91.76,91.81,88.0,89.5,22224000.0,1387760000
nano,2017-09-24,0.075113,0.080192,0.074553,0.075093,69962.0,8724410.0
nem,2017-09-24,0.221619,0.222573,0.213723,0.21615399999999999,2016530.0,1994570000
neo,2017-09-24,20.17,20.43,19.28,19.79,11967200.0,1008660000.0
qtum,2017-09-24,8.1,8.28,7.79,8.04,28266800.0,477945000.0
ripple,2017-09-24,0.178175,0.17893900000000001,0.17416500000000001,0.175787,20566500.0,6831900000
siacoin,2017-09-24,0.004736,0.005083,0.004615,0.004814,4495580.0,140090000.0
steem,2017-09-24,1.08,1.1,1.01,1.07,623883.0,261509000
stellar,2017-09-24,0.011915,0.012023,0.011395,0.011563,1065700.0,197631000
verge,2017-09-24,0.005568,0.006022,0.0052899999999999996,0.005772,1723480.0,74660900
zcash,2017-09-24,204.02,207.69,199.5,205.63,15176600.0,458828000
bitcoin,2017-09-25,3681.58,3950.25,3681.58,3926.07,1374210000.0,61061100000
bitcoin-cash,2017-09-25,419.65,450.13,419.65,445.8,302272000.0,6971280000.0
bitshares,2017-09-25,0.069534,0.081899,0.069508,0.08105599999999999,6815120.0,180737000
bytecoin-bcn,2017-09-25,0.00122,0.001328,0.001209,0.001307,1542110.0,223592000
dash,2017-09-25,330.63,346.35,330.63,345.09,58356100.0,2505380000
dogecoin,2017-09-25,0.0008900000000000001,0.001182,0.000889,0.001141,9597030.0,99009800
ethereum,2017-09-25,282.22,293.51,281.88,292.33,483161000.0,26755500000.0
ethereum-classic,2017-09-25,10.41,10.98,10.41,10.86,34197100.0,997582000.0
iota,2017-09-25,0.5244489999999999,0.566395,0.5244489999999999,0.556207,10506400.0,1457720000
lisk,2017-09-25,5.76,6.22,5.71,6.15,8536390.0,648759000.0
litecoin,2017-09-25,47.62,52.44,47.57,51.58,208641000.0,2527830000
monero,2017-09-25,89.37,94.23,89.12,93.64,28114300.0,1352120000
nano,2017-09-25,0.075018,0.096185,0.074794,0.088588,143329.0,8743970.0
nem,2017-09-25,0.216117,0.23479299999999997,0.215455,0.232506,2800870.0,1945050000
neo,2017-09-25,19.8,27.08,19.8,26.02,81225500.0,989892000.0
qtum,2017-09-25,8.03,9.6,8.03,9.36,82385100.0,473818000.0
ripple,2017-09-25,0.175519,0.18366500000000002,0.174939,0.18148699999999998,35622600.0,6730080000
siacoin,2017-09-25,0.004833,0.004884,0.004487,0.0048,2746080.0,143070000.0
steem,2017-09-25,1.07,1.17,1.04,1.11,778463.0,260006000
stellar,2017-09-25,0.011551,0.012454,0.011427,0.012073,2426680.0,191597000
verge,2017-09-25,0.005802000000000001,0.006141,0.005618,0.006058,1642540.0,77804300
zcash,2017-09-25,205.65,233.6,205.41,230.77,32460800.0,463963000
bitcoin,2017-09-26,3928.41,3969.89,3869.9,3892.35,1043740000.0,65161000000
bitcoin-cash,2017-09-26,445.36,458.25,441.83,441.83,165303000.0,7400020000.0
bitshares,2017-09-26,0.080958,0.081607,0.07798300000000001,0.079328,4983650.0,210472000
bytecoin-bcn,2017-09-26,0.001302,0.0013369999999999999,0.001282,0.0012929999999999999,1401450.0,238671000
dash,2017-09-26,345.08,349.49,338.35,339.1,45406700.0,2615520000
dogecoin,2017-09-26,0.001141,0.001194,0.001067,0.001151,9374910.0,126878000
ethereum,2017-09-26,292.35,293.75,287.02,287.44,345801000.0,27720000000.0
ethereum-classic,2017-09-26,10.87,11.96,10.71,11.24,84319600.0,1041640000.0
iota,2017-09-26,0.55667,0.5600430000000001,0.507645,0.515205,14671500.0,1547280000
lisk,2017-09-26,6.14,6.27,6.05,6.13,9352180.0,692649000.0
litecoin,2017-09-26,51.69,53.7,51.08,51.55,173663000.0,2744540000
monero,2017-09-26,93.81,95.31,91.6,93.13,32540800.0,1419730000
nano,2017-09-26,0.088668,0.09057899999999999,0.0815,0.081537,99100.0,10369700.0
nem,2017-09-26,0.23224899999999998,0.23326999999999998,0.22547899999999998,0.22864600000000002,2282950.0,2090240000
neo,2017-09-26,26.12,27.3,24.46,26.38,65868600.0,1305990000.0
qtum,2017-09-26,9.38,10.3,9.17,9.34,104988000.0,553598000.0
ripple,2017-09-26,0.18196800000000002,0.191247,0.180085,0.186119,70000700.0,6977340000
siacoin,2017-09-26,0.004823,0.004944,0.004757,0.004835,1642750.0,142880000.0
steem,2017-09-26,1.11,1.12,1.07,1.09,850509.0,268720000
stellar,2017-09-26,0.012077,0.012537999999999999,0.011929,0.012388,2222670.0,200327000
verge,2017-09-26,0.006019,0.006361,0.005914,0.006239,1797350.0,80709200
zcash,2017-09-26,230.7,234.59,228.74,231.47,20525600.0,522161000
bitcoin,2017-09-27,3892.94,4210.05,3884.82,4200.67,1686880000.0,64579200000
bitcoin-cash,2017-09-27,441.86,460.0,439.41,457.31,197885000.0,7343490000.0
bitshares,2017-09-27,0.079076,0.09027,0.07849500000000001,0.088603,7913760.0,205584000
bytecoin-bcn,2017-09-27,0.0012900000000000001,0.001459,0.001283,0.00145,1584280.0,236391000
dash,2017-09-27,338.69,348.49,337.57,346.43,52033700.0,2567810000
dogecoin,2017-09-27,0.001132,0.00119,0.001113,0.001173,5371580.0,125975000
ethereum,2017-09-27,287.02,308.01,286.82,306.47,550244000.0,27219400000.0
ethereum-classic,2017-09-27,11.23,12.86,11.2,12.65,119565000.0,1077120000.0
iota,2017-09-27,0.514224,0.554709,0.507709,0.551005,12188400.0,1429300000
lisk,2017-09-27,6.13,6.36,5.98,6.32,11109500.0,691191000.0
litecoin,2017-09-27,51.58,56.54,51.58,56.28,220363000.0,2739380000
monero,2017-09-27,92.75,102.91,92.64,101.04,51634900.0,1404030000
nano,2017-09-27,0.081335,0.088764,0.07939199999999999,0.085819,107904.0,9546690.0
nem,2017-09-27,0.2281,0.24609699999999998,0.227535,0.24330100000000002,3733480.0,2052900000
neo,2017-09-27,26.32,34.03,26.32,31.79,163163000.0,1316040000.0
qtum,2017-09-27,9.37,9.9,9.35,9.9,59847700.0,552811000.0
ripple,2017-09-27,0.185297,0.20768699999999998,0.185098,0.203299,249934000.0,7105010000
siacoin,2017-09-27,0.004807,0.0055320000000000005,0.004787,0.00547,3359770.0,142521000.0
steem,2017-09-27,1.08,1.26,1.08,1.22,2507270.0,263203000
stellar,2017-09-27,0.012299,0.014896000000000001,0.012299,0.014378,5645900.0,204008000
verge,2017-09-27,0.006259000000000001,0.006519,0.0061270000000000005,0.006354,1974780.0,83933800
zcash,2017-09-27,231.26,296.87,229.84,285.36,130957000.0,525065000
bitcoin,2017-09-28,4197.13,4279.31,4109.7,4174.73,1712320000.0,69633200000
bitcoin-cash,2017-09-28,456.71,465.2,433.5,447.81,300421000.0,7592000000.0
bitshares,2017-09-28,0.08923099999999999,0.09005099999999999,0.084912,0.087078,8891850.0,231989000
bytecoin-bcn,2017-09-28,0.001459,0.001498,0.001395,0.001429,1801320.0,267358000
dash,2017-09-28,345.97,346.54,328.83,338.25,49620000.0,2623640000
dogecoin,2017-09-28,0.001142,0.001172,0.001077,0.00108,4485170.0,127078000
ethereum,2017-09-28,306.47,307.2,295.47,299.15,501894000.0,29068700000.0
ethereum-classic,2017-09-28,12.63,13.68,12.27,12.73,175932000.0,1211380000.0
iota,2017-09-28,0.549661,0.614313,0.52827,0.595896,23776300.0,1527800000
lisk,2017-09-28,6.34,6.35,5.98,5.99,9145610.0,715513000.0
litecoin,2017-09-28,56.21,56.67,53.41,54.09,202009000.0,2986370000
monero,2017-09-28,100.97,101.14,95.48,97.23,41822000.0,1528970000
nano,2017-09-28,0.085655,0.092386,0.08489,0.087693,108271.0,10088600.0
nem,2017-09-28,0.243626,0.24462899999999999,0.234775,0.23826799999999998,3738470.0,2192630000
neo,2017-09-28,31.78,32.69,27.68,29.76,101195000.0,1589170000.0
qtum,2017-09-28,9.95,10.1,9.06,9.93,95333300.0,586983000.0
ripple,2017-09-28,0.202532,0.203271,0.19134400000000001,0.196131,117962000.0,7765860000
siacoin,2017-09-28,0.00547,0.005501,0.005056000000000001,0.00511,2108370.0,162295000.0
steem,2017-09-28,1.22,1.49,1.2,1.43,6612830.0,295714000
stellar,2017-09-28,0.014315999999999999,0.014562,0.013549,0.013863,2978100.0,237469000
verge,2017-09-28,0.0063939999999999995,0.006562,0.006051,0.006504,2130920.0,85745200
zcash,2017-09-28,285.65,413.06,281.97,310.6,296921000.0,650661000
bitcoin,2017-09-29,4171.62,4214.63,4039.29,4163.07,1367050000.0,69219200000
bitcoin-cash,2017-09-29,447.66,447.92,426.99,436.77,148725000.0,7441960000.0
bitshares,2017-09-29,0.087383,0.089086,0.078784,0.082354,6429120.0,227185000
bytecoin-bcn,2017-09-29,0.001429,0.0014320000000000001,0.001282,0.001397,2220420.0,261923000
dash,2017-09-29,337.93,338.89,318.7,327.7,38011000.0,2563340000
dogecoin,2017-09-29,0.001105,0.001129,0.001001,0.001082,5674620.0,123000000
ethereum,2017-09-29,299.12,299.92,279.77,291.47,541375000.0,28375900000.0
ethereum-classic,2017-09-29,12.77,13.25,12.04,12.52,123657000.0,1225220000.0
iota,2017-09-29,0.595143,0.609587,0.5430159999999999,0.584418,16689800.0,1654220000
lisk,2017-09-29,5.99,6.01,5.44,5.7,8932120.0,676183000.0
litecoin,2017-09-29,54.11,54.16,50.42,52.62,186560000.0,2875460000
monero,2017-09-29,97.3,97.78,91.22,94.5,38972400.0,1473750000
nano,2017-09-29,0.08763,0.087768,0.082353,0.082599,72646.0,10357000.0
nem,2017-09-29,0.238155,0.239069,0.220942,0.237538,5254500.0,2143400000
neo,2017-09-29,30.25,30.41,26.13,28.64,72558300.0,1512530000.0
qtum,2017-09-29,9.96,10.0,9.15,9.77,79526300.0,587845000.0
ripple,2017-09-29,0.196105,0.196203,0.187172,0.193606,72291200.0,7519420000
siacoin,2017-09-29,0.005106,0.005175,0.004695,0.004949,1529170.0,151600000.0
steem,2017-09-29,1.44,1.64,1.26,1.64,9012310.0,349458000
stellar,2017-09-29,0.013816,0.013877,0.012906,0.013203999999999999,1967140.0,229178000
verge,2017-09-29,0.006458,0.0070480000000000004,0.005991,0.0067989999999999995,5710560.0,86593200
zcash,2017-09-29,311.49,311.49,272.38,290.12,71232100.0,711727000
bitcoin,2017-09-30,4166.11,4358.43,4160.86,4338.71,1207450000.0,69136600000
bitcoin-cash,2017-09-30,436.64,445.62,432.53,432.63,150565000.0,7258880000.0
bitshares,2017-09-30,0.082414,0.086796,0.08182,0.085699,6746380.0,214268000
bytecoin-bcn,2017-09-30,0.0013830000000000001,0.001426,0.001347,0.001392,1787410.0,253381000
dash,2017-09-30,327.34,331.81,326.16,327.14,27802400.0,2483630000
dogecoin,2017-09-30,0.001091,0.001169,0.001076,0.001145,4092970.0,121395000
ethereum,2017-09-30,291.48,303.96,291.11,301.46,332439000.0,27655200000.0
ethereum-classic,2017-09-30,12.51,13.15,12.51,12.98,81530800.0,1200620000.0
iota,2017-09-30,0.584318,0.646884,0.57615,0.620822,21825700.0,1624130000
lisk,2017-09-30,5.71,6.21,5.65,5.82,12114700.0,645070000.0
litecoin,2017-09-30,52.63,55.23,52.62,55.14,131446000.0,2797460000
monero,2017-09-30,94.44,96.33,94.07,95.76,28498000.0,1430900000
nano,2017-09-30,0.08264099999999999,0.086607,0.072483,0.0757,125115.0,9801080.0
nem,2017-09-30,0.236294,0.238731,0.231777,0.23516199999999998,3376060.0,2126640000
neo,2017-09-30,28.59,34.24,28.45,34.21,82181600.0,1429500000.0
qtum,2017-09-30,9.77,11.65,9.75,11.59,141320000.0,576371000.0
ripple,2017-09-30,0.193824,0.199826,0.193497,0.197529,54729300.0,7431970000
siacoin,2017-09-30,0.00495,0.00502,0.004849,0.00492,1296180.0,147116000.0
steem,2017-09-30,1.64,1.68,1.43,1.47,5720930.0,397770000
stellar,2017-09-30,0.013162,0.013944999999999999,0.013142,0.013858,1668730.0,218327000
verge,2017-09-30,0.0068,0.007061,0.006648,0.006948,1561510.0,91190200
zcash,2017-09-30,289.96,292.6,275.43,277.53,37283500.0,664608000
bitcoin,2017-10-01,4341.05,4403.74,4269.81,4403.74,1208210000.0,72047300000
bitcoin-cash,2017-10-01,433.38,436.94,415.15,415.15,164290000.0,7207770000.0
bitshares,2017-10-01,0.08544299999999999,0.086477,0.080831,0.081689,5604440.0,222142000
bytecoin-bcn,2017-10-01,0.001395,0.001424,0.001347,0.0014089999999999999,1733920.0,255692000
cardano,2017-10-01,0.021678,0.032226,0.017353999999999998,0.024968999999999998,50068700.0,
dash,2017-10-01,326.94,327.5,315.76,315.8,25835800.0,2481300000
dogecoin,2017-10-01,0.001142,0.001152,0.00105,0.001084,4295630.0,127055000
ethereum,2017-10-01,301.55,303.19,295.06,302.34,306185000.0,28615200000.0
ethereum-classic,2017-10-01,12.98,13.01,12.63,12.74,44133200.0,1246600000.0
iota,2017-10-01,0.62175,0.628776,0.592742,0.610183,8576220.0,1728170000
lisk,2017-10-01,5.85,5.86,5.45,5.51,11903000.0,661246000.0
litecoin,2017-10-01,55.14,55.16,53.63,54.54,100183000.0,2931740000
monero,2017-10-01,95.59,95.74,91.77,93.22,25936500.0,1448800000
nano,2017-10-01,0.076449,0.087392,0.073612,0.085315,107761.0,9097920.0
nem,2017-10-01,0.235614,0.246768,0.230906,0.24618,4232170.0,2120520000
neo,2017-10-01,34.12,35.83,31.82,35.72,72169500.0,1705880000.0
qtum,2017-10-01,11.59,12.61,11.58,12.34,162762000.0,683566000.0
ripple,2017-10-01,0.197622,0.20718499999999998,0.19617,0.20653200000000002,51345500.0,7577590000
siacoin,2017-10-01,0.004952000000000001,0.005166,0.004831,0.004901,1656930.0,147326000.0
steem,2017-10-01,1.46,1.52,1.41,1.41,3063030.0,354133000
stellar,2017-10-01,0.013812999999999999,0.013863999999999998,0.013383,0.013687999999999999,1534340.0,229128000
verge,2017-10-01,0.006952,0.007209999999999999,0.006778,0.007209999999999999,2119090.0,93219300
zcash,2017-10-01,277.35,279.68,263.94,263.94,33546100.0,637677000
bitcoin,2017-10-02,4395.81,4470.23,4377.46,4409.32,1431730000.0,72963200000
bitcoin-cash,2017-10-02,415.87,430.86,411.84,421.19,219590000.0,6921580000.0
bitshares,2017-10-02,0.081802,0.08543400000000001,0.07733,0.078187,8370540.0,212681000
bytecoin-bcn,2017-10-02,0.001408,0.001424,0.001288,0.001317,2064000.0,258018000
cardano,2017-10-02,0.024607,0.030088,0.019969,0.025932,57641300.0,
dash,2017-10-02,315.95,320.79,306.57,308.69,29696600.0,2398500000
dogecoin,2017-10-02,0.001075,0.0011330000000000001,0.0010550000000000002,0.001085,3145110.0,119708000
ethereum,2017-10-02,302.48,302.92,294.58,297.48,339443000.0,28708500000.0
ethereum-classic,2017-10-02,12.74,12.87,12.38,12.44,36422500.0,1223910000.0
iota,2017-10-02,0.6181800000000001,0.6220899999999999,0.565055,0.575398,13928300.0,1718250000
lisk,2017-10-02,5.51,5.72,5.36,5.42,10486800.0,622697000.0
litecoin,2017-10-02,54.55,54.78,53.26,53.38,95474600.0,2901270000
monero,2017-10-02,93.56,93.8,90.98,91.54,27534700.0,1418400000
nano,2017-10-02,0.084358,0.086405,0.075601,0.076309,98483.0,10073500.0
nem,2017-10-02,0.245185,0.24537899999999999,0.229043,0.23144099999999998,3983190.0,2206660000
neo,2017-10-02,35.7,39.01,34.9,36.74,116098000.0,1785160000.0
qtum,2017-10-02,12.36,12.38,11.43,11.88,69789000.0,729062000.0
ripple,2017-10-02,0.206077,0.206556,0.199444,0.202676,77412300.0,7901790000
siacoin,2017-10-02,0.004899000000000001,0.0055,0.004889,0.0051340000000000005,3713780.0,145868000.0
steem,2017-10-02,1.39,1.43,1.29,1.31,2974760.0,337053000
stellar,2017-10-02,0.013696999999999999,0.013734,0.012638,0.012962000000000001,2362700.0,227204000
verge,2017-10-02,0.0071200000000000005,0.008139,0.0071200000000000005,0.007259999999999999,8516350.0,95480400
zcash,2017-10-02,264.51,273.77,254.74,257.6,52062000.0,610037000
bitcoin,2017-10-03,4408.46,4432.47,4258.89,4317.48,1288020000.0,73181300000
bitcoin-cash,2017-10-03,421.79,421.79,395.74,404.18,130247000.0,7022370000.0
bitshares,2017-10-03,0.07803,0.07803,0.059682000000000006,0.061949000000000004,28772800.0,202877000
bytecoin-bcn,2017-10-03,0.0013160000000000001,0.0013210000000000001,0.001234,0.001266,880817.0,241085000
cardano,2017-10-03,0.025757,0.027425,0.02069,0.020816,16997800.0,624651000.0
dash,2017-10-03,308.56,310.21,291.7,296.24,37104400.0,2342990000
dogecoin,2017-10-03,0.001085,0.001115,0.001004,0.001108,2044110.0,120738000
ethereum,2017-10-03,297.48,300.11,288.13,292.46,321680000.0,28238500000.0
ethereum-classic,2017-10-03,12.47,12.49,11.77,12.41,38300200.0,1198270000.0
iota,2017-10-03,0.577182,0.582044,0.516038,0.561712,13709400.0,1604290000
lisk,2017-10-03,5.42,5.75,5.26,5.7,11714700.0,612239000.0
litecoin,2017-10-03,53.39,53.59,51.59,52.35,88516100.0,2840540000
monero,2017-10-03,91.52,94.81,87.21,92.96,44289800.0,1387960000
nano,2017-10-03,0.077217,0.07787100000000001,0.074904,0.07631,94614.0,9252330.0
nem,2017-10-03,0.23102399999999998,0.234681,0.22073600000000002,0.22274000000000002,3327450.0,2079210000
neo,2017-10-03,36.65,36.79,32.01,33.61,74199600.0,1832530000.0
qtum,2017-10-03,11.91,12.12,10.78,12.12,95756400.0,702872000.0
ripple,2017-10-03,0.203209,0.204808,0.19873,0.203318,48703100.0,7791820000
siacoin,2017-10-03,0.0051600000000000005,0.005236,0.004751,0.004832,1827980.0,153824000.0
steem,2017-10-03,1.32,1.33,1.17,1.23,1528740.0,318943000
stellar,2017-10-03,0.012948,0.012948,0.011327,0.012403,2577540.0,214765000
verge,2017-10-03,0.007188,0.00728,0.006548999999999999,0.006684999999999999,2317670.0,96383300
zcash,2017-10-03,258.16,260.0,238.33,252.94,36278200.0,597264000
bitcoin,2017-10-04,4319.37,4352.31,4210.42,4229.36,1116770000.0,71712500000
bitcoin-cash,2017-10-04,404.2,404.45,354.55,358.45,251584000.0,6729640000.0
bitshares,2017-10-04,0.062151,0.063449,0.052798000000000005,0.053454999999999996,13263100.0,161596000
bytecoin-bcn,2017-10-04,0.001268,0.001277,0.001207,0.001261,812352.0,232409000
cardano,2017-10-04,0.020863999999999997,0.022806,0.020863999999999997,0.021931,9000050.0,540946000.0
dash,2017-10-04,296.74,315.79,296.74,305.46,40983500.0,2255220000
dogecoin,2017-10-04,0.001121,0.001121,0.000938,0.001024,2119210.0,124803000
ethereum,2017-10-04,292.75,299.39,290.89,292.66,257906000.0,27794100000.0
ethereum-classic,2017-10-04,12.38,12.4,11.95,11.97,23010900.0,1190230000.0
iota,2017-10-04,0.5608529999999999,0.570545,0.520099,0.546982,9152780.0,1558910000
lisk,2017-10-04,5.72,5.87,5.44,5.53,9621440.0,646839000.0
litecoin,2017-10-04,52.28,53.05,50.83,51.4,77473400.0,2782460000
monero,2017-10-04,92.95,93.65,89.05,90.41,29568100.0,1410000000
nano,2017-10-04,0.07647799999999999,0.081881,0.075785,0.077297,106565.0,9194990.0
nem,2017-10-04,0.22335700000000003,0.225225,0.21716100000000002,0.21845599999999998,2401820.0,2010220000
neo,2017-10-04,33.79,35.03,30.09,31.16,60565900.0,1689390000.0
qtum,2017-10-04,12.16,12.28,11.51,11.63,77387000.0,717223000.0
ripple,2017-10-04,0.203218,0.21702399999999997,0.202647,0.21477399999999996,123573000.0,7792170000
siacoin,2017-10-04,0.0048200000000000005,0.005101,0.004716,0.004751,1670690.0,143794000.0
steem,2017-10-04,1.22,1.23,1.13,1.18,1306770.0,295222000
stellar,2017-10-04,0.012469,0.012537000000000001,0.011573,0.011851,1670080.0,206833000
verge,2017-10-04,0.00677,0.006814,0.006209,0.006353,1636230.0,90788000
zcash,2017-10-04,253.0,253.14,237.34,237.91,22195500.0,587108000
bitcoin,2017-10-05,4229.88,4362.64,4164.05,4328.41,1161770000.0,70233700000
bitcoin-cash,2017-10-05,358.42,371.19,348.45,355.75,268341000.0,5971260000.0
bitshares,2017-10-05,0.053377,0.060076,0.050107,0.059119000000000005,10133600.0,138784000
bytecoin-bcn,2017-10-05,0.00126,0.00128,0.001202,0.001259,1146450.0,230981000
cardano,2017-10-05,0.021951,0.022154,0.020859,0.021488999999999998,5562510.0,569134000.0
dash,2017-10-05,305.39,307.54,296.74,305.4,27180400.0,2321550000
dogecoin,2017-10-05,0.001016,0.001075,0.0009789999999999998,0.001001,2656730.0,113130000
ethereum,2017-10-05,292.77,298.04,288.84,295.86,253747000.0,27800400000.0
ethereum-classic,2017-10-05,11.97,12.05,11.62,11.95,26552900.0,1150570000.0
iota,2017-10-05,0.5473939999999999,0.567734,0.520702,0.5409149999999999,7592760.0,1521500000
lisk,2017-10-05,5.54,5.58,5.27,5.41,10001200.0,626278000.0
litecoin,2017-10-05,51.4,51.87,50.44,51.67,69594400.0,2736260000
monero,2017-10-05,90.49,92.45,88.14,91.86,27697400.0,1373110000
nano,2017-10-05,0.07762999999999999,0.078793,0.074523,0.07482799999999999,83667.0,9365130.0
nem,2017-10-05,0.21814499999999998,0.21979,0.207328,0.21107199999999998,4460130.0,1963310000
neo,2017-10-05,31.21,33.31,28.98,32.28,66785000.0,1560680000.0
qtum,2017-10-05,11.6,11.98,10.82,11.86,67610800.0,684358000.0
ripple,2017-10-05,0.215583,0.24102300000000002,0.215583,0.23701599999999998,404299000.0,8266280000
siacoin,2017-10-05,0.00474,0.004765999999999999,0.004137,0.004626,3980540.0,141589000.0
steem,2017-10-05,1.18,1.22,1.09,1.17,1327140.0,286848000
stellar,2017-10-05,0.011881000000000001,0.015283000000000001,0.011736,0.014575999999999999,9616220.0,197068000
verge,2017-10-05,0.006354,0.006402,0.006002,0.006261,1451030.0,85202600
zcash,2017-10-05,237.64,265.84,227.9,254.82,48244700.0,553211000
bitcoin,2017-10-06,4324.46,4413.27,4320.53,4370.81,1069940000.0,71810600000
bitcoin-cash,2017-10-06,355.44,371.28,354.96,363.01,182031000.0,5926540000.0
bitshares,2017-10-06,0.05867000000000001,0.061745,0.057727999999999995,0.060176,6227090.0,152546000
bytecoin-bcn,2017-10-06,0.001263,0.001327,0.001257,0.001286,1375880.0,231538000
cardano,2017-10-06,0.021359,0.021542,0.018359999999999998,0.018539,7780710.0,553774000.0
dash,2017-10-06,305.25,311.21,304.36,306.88,22935800.0,2321080000
dogecoin,2017-10-06,0.001003,0.001085,0.000995,0.001056,1505160.0,111689000
ethereum,2017-10-06,295.15,308.84,294.95,308.59,318664000.0,28031100000.0
ethereum-classic,2017-10-06,11.94,12.4,11.94,12.34,30320700.0,1148890000.0
iota,2017-10-06,0.543216,0.562671,0.493282,0.503448,12478500.0,1509890000
lisk,2017-10-06,5.42,5.45,5.27,5.34,7992970.0,613636000.0
litecoin,2017-10-06,51.64,52.6,51.53,52.12,59355900.0,2749460000
monero,2017-10-06,91.91,92.94,90.23,91.19,24504100.0,1394580000
nano,2017-10-06,0.074853,0.081588,0.072265,0.07639,118329.0,9060710.0
nem,2017-10-06,0.211733,0.21932100000000002,0.202468,0.21132399999999998,5122770.0,1905590000
neo,2017-10-06,32.5,34.32,32.23,33.52,47267100.0,1625060000.0
qtum,2017-10-06,11.87,11.91,11.5,11.69,23341500.0,700544000.0
ripple,2017-10-06,0.23772600000000002,0.24242399999999997,0.233533,0.234039,167492000.0,9115310000
siacoin,2017-10-06,0.004599,0.004872,0.004536,0.004635,1310460.0,137483000.0
steem,2017-10-06,1.17,1.23,1.17,1.21,868404.0,283831000
stellar,2017-10-06,0.014657,0.019193,0.014657,0.018403,24002100.0,243125000
verge,2017-10-06,0.006261,0.006633,0.005982,0.006633,1983040.0,83960700
zcash,2017-10-06,254.85,272.76,253.32,257.61,49397500.0,595099000
bitcoin,2017-10-07,4369.35,4443.88,4321.05,4426.89,906928000.0,72565100000
bitcoin-cash,2017-10-07,363.6,364.88,356.06,360.78,91004000.0,6062860000.0
bitshares,2017-10-07,0.060209000000000006,0.061023,0.055189,0.057954,5734920.0,156553000
bytecoin-bcn,2017-10-07,0.001287,0.001323,0.001267,0.001301,1856540.0,235800000
cardano,2017-10-07,0.018414,0.02105,0.01762,0.020941,7411240.0,477417000.0
dash,2017-10-07,307.54,314.22,303.77,310.49,27552700.0,2339080000
dogecoin,2017-10-07,0.0010789999999999999,0.001129,0.001021,0.001066,1488520.0,120176000
ethereum,2017-10-07,308.89,313.13,304.98,311.12,342205000.0,29340400000.0
ethereum-classic,2017-10-07,12.32,12.32,12.09,12.28,18414400.0,1185190000.0
iota,2017-10-07,0.504488,0.548719,0.49061499999999997,0.538529,9848850.0,1402240000
lisk,2017-10-07,5.34,5.34,5.04,5.19,8526500.0,604462000.0
litecoin,2017-10-07,52.14,52.75,51.64,52.58,51786200.0,2776920000
monero,2017-10-07,90.94,92.05,89.57,91.7,22617600.0,1380750000
nano,2017-10-07,0.076415,0.09466000000000001,0.076339,0.087153,171328.0,9279600.0
nem,2017-10-07,0.211943,0.220904,0.20357999999999998,0.212189,4376190.0,1907490000
neo,2017-10-07,33.54,36.15,33.3,36.14,48058800.0,1677000000.0
qtum,2017-10-07,11.67,11.94,11.51,11.94,19498800.0,688284000.0
ripple,2017-10-07,0.233963,0.23933600000000002,0.23347800000000002,0.23861,77950200.0,9030320000
siacoin,2017-10-07,0.004635,0.004683,0.004437,0.004606,1088520.0,138650000.0
steem,2017-10-07,1.21,1.26,1.17,1.22,845706.0,293172000
stellar,2017-10-07,0.018443,0.024591,0.018443,0.020959000000000002,56853100.0,305922000
verge,2017-10-07,0.006638,0.006905,0.006234,0.006411,2094690.0,89013500
zcash,2017-10-07,257.25,257.56,246.53,253.98,30163700.0,602523000
bitcoin,2017-10-08,4429.67,4624.14,4405.64,4610.48,1313870000.0,73575400000
bitcoin-cash,2017-10-08,360.09,362.46,337.0,342.21,203754000.0,6004940000.0
bitshares,2017-10-08,0.057513,0.058681,0.052464,0.053515999999999994,4696640.0,149546000
bytecoin-bcn,2017-10-08,0.001296,0.001335,0.001283,0.001291,1390700.0,237433000
cardano,2017-10-08,0.020929,0.023597999999999997,0.020146999999999998,0.020477000000000002,7727460.0,542638000.0
dash,2017-10-08,310.25,315.02,301.11,302.48,33683300.0,2360300000
dogecoin,2017-10-08,0.001072,0.0011359999999999999,0.001029,0.001056,2242630.0,119397000
ethereum,2017-10-08,311.06,312.54,308.03,308.61,293167000.0,29550900000.0
ethereum-classic,2017-10-08,12.28,12.45,12.1,12.12,32447800.0,1181440000.0
iota,2017-10-08,0.5346489999999999,0.5385260000000001,0.49287600000000004,0.5000319999999999,9637830.0,1486070000
lisk,2017-10-08,5.17,5.2,4.6,4.66,12078300.0,585926000.0
litecoin,2017-10-08,52.49,54.51,52.26,53.14,100841000.0,2796640000
monero,2017-10-08,91.39,92.2,89.74,89.77,29220800.0,1388030000
nano,2017-10-08,0.087168,0.09274500000000001,0.08344,0.084258,118312.0,10622500.0
nem,2017-10-08,0.210679,0.212707,0.19379100000000002,0.19480699999999998,4830460.0,1896110000
neo,2017-10-08,35.64,37.23,31.01,32.07,107725000.0,1781810000.0
qtum,2017-10-08,11.96,12.11,11.14,11.14,34305900.0,705791000.0
ripple,2017-10-08,0.238312,0.279944,0.23753200000000002,0.279944,529838000.0,9198180000
siacoin,2017-10-08,0.004619,0.00464,0.004115,0.004163,2653770.0,138272000.0
steem,2017-10-08,1.22,1.27,1.08,1.12,1382630.0,295721000
stellar,2017-10-08,0.020691,0.022042,0.018229,0.018598,23922100.0,343218000
verge,2017-10-08,0.006429000000000001,0.0064730000000000005,0.004982,0.0053219999999999995,3011250.0,86214200
zcash,2017-10-08,253.52,256.2,240.55,241.06,30469500.0,595599000
bitcoin,2017-10-09,4614.52,4878.71,4564.25,4772.02,1968740000.0,76656500000
bitcoin-cash,2017-10-09,342.76,342.76,289.04,314.16,288075000.0,5716320000.0
bitshares,2017-10-09,0.053703999999999995,0.054604999999999994,0.043133,0.04389,10708300.0,139642000
bytecoin-bcn,2017-10-09,0.001285,0.001372,0.001266,0.001342,1009460.0,235565000
cardano,2017-10-09,0.020344,0.022807,0.020342,0.022113999999999998,4663310.0,527469000.0
dash,2017-10-09,299.7,300.84,271.83,283.67,52085800.0,2280670000
dogecoin,2017-10-09,0.001056,0.001066,0.0009630000000000001,0.000991,3065770.0,117637000
ethereum,2017-10-09,308.67,309.31,288.19,297.39,559467000.0,29328300000.0
ethereum-classic,2017-10-09,12.12,12.13,11.24,11.5,40264100.0,1166960000.0
iota,2017-10-09,0.500356,0.501909,0.43952299999999994,0.469438,18097100.0,1390760000
lisk,2017-10-09,4.66,4.94,4.36,4.7,14700000.0,528323000.0
litecoin,2017-10-09,53.08,53.39,48.47,50.16,152366000.0,2828800000
monero,2017-10-09,89.74,90.12,83.76,85.49,38063700.0,1363380000
nano,2017-10-09,0.083989,0.087828,0.08047699999999999,0.082052,79049.0,10269400.0
nem,2017-10-09,0.19476,0.207524,0.191194,0.194931,6003100.0,1752840000
neo,2017-10-09,32.04,32.79,26.78,29.1,98290300.0,1601800000.0
qtum,2017-10-09,11.14,12.49,10.96,12.07,57974000.0,657304000.0
ripple,2017-10-09,0.278758,0.278758,0.24043,0.251825,610110000.0,10759300000
siacoin,2017-10-09,0.004143,0.004259000000000001,0.003942,0.00421,2599510.0,124147000.0
steem,2017-10-09,1.12,1.15,0.958003,1.06,1756730.0,273178000
stellar,2017-10-09,0.0188,0.022022,0.016326,0.017601,29343800.0,311848000
verge,2017-10-09,0.005287,0.006046,0.005129,0.00569,3109910.0,70902000
zcash,2017-10-09,241.46,242.47,226.57,229.49,33586100.0,569009000
bitcoin,2017-10-10,4776.21,4922.17,4765.1,4781.99,1597140000.0,79351800000
bitcoin-cash,2017-10-10,313.22,352.02,311.7,321.59,367809000.0,5224170000.0
bitshares,2017-10-10,0.043838999999999996,0.048695999999999996,0.043335000000000005,0.048050999999999996,4656710.0,113992000
bytecoin-bcn,2017-10-10,0.001336,0.001379,0.001306,0.001335,1373350.0,244856000
cardano,2017-10-10,0.022112,0.022446,0.021279,0.021531,2725600.0,573302000.0
dash,2017-10-10,283.55,296.02,280.08,291.27,32941200.0,2158330000
dogecoin,2017-10-10,0.00098,0.001047,0.0009519999999999999,0.001036,1909730.0,109239000
ethereum,2017-10-10,297.6,306.15,293.17,299.87,359706000.0,28281400000.0
ethereum-classic,2017-10-10,11.49,11.66,11.35,11.54,27818000.0,1107010000.0
iota,2017-10-10,0.46645299999999995,0.48851700000000003,0.45272299999999993,0.477576,7401800.0,1296520000
lisk,2017-10-10,4.72,5.01,4.54,4.92,10170300.0,535293000.0
litecoin,2017-10-10,50.15,51.67,49.86,50.72,90415500.0,2673460000
monero,2017-10-10,85.61,88.41,84.27,86.82,31695500.0,1301030000
nano,2017-10-10,0.082066,0.08533099999999999,0.074285,0.076068,110163.0,10067700.0
nem,2017-10-10,0.193943,0.220043,0.193943,0.209909,5169550.0,1745490000
neo,2017-10-10,29.15,31.2,28.07,29.31,48223600.0,1457270000.0
qtum,2017-10-10,12.04,12.54,11.55,12.08,50232800.0,710536000.0
ripple,2017-10-10,0.252825,0.26655999999999996,0.241193,0.260733,384049000.0,9758310000
siacoin,2017-10-10,0.004187,0.004246,0.004006,0.004212,1702950.0,125547000.0
steem,2017-10-10,1.07,1.13,1.02,1.03,1168220.0,260164000
stellar,2017-10-10,0.01744,0.018953,0.016589,0.018953,11082800.0,289284000
verge,2017-10-10,0.005651,0.005752,0.005319,0.005538,1513390.0,75773200
zcash,2017-10-10,229.71,242.36,226.36,235.66,27876900.0,542934000
bitcoin,2017-10-11,4789.25,4873.73,4751.63,4826.48,1222280000.0,79578200000
bitcoin-cash,2017-10-11,320.2,321.26,312.13,314.9,131577000.0,5341000000.0
bitshares,2017-10-11,0.04805,0.051951,0.047272,0.049041,3530610.0,124944000
bytecoin-bcn,2017-10-11,0.001335,0.001583,0.00131,0.0014550000000000001,3902790.0,244670000
cardano,2017-10-11,0.021480000000000003,0.022576,0.020975999999999998,0.02252,3606720.0,556914000.0
dash,2017-10-11,291.41,301.5,286.64,298.4,26434900.0,2218760000
dogecoin,2017-10-11,0.001035,0.00108,0.0009960000000000001,0.001046,2390280.0,115379000
ethereum,2017-10-11,301.18,304.39,299.1,303.46,264146000.0,28626300000.0
ethereum-classic,2017-10-11,11.55,11.59,11.41,11.49,17991900.0,1112470000.0
iota,2017-10-11,0.477029,0.488967,0.464757,0.48146400000000006,6996130.0,1325920000
lisk,2017-10-11,4.93,5.43,4.93,5.36,12557800.0,558728000.0
litecoin,2017-10-11,50.75,51.14,50.32,50.89,57390100.0,2706060000
monero,2017-10-11,86.74,88.25,85.8,87.42,21103400.0,1318540000
nano,2017-10-11,0.076056,0.084873,0.074724,0.07818,93622.0,9361410.0
nem,2017-10-11,0.21032399999999998,0.22100300000000003,0.20884899999999998,0.214811,2753270.0,1892910000
neo,2017-10-11,29.3,31.23,29.3,29.96,33627700.0,1464940000.0
qtum,2017-10-11,12.04,12.29,11.87,12.13,28771600.0,710230000.0
ripple,2017-10-11,0.260658,0.267843,0.25908000000000003,0.264439,161206000.0,10061500000
siacoin,2017-10-11,0.00419,0.004879,0.0041140000000000005,0.0047009999999999994,3492210.0,125731000.0
steem,2017-10-11,1.03,1.12,1.03,1.1,1468260.0,251379000
stellar,2017-10-11,0.018869999999999998,0.020072,0.018239,0.01945,12189100.0,313004000
verge,2017-10-11,0.005538,0.005984000000000001,0.005503,0.005643,1808680.0,78053700
zcash,2017-10-11,235.32,240.14,231.64,236.13,20522300.0,557915000
bitcoin,2017-10-12,4829.58,5446.91,4822.0,5446.91,2791610000.0,80256700000
bitcoin-cash,2017-10-12,315.47,330.13,310.71,313.21,262066000.0,5262390000.0
bitshares,2017-10-12,0.049085000000000004,0.051315,0.048029,0.049118,5559870.0,127639000
bytecoin-bcn,2017-10-12,0.001456,0.001462,0.001372,0.001423,3586510.0,266845000
cardano,2017-10-12,0.022538,0.026763,0.021825,0.026251999999999998,8680640.0,584358000.0
dash,2017-10-12,298.12,298.4,290.04,291.91,42625600.0,2270420000
dogecoin,2017-10-12,0.001057,0.0010960000000000002,0.001031,0.001062,3146680.0,117800000
ethereum,2017-10-12,303.5,309.15,303.29,304.14,527557000.0,28851200000.0
ethereum-classic,2017-10-12,11.51,12.09,11.41,11.96,56959300.0,1109090000.0
iota,2017-10-12,0.481734,0.48622299999999996,0.391482,0.41241700000000003,16792100.0,1338990000
lisk,2017-10-12,5.37,5.4,4.92,4.98,12557300.0,608779000.0
litecoin,2017-10-12,50.89,60.11,50.87,60.11,341369000.0,2713870000
monero,2017-10-12,87.56,88.63,86.46,87.09,32783200.0,1331450000
nano,2017-10-12,0.078243,0.086867,0.077702,0.08091799999999999,72878.0,9662540.0
nem,2017-10-12,0.214797,0.215428,0.202472,0.20614699999999997,4425210.0,1933180000
neo,2017-10-12,30.01,30.36,27.61,28.18,61080400.0,1500520000.0
qtum,2017-10-12,12.13,12.21,11.29,11.29,31335300.0,715782000.0
ripple,2017-10-12,0.265046,0.267468,0.248414,0.248414,245004000.0,10230900000
siacoin,2017-10-12,0.004683,0.004746,0.004273,0.0044740000000000005,3014630.0,140622000.0
steem,2017-10-12,1.1,1.12,1.01,1.04,1717420.0,267692000
stellar,2017-10-12,0.019497999999999998,0.019869,0.017362,0.017784,14626800.0,323428000
verge,2017-10-12,0.005652,0.0057810000000000005,0.005139,0.005163,2282270.0,79670600
zcash,2017-10-12,236.44,236.99,227.0,227.0,39391300.0,562261000
bitcoin,2017-10-13,5464.16,5840.3,5436.85,5647.21,3615480000.0,90812400000
bitcoin-cash,2017-10-13,314.15,323.08,304.38,321.46,288210000.0,5242630000.0
bitshares,2017-10-13,0.049520999999999996,0.05499,0.046058,0.053578,6688750.0,128776000
bytecoin-bcn,2017-10-13,0.0014269999999999999,0.001521,0.001372,0.001413,2274950.0,261529000
cardano,2017-10-13,0.026061,0.033816000000000006,0.025195,0.033641000000000004,15613600.0,675684000.0
dash,2017-10-13,292.39,311.69,289.19,310.38,69258500.0,2227330000
dogecoin,2017-10-13,0.001064,0.001085,0.000976,0.001066,6885520.0,118637000
ethereum,2017-10-13,304.08,348.6,299.66,338.76,1304360000.0,28911100000.0
ethereum-classic,2017-10-13,12.0,12.47,11.66,12.18,79837000.0,1157100000.0
iota,2017-10-13,0.412854,0.445985,0.403912,0.44159499999999996,14821100.0,1147540000
lisk,2017-10-13,4.97,5.09,4.68,4.9,11823300.0,564070000.0
litecoin,2017-10-13,60.55,60.96,55.84,59.43,357124000.0,3230160000
monero,2017-10-13,87.23,96.77,85.53,95.13,63578800.0,1326720000
nano,2017-10-13,0.081302,0.09443700000000001,0.074545,0.092132,148376.0,10073500.0
nem,2017-10-13,0.205702,0.21353899999999998,0.194287,0.211569,5996320.0,1851320000
neo,2017-10-13,27.85,29.87,26.45,29.35,81365000.0,1392660000.0
qtum,2017-10-13,11.3,11.3,10.31,11.25,44760500.0,666714000.0
ripple,2017-10-13,0.24828499999999998,0.26425,0.238867,0.26048899999999997,398689000.0,9583920000
siacoin,2017-10-13,0.004435000000000001,0.004501,0.004025,0.004265,2849190.0,133274000.0
steem,2017-10-13,1.04,1.04,0.967398,1.03,1611520.0,253519000
stellar,2017-10-13,0.01765,0.018663,0.017365000000000002,0.01796,10486000.0,292768000
verge,2017-10-13,0.005128,0.005589,0.004806,0.005251,2696760.0,72330400
zcash,2017-10-13,227.05,251.0,222.6,240.05,62551500.0,541560000
bitcoin,2017-10-14,5643.53,5837.7,5591.64,5831.79,1669030000.0,93803000000
bitcoin-cash,2017-10-14,321.54,327.42,317.35,321.96,164137000.0,5369720000.0
bitshares,2017-10-14,0.053837,0.054447,0.050075,0.051105000000000005,3126770.0,140000000
bytecoin-bcn,2017-10-14,0.001413,0.0014609999999999998,0.001389,0.001451,842996.0,258975000
cardano,2017-10-14,0.033875999999999996,0.038268,0.029255,0.032465,27853200.0,878314000.0
dash,2017-10-14,310.23,319.02,306.94,316.69,43951700.0,2363830000
dogecoin,2017-10-14,0.001047,0.001115,0.001026,0.0011099999999999999,2216010.0,116708000
ethereum,2017-10-14,338.85,347.98,334.7,339.63,516562000.0,32222400000.0
ethereum-classic,2017-10-14,12.2,12.54,12.06,12.26,38425100.0,1176620000.0
iota,2017-10-14,0.441808,0.482837,0.43150299999999997,0.457837,11493700.0,1228020000
lisk,2017-10-14,4.88,4.94,4.62,4.79,9047430.0,553614000.0
litecoin,2017-10-14,59.41,66.19,58.6,63.95,313106000.0,3169870000
monero,2017-10-14,95.06,103.13,93.73,100.23,38886100.0,1446050000
nano,2017-10-14,0.09220199999999999,0.101266,0.08719500000000001,0.098489,127696.0,11461600.0
nem,2017-10-14,0.211723,0.213414,0.20444500000000002,0.210581,3189400.0,1905510000
neo,2017-10-14,29.32,29.45,27.65,27.8,33551100.0,1465980000.0
qtum,2017-10-14,11.26,11.45,10.62,10.63,17709400.0,664129000.0
ripple,2017-10-14,0.26115,0.267721,0.25732,0.25732,211160000.0,10062500000
siacoin,2017-10-14,0.004267,0.0043170000000000005,0.004053,0.004138,1374980.0,128338000.0
steem,2017-10-14,1.03,1.18,1.01,1.06,1055690.0,252178000
stellar,2017-10-14,0.018017,0.019165,0.017522,0.017522,5671720.0,298861000
verge,2017-10-14,0.005252000000000001,0.005622,0.004769,0.005141,1693140.0,74096700
zcash,2017-10-14,240.05,242.13,238.07,240.89,21199600.0,574275000
bitcoin,2017-10-15,5835.96,5852.48,5478.61,5678.19,1976040000.0,97011900000
bitcoin-cash,2017-10-15,322.42,323.59,307.68,314.95,133385000.0,5384760000.0
bitshares,2017-10-15,0.050936,0.052812,0.049676,0.050607,2590960.0,132459000
bytecoin-bcn,2017-10-15,0.001456,0.001468,0.001359,0.00141,857027.0,266761000
cardano,2017-10-15,0.032874,0.033641000000000004,0.028694,0.030049,7104990.0,852317000.0
dash,2017-10-15,317.01,317.01,294.34,309.51,45301300.0,2416140000
dogecoin,2017-10-15,0.001097,0.001165,0.001045,0.001106,2164040.0,122254000
ethereum,2017-10-15,339.53,342.72,320.43,336.6,635407000.0,32292100000.0
ethereum-classic,2017-10-15,12.24,12.66,11.6,11.95,52181800.0,1180820000.0
iota,2017-10-15,0.458649,0.460506,0.414704,0.438429,8256490.0,1274830000
lisk,2017-10-15,4.79,4.94,4.46,4.91,9608200.0,544147000.0
litecoin,2017-10-15,64.13,70.09,62.55,65.47,453940000.0,3422800000
monero,2017-10-15,99.94,100.81,91.6,94.87,34188200.0,1520300000
nano,2017-10-15,0.09916699999999999,0.174617,0.08966,0.139774,203958.0,12368000.0
nem,2017-10-15,0.21070999999999998,0.211642,0.19852899999999998,0.2073,2933540.0,1896390000
neo,2017-10-15,27.65,28.47,26.91,27.73,31189200.0,1382450000.0
qtum,2017-10-15,10.64,10.66,10.09,10.44,22057700.0,627948000.0
ripple,2017-10-15,0.257537,0.268419,0.249048,0.26398299999999997,280211000.0,9923310000
siacoin,2017-10-15,0.0041789999999999996,0.004192,0.003904,0.004155,1160240.0,125821000.0
steem,2017-10-15,1.07,1.1,0.9986659999999999,1.08,815724.0,260032000
stellar,2017-10-15,0.017291,0.019049,0.016837,0.018925,9059430.0,286809000
verge,2017-10-15,0.00504,0.00618,0.00504,0.005463,3050630.0,71122500
zcash,2017-10-15,240.66,240.66,228.25,232.63,25648400.0,577433000
bitcoin,2017-10-16,5687.57,5776.23,5544.21,5725.59,2008070000.0,94559000000
bitcoin-cash,2017-10-16,315.26,318.02,310.52,313.64,117797000.0,5265400000.0
bitshares,2017-10-16,0.050543,0.069259,0.049460000000000004,0.056209,14228700.0,131441000
bytecoin-bcn,2017-10-16,0.00141,0.001452,0.001392,0.001452,1538460.0,258387000
cardano,2017-10-16,0.029939,0.030749000000000002,0.028576999999999998,0.028948,6196030.0,776227000.0
dash,2017-10-16,309.46,310.98,300.75,302.21,38139700.0,2359250000
dogecoin,2017-10-16,0.0011070000000000001,0.001254,0.001056,0.001164,6552920.0,123410000
ethereum,2017-10-16,336.71,349.35,332.04,333.38,692885000.0,32029200000.0
ethereum-classic,2017-10-16,11.95,12.1,11.83,11.89,28608500.0,1153060000.0
iota,2017-10-16,0.43969899999999995,0.459618,0.42375,0.45065500000000003,8128940.0,1222160000
lisk,2017-10-16,4.91,5.14,4.66,4.96,8730360.0,558002000.0
litecoin,2017-10-16,65.72,66.34,62.69,64.62,200428000.0,3508860000
monero,2017-10-16,94.99,97.97,93.05,95.9,32185000.0,1446090000
nano,2017-10-16,0.1398,0.17263599999999998,0.11549100000000001,0.147116,494322.0,17492600.0
nem,2017-10-16,0.20695500000000003,0.251225,0.20504699999999998,0.223181,14101500.0,1862590000
neo,2017-10-16,27.76,29.07,26.96,28.53,34713200.0,1388080000.0
qtum,2017-10-16,10.46,11.65,10.23,11.49,37568400.0,616895000.0
ripple,2017-10-16,0.263386,0.29135900000000003,0.24900999999999998,0.256232,963158000.0,10148700000
siacoin,2017-10-16,0.004128,0.00484,0.003926,0.004302,4150350.0,124383000.0
steem,2017-10-16,1.07,1.08,1.01,1.05,1007190.0,261830000
stellar,2017-10-16,0.018928999999999998,0.049123,0.018683,0.036864999999999995,291627000.0,313995000
verge,2017-10-16,0.005463,0.00547,0.004879,0.0051530000000000005,1973510.0,77114000
zcash,2017-10-16,231.96,235.96,230.45,233.01,22198300.0,558212000
bitcoin,2017-10-17,5741.58,5800.35,5472.72,5605.51,1821570000.0,95469300000
bitcoin-cash,2017-10-17,313.7,394.96,309.64,371.73,1008160000.0,5239520000.0
bitshares,2017-10-17,0.05594,0.063722,0.054212,0.05519500000000001,5001530.0,145480000
bytecoin-bcn,2017-10-17,0.001433,0.001449,0.001371,0.001399,1072170.0,262679000
cardano,2017-10-17,0.028952999999999996,0.029627999999999998,0.025481999999999998,0.027217,7039900.0,750659000.0
dash,2017-10-17,302.28,304.33,298.17,299.88,42569400.0,2305090000
dogecoin,2017-10-17,0.001161,0.00119,0.0010630000000000001,0.001067,7260740.0,129452000
ethereum,2017-10-17,333.48,333.48,311.79,317.08,509924000.0,31727700000.0
ethereum-classic,2017-10-17,11.9,12.47,11.74,11.92,75268900.0,1148970000.0
iota,2017-10-17,0.45205200000000006,0.504408,0.434911,0.468463,12590200.0,1256490000
lisk,2017-10-17,4.96,5.15,4.8,5.1,8296440.0,563972000.0
litecoin,2017-10-17,64.67,64.7,58.85,59.48,205363000.0,3454040000
monero,2017-10-17,95.93,96.94,90.72,91.28,43866200.0,1460870000
nano,2017-10-17,0.144862,0.14523599999999998,0.11158900000000001,0.111671,173580.0,18167900.0
nem,2017-10-17,0.22419899999999998,0.235004,0.214333,0.218207,4990440.0,2017790000
neo,2017-10-17,28.5,32.55,27.81,31.4,74210000.0,1425090000.0
qtum,2017-10-17,11.48,12.27,11.03,12.05,57046400.0,677311000.0
ripple,2017-10-17,0.256098,0.26314699999999996,0.222939,0.232064,411265000.0,9867860000
siacoin,2017-10-17,0.004246,0.004489,0.004122,0.004419,1909010.0,128056000.0
steem,2017-10-17,1.05,1.09,1.01,1.06,1075570.0,255345000
stellar,2017-10-17,0.036511,0.0467,0.035483,0.045842,146372000.0,605629000
verge,2017-10-17,0.005154,0.005215999999999999,0.004790999999999999,0.004905,1735700.0,72768100
zcash,2017-10-17,233.11,250.28,227.69,231.28,60696400.0,562642000
bitcoin,2017-10-18,5603.82,5603.82,5151.44,5590.69,2399270000.0,93190200000
bitcoin-cash,2017-10-18,373.65,376.18,313.77,339.17,477184000.0,6240990000.0
bitshares,2017-10-18,0.055196,0.057647000000000004,0.049644,0.056197000000000004,4866460.0,143546000
bytecoin-bcn,2017-10-18,0.0014,0.001598,0.001276,0.0014039999999999999,1022860.0,256552000
cardano,2017-10-18,0.027219,0.027360000000000002,0.024637,0.026691000000000003,2336180.0,705718000.0
dash,2017-10-18,300.02,300.19,280.05,297.26,38693900.0,2288450000
dogecoin,2017-10-18,0.001066,0.0010789999999999999,0.000975,0.001047,2446530.0,118859000
ethereum,2017-10-18,316.94,317.24,290.64,314.32,606114000.0,30160500000.0
ethereum-classic,2017-10-18,11.92,11.92,10.81,11.53,55644800.0,1151010000.0
iota,2017-10-18,0.474621,0.48229099999999997,0.427958,0.454575,12433700.0,1319220000
lisk,2017-10-18,5.12,5.17,4.79,5.14,13438000.0,581733000.0
litecoin,2017-10-18,59.59,61.75,53.79,60.73,283869000.0,3183230000
monero,2017-10-18,91.19,91.26,86.54,89.54,36277100.0,1389050000
nano,2017-10-18,0.111679,0.12203599999999999,0.093843,0.10718699999999999,203782.0,14006200.0
nem,2017-10-18,0.21738000000000002,0.22058200000000003,0.204842,0.22031599999999998,3409140.0,1956420000
neo,2017-10-18,31.66,31.78,28.44,29.67,49659700.0,1583190000.0
qtum,2017-10-18,12.04,12.04,10.78,11.49,53960300.0,710326000.0
ripple,2017-10-18,0.23121599999999998,0.23815,0.207265,0.21852,354225000.0,8909100000
siacoin,2017-10-18,0.0043950000000000005,0.004424,0.0039759999999999995,0.0042450000000000005,1273150.0,132652000.0
steem,2017-10-18,1.06,1.11,0.9715889999999999,1.07,2096890.0,258858000
stellar,2017-10-18,0.045810000000000003,0.04593,0.033016000000000004,0.035133,66483500.0,759890000
verge,2017-10-18,0.004873,0.005101,0.004633,0.005028,1718860.0,68819700
zcash,2017-10-18,231.15,239.31,217.17,229.3,29137800.0,559570000
bitcoin,2017-10-19,5583.74,5744.35,5531.06,5708.52,1780540000.0,92867000000
bitcoin-cash,2017-10-19,339.27,339.27,326.27,330.81,195578000.0,5667070000.0
bitshares,2017-10-19,0.056345000000000006,0.056345000000000006,0.05154500000000001,0.05230800000000001,2530390.0,146537000
bytecoin-bcn,2017-10-19,0.0014119999999999998,0.001557,0.001393,0.001464,3503950.0,258738000
cardano,2017-10-19,0.026704000000000002,0.027112,0.025772000000000003,0.027032,2897720.0,692370000.0
dash,2017-10-19,297.85,300.16,291.89,295.47,30741800.0,2272420000
dogecoin,2017-10-19,0.001056,0.0010949999999999998,0.001045,0.001064,2189610.0,117821000
ethereum,2017-10-19,314.54,316.71,305.83,308.09,349830000.0,29937900000.0
ethereum-classic,2017-10-19,11.52,11.61,11.29,11.34,25045400.0,1112650000.0
iota,2017-10-19,0.457196,0.46595299999999995,0.415102,0.433388,12250600.0,1270790000
lisk,2017-10-19,5.16,5.26,4.85,4.98,14596700.0,586421000.0
litecoin,2017-10-19,60.82,61.29,58.71,59.74,160943000.0,3250090000
monero,2017-10-19,89.66,92.48,87.91,88.62,35302300.0,1366060000
nano,2017-10-19,0.107945,0.126307,0.10373099999999999,0.119379,251970.0,13538000.0
nem,2017-10-19,0.219728,0.23049,0.21846500000000002,0.220531,3383330.0,1977550000
neo,2017-10-19,29.66,29.96,28.48,28.66,30401400.0,1482970000.0
qtum,2017-10-19,11.46,12.22,11.35,12.07,49308300.0,688986000.0
ripple,2017-10-19,0.218229,0.23179,0.208317,0.21515,304542000.0,8408710000
siacoin,2017-10-19,0.004219,0.0042450000000000005,0.003958,0.004019,1138080.0,127444000.0
steem,2017-10-19,1.07,1.09,1.0,1.09,1097510.0,260926000
stellar,2017-10-19,0.035176,0.035356,0.029638,0.031195,41683000.0,583492000
verge,2017-10-19,0.005033,0.0051340000000000005,0.004841,0.004905,1339100.0,71109100
zcash,2017-10-19,229.39,237.61,224.75,230.07,30300100.0,556979000
bitcoin,2017-10-20,5708.11,6060.11,5627.23,6011.45,2354430000.0,94947900000
bitcoin-cash,2017-10-20,330.9,332.98,323.08,327.44,160204000.0,5527860000.0
bitshares,2017-10-20,0.052326,0.052938,0.048214,0.049977,3600350.0,136087000
bytecoin-bcn,2017-10-20,0.001464,0.001524,0.0014199999999999998,0.001511,2096460.0,268318000
cardano,2017-10-20,0.026982,0.030855,0.026612,0.03063,8716410.0,699574000.0
dash,2017-10-20,295.41,301.66,288.19,289.19,47125400.0,2254410000
dogecoin,2017-10-20,0.0010710000000000001,0.001098,0.001035,0.00105,3244930.0,119506000
ethereum,2017-10-20,308.05,311.44,303.49,304.01,396673000.0,29326300000.0
ethereum-classic,2017-10-20,11.36,11.51,11.22,11.22,28250900.0,1097270000.0
iota,2017-10-20,0.432863,0.43563900000000005,0.39163000000000003,0.401913,17771900.0,1203160000
lisk,2017-10-20,4.98,5.14,4.84,4.93,13489300.0,566917000.0
litecoin,2017-10-20,59.81,61.88,58.56,60.33,150542000.0,3196870000
monero,2017-10-20,88.71,92.73,88.07,90.54,38260700.0,1351990000
nano,2017-10-20,0.12096400000000002,0.12316600000000001,0.105457,0.117826,283698.0,15170800.0
nem,2017-10-20,0.22094299999999997,0.23056999999999997,0.215075,0.21594699999999997,4936400.0,1988490000
neo,2017-10-20,28.68,29.5,27.73,27.75,36933700.0,1433880000.0
qtum,2017-10-20,12.1,15.12,11.19,11.3,304281000.0,890682000.0
ripple,2017-10-20,0.215086,0.223822,0.208754,0.210549,182704000.0,8287600000
siacoin,2017-10-20,0.004076,0.00417,0.0036340000000000005,0.0037939999999999996,1658580.0,123213000.0
steem,2017-10-20,1.09,1.13,0.993585,1.02,1432670.0,265725000
stellar,2017-10-20,0.031246,0.032652,0.025472,0.026756,35088200.0,518303000
verge,2017-10-20,0.004907,0.0050100000000000006,0.0044210000000000005,0.004459,1796240.0,69348800
zcash,2017-10-20,230.2,234.22,222.52,222.52,29093800.0,560579000
bitcoin,2017-10-21,5996.79,6194.88,5965.07,6031.6,2207100000.0,99763200000
bitcoin-cash,2017-10-21,326.75,328.45,317.46,323.36,129938000.0,5458980000.0
bitshares,2017-10-21,0.049908999999999995,0.055224,0.048904,0.054016999999999996,3276450.0,129802000
bytecoin-bcn,2017-10-21,0.001507,0.001541,0.001458,0.00149,790456.0,276135000
cardano,2017-10-21,0.030805000000000003,0.030805000000000003,0.027977,0.028436000000000003,5344520.0,798697000.0
dash,2017-10-21,288.95,290.12,272.08,277.86,47244600.0,2205720000
dogecoin,2017-10-21,0.001048,0.001068,0.000959,0.001007,3157240.0,116880000
ethereum,2017-10-21,303.57,303.93,291.77,300.19,408014000.0,28906600000.0
ethereum-classic,2017-10-21,11.21,11.31,10.79,10.92,20451400.0,1083120000.0
iota,2017-10-21,0.403854,0.406504,0.32436,0.393045,20120500.0,1122530000
lisk,2017-10-21,4.9,4.92,4.46,4.71,9333630.0,558166000.0
litecoin,2017-10-21,60.3,60.52,56.83,58.2,139503000.0,3224150000
monero,2017-10-21,90.41,90.41,86.58,88.12,25267200.0,1378290000
nano,2017-10-21,0.116979,0.125462,0.10628199999999999,0.10818499999999999,252275.0,14671000.0
nem,2017-10-21,0.21600999999999998,0.21706,0.200346,0.21267600000000003,4326590.0,1944090000
neo,2017-10-21,27.76,28.28,26.04,27.13,34058900.0,1387840000.0
qtum,2017-10-21,11.25,11.35,10.5,10.91,56075000.0,828306000.0
ripple,2017-10-21,0.210189,0.212381,0.200774,0.21101599999999998,116807000.0,8098920000
siacoin,2017-10-21,0.003815,0.003832,0.0035189999999999996,0.003667,1590810.0,115430000.0
steem,2017-10-21,0.999598,1.02,0.893548,0.9744719999999999,1126320.0,244149000
stellar,2017-10-21,0.027343,0.038015,0.02425,0.036429,60801200.0,453565000
verge,2017-10-21,0.004449,0.005062,0.004096,0.004749000000000001,1853300.0,62890500
zcash,2017-10-21,222.05,223.39,208.83,212.46,37115000.0,542326000
bitcoin,2017-10-22,6036.66,6076.26,5792.34,6008.42,2034630000.0,100438000000
bitcoin-cash,2017-10-22,323.5,355.52,323.5,331.66,355546000.0,5405020000.0
bitshares,2017-10-22,0.054282000000000004,0.05475599999999999,0.050423,0.05260700000000001,2043700.0,141178000
bytecoin-bcn,2017-10-22,0.001507,0.001515,0.0014320000000000001,0.001492,1163540.0,276122000
cardano,2017-10-22,0.028564999999999997,0.028744,0.027093,0.027729000000000004,2930210.0,740608000.0
dash,2017-10-22,277.93,283.88,269.73,275.7,46070400.0,2122130000
dogecoin,2017-10-22,0.001008,0.001077,0.000976,0.001023,2583310.0,112508000
ethereum,2017-10-22,300.55,305.5,292.81,295.45,327387000.0,28624800000.0
ethereum-classic,2017-10-22,10.93,11.25,10.72,10.83,19648600.0,1057170000.0
iota,2017-10-22,0.390836,0.411999,0.381438,0.392542,9322400.0,1086340000
lisk,2017-10-22,4.7,4.83,4.64,4.74,7477790.0,535472000.0
litecoin,2017-10-22,58.27,58.65,56.44,56.81,96781400.0,3116350000
monero,2017-10-22,88.18,89.04,85.52,86.58,27130000.0,1344760000
nano,2017-10-22,0.10881099999999999,0.12028,0.105367,0.119289,193139.0,13646600.0
nem,2017-10-22,0.213296,0.219752,0.20080499999999998,0.21194899999999997,4615270.0,1919670000
neo,2017-10-22,27.15,29.48,27.1,28.79,36184100.0,1357500000.0
qtum,2017-10-22,10.97,11.06,10.56,10.63,33890300.0,807214000.0
ripple,2017-10-22,0.21095799999999998,0.21190100000000003,0.200722,0.204177,75849500.0,8128520000
siacoin,2017-10-22,0.003668,0.003812,0.0035770000000000003,0.0037450000000000005,1082130.0,111094000.0
steem,2017-10-22,0.9720409999999999,1.03,0.939994,0.974535,789056.0,237509000
stellar,2017-10-22,0.036487,0.037668,0.030483,0.031269,56070400.0,605233000
verge,2017-10-22,0.004807,0.005027,0.004569,0.004736,1443660.0,67971500
zcash,2017-10-22,212.82,219.28,208.3,213.73,26263000.0,521286000
bitcoin,2017-10-23,6006.0,6075.59,5732.47,5930.32,2401840000.0,99941600000
bitcoin-cash,2017-10-23,330.67,332.28,309.87,315.6,191558000.0,5524790000.0
bitcoin-gold,2017-10-23,479.82,539.72,479.82,500.13,7652060.0,
bitshares,2017-10-23,0.05241799999999999,0.052679,0.049198,0.049859,2640720.0,136333000
bytecoin-bcn,2017-10-23,0.001491,0.001511,0.001283,0.001323,2064250.0,273152000
cardano,2017-10-23,0.027683999999999997,0.028051,0.024345,0.025454,3517050.0,717768000.0
dash,2017-10-23,275.44,291.24,263.91,284.23,52259300.0,2103630000
dogecoin,2017-10-23,0.0010220000000000001,0.001053,0.000959,0.001016,3524540.0,114107000
ethereum,2017-10-23,295.1,295.75,277.57,286.95,482336000.0,28111400000.0
ethereum-classic,2017-10-23,10.82,10.82,9.97,10.28,39358200.0,1046200000.0
iota,2017-10-23,0.391371,0.39923400000000003,0.36494,0.38648699999999997,12380800.0,1087830000
lisk,2017-10-23,4.72,4.81,4.42,4.71,7981790.0,537739000.0
litecoin,2017-10-23,56.77,56.77,52.87,54.92,177315000.0,3036830000
monero,2017-10-23,86.48,86.92,82.89,85.21,26261800.0,1319200000
nano,2017-10-23,0.117897,0.134671,0.106504,0.109393,190491.0,14786100.0
nem,2017-10-23,0.211283,0.21221900000000002,0.194769,0.199053,4987880.0,1901550000
neo,2017-10-23,28.49,28.65,26.43,27.51,28154800.0,1424610000.0
qtum,2017-10-23,10.59,10.6,9.75,9.96,50654800.0,779244000.0
ripple,2017-10-23,0.203504,0.20391900000000002,0.190729,0.196928,99914800.0,7841330000
siacoin,2017-10-23,0.0037689999999999998,0.003788,0.0034340000000000004,0.00349,995359.0,114254000.0
steem,2017-10-23,0.9748690000000001,0.9880700000000001,0.8808309999999999,0.926321,787480.0,238354000
stellar,2017-10-23,0.031206,0.036949,0.030019,0.033832,43494400.0,517635000
verge,2017-10-23,0.004673,0.004807,0.0042439999999999995,0.004639,1534870.0,66087100
zcash,2017-10-23,213.41,213.42,201.15,206.52,26665700.0,524261000
bitcoin,2017-10-24,5935.52,5935.52,5504.18,5526.64,2735700000.0,98781600000
bitcoin-cash,2017-10-24,315.9,340.45,311.48,326.89,267442000.0,5278410000.0
bitcoin-gold,2017-10-24,498.44,500.75,141.09,142.92,23301700.0,
bitshares,2017-10-24,0.04949,0.055471000000000006,0.049339,0.053069000000000005,3605990.0,128719000
bytecoin-bcn,2017-10-24,0.0013390000000000001,0.0015279999999999998,0.0012519999999999999,0.001392,4495360.0,245306000
cardano,2017-10-24,0.025338999999999997,0.028956,0.023766,0.027193000000000002,7589560.0,656966000.0
dash,2017-10-24,283.94,302.65,277.2,293.2,59674600.0,2169120000
dogecoin,2017-10-24,0.001013,0.001139,0.000965,0.001092,5253740.0,113083000
ethereum,2017-10-24,287.12,311.96,282.66,298.33,684281000.0,27357500000.0
ethereum-classic,2017-10-24,10.28,10.99,10.0,10.6,41969800.0,994988000.0
iota,2017-10-24,0.389144,0.502278,0.377494,0.453682,47178400.0,1081640000
lisk,2017-10-24,4.69,5.94,4.61,5.53,17643400.0,534693000.0
litecoin,2017-10-24,54.96,59.1,53.29,55.96,199789000.0,2940790000
monero,2017-10-24,85.16,92.35,83.47,88.4,42191100.0,1299330000
nano,2017-10-24,0.10888900000000001,0.117656,0.104717,0.10785399999999999,141091.0,13656300.0
nem,2017-10-24,0.197404,0.21669899999999997,0.191158,0.21261599999999997,5808170.0,1776640000
neo,2017-10-24,27.34,32.72,26.73,30.15,78225600.0,1367240000.0
qtum,2017-10-24,9.96,11.46,9.52,10.76,118813000.0,733399000.0
ripple,2017-10-24,0.19556700000000002,0.21750799999999998,0.19045499999999999,0.206644,220081000.0,7535480000
siacoin,2017-10-24,0.003514,0.004361,0.00337,0.003971,3220020.0,106599000.0
steem,2017-10-24,0.93048,1.07,0.898789,0.993993,1412570.0,227660000
stellar,2017-10-24,0.034466000000000004,0.042908999999999996,0.033463,0.036649,73178900.0,571714000
verge,2017-10-24,0.004628,0.006534999999999999,0.004526,0.005794,7556820.0,65478400
zcash,2017-10-24,206.59,227.38,205.07,216.04,37788300.0,509003000
bitcoin,2017-10-25,5524.6,5754.33,5397.88,5750.8,1966990000.0,91954200000
bitcoin-cash,2017-10-25,326.59,334.38,320.38,332.13,151935000.0,5457720000.0
bitcoin-gold,2017-10-25,143.15,165.8,125.83,137.09,16040700.0,
bitshares,2017-10-25,0.053255,0.053939999999999995,0.050026999999999995,0.052289999999999996,2169220.0,138510000
bytecoin-bcn,2017-10-25,0.001384,0.0014119999999999998,0.0013109999999999999,0.001396,2688860.0,253574000
cardano,2017-10-25,0.027038,0.027846,0.026106999999999998,0.027527,2561430.0,701019000.0
dash,2017-10-25,294.47,298.78,283.92,289.14,43986700.0,2250180000
dogecoin,2017-10-25,0.0011,0.0011,0.001009,0.001056,2198320.0,122793000
ethereum,2017-10-25,298.44,301.85,290.72,297.93,325040000.0,28442000000.0
ethereum-classic,2017-10-25,10.58,10.75,10.3,10.63,25582600.0,1024260000.0
iota,2017-10-25,0.45535600000000004,0.473467,0.430005,0.44344799999999995,14379600.0,1265680000
lisk,2017-10-25,5.57,5.57,5.02,5.2,10980300.0,635269000.0
litecoin,2017-10-25,55.95,56.58,54.09,56.49,114510000.0,2994670000
monero,2017-10-25,88.49,101.29,85.82,88.13,59952100.0,1350650000
nano,2017-10-25,0.107899,0.115354,0.100425,0.11386199999999999,149245.0,13532200.0
nem,2017-10-25,0.21202800000000002,0.214658,0.20168599999999998,0.20649499999999998,4171090.0,1908250000
neo,2017-10-25,30.11,30.11,28.54,28.54,35558400.0,1505590000.0
qtum,2017-10-25,10.78,10.92,10.37,10.65,48104100.0,793779000.0
ripple,2017-10-25,0.20711300000000002,0.20823699999999998,0.201803,0.204604,75017500.0,7980370000
siacoin,2017-10-25,0.003988,0.0040490000000000005,0.003807,0.0038740000000000003,1247090.0,121082000.0
steem,2017-10-25,0.9947440000000001,1.03,0.896649,0.998517,861748.0,243448000
stellar,2017-10-25,0.036433,0.037877,0.034006,0.035004,35434500.0,604354000
verge,2017-10-25,0.005794,0.005808,0.00509,0.005393,2534310.0,81999200
zcash,2017-10-25,215.9,227.99,208.75,217.69,44717900.0,533463000
bitcoin,2017-10-26,5747.95,5976.8,5721.22,5904.83,1905040000.0,95685100000
bitcoin-cash,2017-10-26,332.11,350.94,331.21,338.2,234967000.0,5550700000.0
bitcoin-gold,2017-10-26,137.03,143.64,121.05,136.23,11556600.0,
bitshares,2017-10-26,0.052486,0.053698,0.051257000000000004,0.052257000000000005,1518030.0,136515000
bytecoin-bcn,2017-10-26,0.001401,0.001448,0.001324,0.001342,2137650.0,256820000
cardano,2017-10-26,0.027408999999999996,0.02756,0.026477999999999998,0.027132,2437710.0,710649000.0
dash,2017-10-26,289.03,292.41,282.78,286.13,49309000.0,2209130000
dogecoin,2017-10-26,0.0010550000000000002,0.00109,0.001017,0.001051,1559670.0,117793000
ethereum,2017-10-26,298.02,301.07,295.22,296.53,270273000.0,28408400000.0
ethereum-classic,2017-10-26,10.62,10.72,10.46,10.5,18961900.0,1028580000.0
iota,2017-10-26,0.443666,0.455887,0.41192799999999996,0.41710699999999995,10747100.0,1233180000
lisk,2017-10-26,5.18,5.39,4.95,5.18,9611640.0,590839000.0
litecoin,2017-10-26,56.47,57.15,55.28,55.74,81104700.0,3023150000
monero,2017-10-26,88.17,89.87,88.02,88.58,23132200.0,1346070000
nano,2017-10-26,0.11383199999999999,0.119487,0.10939600000000001,0.112794,128386.0,15167900.0
nem,2017-10-26,0.20568499999999998,0.20713499999999999,0.194916,0.199005,4683120.0,1851170000
neo,2017-10-26,28.48,29.39,28.06,28.33,35987900.0,1423950000.0
qtum,2017-10-26,10.66,10.79,10.45,10.57,26461700.0,784784000.0
ripple,2017-10-26,0.20444400000000001,0.206289,0.20265999999999998,0.203628,38193100.0,7877530000
siacoin,2017-10-26,0.003875,0.003929,0.003674,0.0037670000000000004,1095540.0,117748000.0
steem,2017-10-26,0.9980020000000001,1.03,0.9375399999999999,0.963551,880426.0,244303000
stellar,2017-10-26,0.035246,0.037127,0.034463,0.034546,23633200.0,584651000
verge,2017-10-26,0.005282,0.00555,0.005045,0.005183,1917420.0,74772700
zcash,2017-10-26,217.36,235.65,217.36,233.67,41638100.0,538633000
bitcoin,2017-10-27,5899.74,5988.39,5728.82,5780.9,1710130000.0,98225400000
bitcoin-cash,2017-10-27,338.3,372.81,338.24,367.57,501989000.0,5655870000.0
bitcoin-gold,2017-10-27,137.24,137.98,118.33,120.66,8217860.0,
bitshares,2017-10-27,0.052322,0.05416900000000001,0.05148099999999999,0.052926,1925930.0,136089000
bytecoin-bcn,2017-10-27,0.0013390000000000001,0.0014140000000000001,0.0013189999999999999,0.001334,2847630.0,245409000
cardano,2017-10-27,0.027138,0.027462999999999998,0.025674000000000002,0.026382,2511440.0,703611000.0
dash,2017-10-27,286.14,289.13,279.33,280.48,38421900.0,2187650000
dogecoin,2017-10-27,0.001052,0.0010869999999999999,0.001024,0.001052,1414540.0,117456000
ethereum,2017-10-27,296.51,299.26,294.06,297.42,257169000.0,28270100000.0
ethereum-classic,2017-10-27,10.49,10.56,10.32,10.38,21540100.0,1015860000.0
iota,2017-10-27,0.41674399999999995,0.43944099999999997,0.395594,0.42335500000000004,8963410.0,1158350000
lisk,2017-10-27,5.17,5.17,4.87,4.96,7382280.0,589906000.0
litecoin,2017-10-27,55.67,56.25,55.15,55.33,78923100.0,2981330000
monero,2017-10-27,88.58,89.19,86.43,86.75,27939000.0,1352700000
nano,2017-10-27,0.11328099999999999,0.11425,0.10866700000000001,0.11095899999999999,104199.0,15094500.0
nem,2017-10-27,0.199349,0.200953,0.1948,0.19794,3603110.0,1794140000
neo,2017-10-27,28.33,28.88,28.1,28.76,28919000.0,1416350000.0
qtum,2017-10-27,10.56,10.63,10.26,10.3,27344700.0,777594000.0
ripple,2017-10-27,0.20366800000000002,0.204492,0.201771,0.202785,29623000.0,7847650000
siacoin,2017-10-27,0.003796,0.003933,0.0036710000000000002,0.003909,987929.0,115427000.0
steem,2017-10-27,0.974958,1.0,0.945824,0.989806,601412.0,238670000
stellar,2017-10-27,0.03468,0.035061,0.033246,0.034236,15974900.0,575271000
verge,2017-10-27,0.005181,0.005425,0.004934,0.005345,1462990.0,73367800
zcash,2017-10-27,233.33,255.91,227.84,244.52,131517000.0,579905000
bitcoin,2017-10-28,5787.82,5876.72,5689.19,5753.09,1403920000.0,96369600000
bitcoin-cash,2017-10-28,369.54,425.44,369.06,423.35,781037000.0,6183520000.0
bitcoin-gold,2017-10-28,120.52,123.43,106.18,115.82,5635800.0,
bitshares,2017-10-28,0.053070000000000006,0.0537,0.051422,0.051667,1419660.0,138039000
bytecoin-bcn,2017-10-28,0.00134,0.001379,0.001297,0.001322,1952020.0,245613000
cardano,2017-10-28,0.026338999999999998,0.026853,0.025593,0.025866000000000004,1739460.0,682882000.0
dash,2017-10-28,281.42,287.92,272.36,275.69,47092100.0,2152090000
dogecoin,2017-10-28,0.0010400000000000001,0.00116,0.000992,0.001037,1072410.0,116187000
ethereum,2017-10-28,297.92,300.36,293.58,296.3,264424000.0,28410400000.0
ethereum-classic,2017-10-28,10.4,10.68,10.29,10.55,24204100.0,1007430000.0
iota,2017-10-28,0.424433,0.42817299999999997,0.39121500000000003,0.395483,9075000.0,1179720000
lisk,2017-10-28,4.98,5.08,4.67,4.68,7004750.0,567727000.0
litecoin,2017-10-28,55.38,56.13,54.57,54.69,71063200.0,2966700000
monero,2017-10-28,86.91,87.76,85.71,86.31,25397400.0,1327650000
nano,2017-10-28,0.111453,0.113113,0.106956,0.109001,55303.0,14850900.0
nem,2017-10-28,0.197981,0.20523400000000003,0.193193,0.197236,4671300.0,1781830000
neo,2017-10-28,28.86,28.99,27.17,27.35,25368200.0,1443000000.0
qtum,2017-10-28,10.33,10.38,10.18,10.21,23588200.0,760135000.0
ripple,2017-10-28,0.202592,0.203476,0.201401,0.201835,26864900.0,7806200000
siacoin,2017-10-28,0.00389,0.003953,0.003713,0.003774,966081.0,118368000.0
steem,2017-10-28,0.9916520000000001,1.01,0.927472,0.941843,643861.0,242821000
stellar,2017-10-28,0.034283999999999995,0.034615,0.030938,0.031038,8887170.0,568695000
verge,2017-10-28,0.00536,0.00569,0.005184,0.005275,1735710.0,75914400
zcash,2017-10-28,243.72,246.68,231.06,231.07,45309100.0,607479000
bitcoin,2017-10-29,5754.44,6255.71,5724.58,6153.85,2859040000.0,95819800000
bitcoin-cash,2017-10-29,420.47,526.12,408.4,451.92,2002440000.0,7042260000.0
bitcoin-gold,2017-10-29,115.92,139.26,115.21,139.18,11295300.0,
bitshares,2017-10-29,0.052020000000000004,0.055903999999999995,0.051666,0.054771,2438550.0,135309000
bytecoin-bcn,2017-10-29,0.001317,0.001478,0.001296,0.0014320000000000001,7363370.0,241430000
cardano,2017-10-29,0.025831,0.029837,0.025626,0.028607,4746180.0,669716000.0
dash,2017-10-29,275.25,288.6,275.25,283.93,75483100.0,2105420000
dogecoin,2017-10-29,0.001037,0.0012369999999999998,0.000993,0.001173,19651600.0,115860000
ethereum,2017-10-29,296.38,313.75,296.38,305.09,551752000.0,28270200000.0
ethereum-classic,2017-10-29,10.59,11.2,10.59,10.86,65005200.0,1026380000.0
iota,2017-10-29,0.395947,0.413541,0.367674,0.40371999999999997,15972200.0,1100550000
lisk,2017-10-29,4.68,4.96,4.67,4.88,8168720.0,534088000.0
litecoin,2017-10-29,54.67,57.75,54.49,57.11,138340000.0,2929280000
monero,2017-10-29,86.27,90.36,86.27,88.65,38368700.0,1318160000
nano,2017-10-29,0.10877200000000001,0.121125,0.106669,0.11787,99591.0,14493700.0
nem,2017-10-29,0.19733299999999998,0.209081,0.192299,0.201337,8599400.0,1776000000
neo,2017-10-29,27.2,28.61,27.2,27.76,29736500.0,1360230000.0
qtum,2017-10-29,10.19,10.54,10.18,10.42,40119600.0,750443000.0
ripple,2017-10-29,0.20135799999999998,0.205209,0.200075,0.202785,62511100.0,7758640000
siacoin,2017-10-29,0.0037479999999999996,0.003915,0.0037020000000000004,0.003778,2347960.0,114111000.0
steem,2017-10-29,0.945126,1.04,0.939054,0.972884,978812.0,231519000
stellar,2017-10-29,0.031104000000000003,0.033389,0.029866000000000004,0.030331,22646700.0,515949000
verge,2017-10-29,0.005268,0.005483,0.005098,0.005261999999999999,1629090.0,74631200
zcash,2017-10-29,231.63,238.78,224.64,234.33,59020900.0,578982000
bitcoin,2017-10-30,6114.85,6214.99,6040.85,6130.53,1772150000.0,101833000000
bitcoin-cash,2017-10-30,458.45,478.42,417.62,448.23,796409000.0,7679000000.0
bitcoin-gold,2017-10-30,138.65,138.65,126.42,132.8,6730380.0,
bitshares,2017-10-30,0.054848,0.057696000000000004,0.054714,0.056902999999999995,1637550.0,142668000
bytecoin-bcn,2017-10-30,0.001431,0.001464,0.001352,0.001372,2209860.0,262221000
cardano,2017-10-30,0.028318,0.028874,0.027586000000000003,0.028582999999999997,3781270.0,734193000.0
dash,2017-10-30,283.65,287.69,282.32,285.94,40805700.0,2170290000
dogecoin,2017-10-30,0.001224,0.001228,0.001103,0.001151,2979150.0,136755000
ethereum,2017-10-30,304.78,310.5,304.35,307.75,331442000.0,29077600000.0
ethereum-classic,2017-10-30,10.84,10.97,10.8,10.87,20081700.0,1050600000.0
iota,2017-10-30,0.40310300000000004,0.415571,0.38560300000000003,0.409046,9124580.0,1120440000
lisk,2017-10-30,4.86,4.94,4.71,4.93,8187830.0,555173000.0
litecoin,2017-10-30,56.84,58.55,56.24,56.39,129287000.0,3046410000
monero,2017-10-30,88.59,90.49,88.04,88.84,28179100.0,1354090000
nano,2017-10-30,0.11766300000000002,0.11766300000000002,0.111783,0.114378,104774.0,15678400.0
nem,2017-10-30,0.200239,0.20373,0.196393,0.200415,3529450.0,1802150000
neo,2017-10-30,27.72,29.49,27.71,28.79,30968500.0,1801620000.0
qtum,2017-10-30,10.39,10.48,10.29,10.39,21781900.0,765031000.0
ripple,2017-10-30,0.203076,0.20413499999999998,0.20194600000000001,0.202711,34835100.0,7824820000
siacoin,2017-10-30,0.0037979999999999997,0.0038810000000000003,0.0036659999999999996,0.003752,977199.0,115740000.0
steem,2017-10-30,0.966413,0.9937739999999999,0.954415,0.970985,732532.0,236803000
stellar,2017-10-30,0.030731,0.032085,0.029874,0.031804,14186100.0,509767000
verge,2017-10-30,0.005174,0.006036,0.005174,0.005654,2412710.0,73320200
zcash,2017-10-30,233.63,244.42,229.0,241.22,50794000.0,585624000
bitcoin,2017-10-31,6132.02,6470.43,6103.33,6468.4,2311380000.0,102130000000
bitcoin-cash,2017-10-31,449.37,454.07,431.76,439.05,343799000.0,7527260000.0
bitcoin-gold,2017-10-31,133.84,164.55,132.16,156.73,18906800.0,
bitshares,2017-10-31,0.056715999999999996,0.07922799999999999,0.056026,0.07322200000000001,7501160.0,147529000
bytecoin-bcn,2017-10-31,0.001368,0.001417,0.001349,0.00141,1148530.0,250673000
cardano,2017-10-31,0.028547000000000003,0.030713999999999998,0.028075,0.030437,7304450.0,740140000.0
dash,2017-10-31,285.39,286.21,278.73,279.15,50260500.0,2184110000
dogecoin,2017-10-31,0.001143,0.001196,0.001106,0.001124,3075460.0,127721000
ethereum,2017-10-31,307.38,310.55,305.88,305.88,369583000.0,29331500000.0
ethereum-classic,2017-10-31,10.87,10.94,10.62,10.62,27241200.0,1053730000.0
iota,2017-10-31,0.407912,0.40834000000000004,0.390312,0.390915,7839910.0,1133800000
lisk,2017-10-31,4.91,4.95,4.72,4.74,7576110.0,561021000.0
litecoin,2017-10-31,56.37,56.79,55.72,55.75,99381100.0,3021830000
monero,2017-10-31,88.75,89.33,87.6,87.64,28704900.0,1356840000
nano,2017-10-31,0.11399000000000001,0.11688699999999999,0.11126099999999998,0.111908,190734.0,15188900.0
nem,2017-10-31,0.199406,0.201302,0.18352100000000002,0.186771,6031700.0,1794650000
neo,2017-10-31,28.69,30.44,28.47,28.47,61688400.0,1864890000.0
qtum,2017-10-31,10.38,10.88,10.35,10.45,43306600.0,764029000.0
ripple,2017-10-31,0.202405,0.203778,0.200461,0.200558,43875700.0,7798990000
siacoin,2017-10-31,0.003761,0.003812,0.003547,0.0036130000000000003,1292710.0,114690000.0
steem,2017-10-31,0.961082,0.9968040000000001,0.942736,0.943716,820424.0,235556000
stellar,2017-10-31,0.031606,0.031814999999999996,0.028622,0.029182,16918000.0,524277000
verge,2017-10-31,0.005599,0.00759,0.0053490000000000005,0.007156999999999999,13949100.0,79367800
zcash,2017-10-31,239.86,239.93,231.72,233.01,38363600.0,602974000
bitcoin,2017-11-01,6440.97,6767.31,6377.88,6767.31,2870320000.0,107287000000
bitcoin-cash,2017-11-01,438.3,538.26,437.91,531.83,1152230000.0,7342250000.0
bitcoin-gold,2017-11-01,157.03,159.76,140.55,144.88,14898100.0,
bitshares,2017-11-01,0.074201,0.074857,0.063465,0.06382,7607650.0,193013000
bytecoin-bcn,2017-11-01,0.0014089999999999999,0.001519,0.001387,0.001411,2406700.0,258212000
cardano,2017-11-01,0.029126,0.029219,0.022986000000000003,0.022986000000000003,9382780.0,755165000.0
dash,2017-11-01,278.5,279.67,270.77,271.56,50960300.0,2131960000
dogecoin,2017-11-01,0.001143,0.001175,0.00109,0.0011380000000000001,2821950.0,127682000
ethereum,2017-11-01,305.76,306.4,290.58,291.69,553864000.0,29183600000.0
ethereum-classic,2017-11-01,10.6,10.67,10.25,10.26,30011800.0,1028310000.0
iota,2017-11-01,0.390863,0.390863,0.35669,0.36391999999999997,11944600.0,1086410000
lisk,2017-11-01,4.74,4.74,4.48,4.51,10934000.0,541459000.0
litecoin,2017-11-01,55.74,55.74,53.18,53.18,112759000.0,2989140000
monero,2017-11-01,87.65,88.2,84.73,85.72,36899300.0,1340360000
nano,2017-11-01,0.11233199999999999,0.11233199999999999,0.095818,0.10083400000000001,137750.0,14968000.0
nem,2017-11-01,0.18695699999999998,0.188424,0.164959,0.16664500000000002,6190340.0,1682610000
neo,2017-11-01,28.38,28.44,26.68,26.86,49782800.0,1844740000.0
qtum,2017-11-01,10.41,10.41,9.92,9.93,26591700.0,766698000.0
ripple,2017-11-01,0.200247,0.20150099999999999,0.193613,0.194124,67921000.0,7715840000
siacoin,2017-11-01,0.003672,0.0036869999999999997,0.003435,0.003638,1359750.0,112061000.0
steem,2017-11-01,0.9412290000000001,0.960598,0.854941,0.8839629999999999,1379960.0,230762000
stellar,2017-11-01,0.029387,0.030124,0.027213,0.027353,14361700.0,487471000
verge,2017-11-01,0.007036,0.007036,0.006102000000000001,0.006258,7702290.0,99766400
zcash,2017-11-01,233.93,233.93,220.32,222.41,47917100.0,589719000
bitcoin,2017-11-02,6777.77,7367.33,6758.72,7078.5,4653770000.0,112910000000
bitcoin-cash,2017-11-02,527.68,610.39,514.52,587.22,1632060000.0,8840010000.0
bitcoin-gold,2017-11-02,144.9,147.03,122.97,127.51,12020600.0,
bitshares,2017-11-02,0.063584,0.064167,0.054327999999999994,0.057189,8547670.0,165401000
bytecoin-bcn,2017-11-02,0.001413,0.001482,0.00121,0.001225,4204140.0,259018000
cardano,2017-11-02,0.023079,0.024977000000000003,0.01821,0.021306,6165050.0,598375000.0
dash,2017-11-02,271.79,272.78,251.56,265.31,72437900.0,2081130000
dogecoin,2017-11-02,0.001109,0.001185,0.00105,0.001151,5326660.0,123876000
ethereum,2017-11-02,290.73,293.91,281.17,287.43,904901000.0,27754200000.0
ethereum-classic,2017-11-02,10.27,10.38,9.82,10.24,39190200.0,996639000.0
iota,2017-11-02,0.37096599999999996,0.380213,0.320862,0.366056,20942000.0,1031110000
lisk,2017-11-02,4.48,4.59,4.01,4.33,13966400.0,512403000.0
litecoin,2017-11-02,53.56,55.28,50.85,54.74,221077000.0,2872910000
monero,2017-11-02,85.66,86.08,81.68,83.76,48608100.0,1310390000
nano,2017-11-02,0.101536,0.102217,0.079428,0.08617000000000001,179810.0,13529500.0
nem,2017-11-02,0.166398,0.181257,0.150936,0.16688699999999998,8706750.0,1497580000
neo,2017-11-02,26.75,26.75,22.89,24.5,74455200.0,1738720000.0
qtum,2017-11-02,9.95,10.04,9.35,9.8,54501600.0,732691000.0
ripple,2017-11-02,0.194596,0.211848,0.183815,0.20586100000000002,197770000.0,7498090000
siacoin,2017-11-02,0.003607,0.003846,0.003144,0.0036560000000000004,2954490.0,110146000.0
steem,2017-11-02,0.884517,0.907249,0.808724,0.881441,1407280.0,216921000
stellar,2017-11-02,0.027025,0.028644,0.023969,0.027607,34417400.0,448293000
verge,2017-11-02,0.006201,0.006409000000000001,0.005556,0.005913,4871020.0,87938200
zcash,2017-11-02,222.91,224.15,212.09,218.16,47381200.0,563565000
bitcoin,2017-11-03,7087.53,7461.29,7002.94,7207.76,3369860000.0,118084000000
bitcoin-cash,2017-11-03,587.32,684.53,577.86,625.32,1682210000.0,9839760000.0
bitcoin-gold,2017-11-03,126.35,137.29,123.55,131.76,8035790.0,
bitshares,2017-11-03,0.057525,0.059322,0.052161,0.056713,4045720.0,149642000
bytecoin-bcn,2017-11-03,0.001228,0.001333,0.001147,0.001225,3012930.0,225068000
cardano,2017-11-03,0.021418,0.023213,0.019827,0.022628,2836080.0,555312000.0
dash,2017-11-03,263.89,281.39,262.98,278.59,62984900.0,2021200000
dogecoin,2017-11-03,0.001157,0.001215,0.0011070000000000001,0.001121,2813240.0,129294000
ethereum,2017-11-03,288.5,308.31,287.69,305.71,646340000.0,27547400000.0
ethereum-classic,2017-11-03,10.24,12.73,10.2,12.66,146543000.0,993753000.0
iota,2017-11-03,0.36296999999999996,0.396015,0.358817,0.39312600000000003,11427900.0,1008890000
lisk,2017-11-03,4.32,4.55,4.24,4.54,8505170.0,494304000.0
litecoin,2017-11-03,54.58,56.29,54.28,56.18,150030000.0,2928260000
monero,2017-11-03,83.53,90.14,83.53,87.99,37321100.0,1278080000
nano,2017-11-03,0.086636,0.09515900000000001,0.085252,0.088763,121970.0,11544100.0
nem,2017-11-03,0.166597,0.180035,0.160413,0.171728,5802310.0,1499370000
neo,2017-11-03,24.6,26.9,24.39,26.82,40142100.0,1598960000.0
qtum,2017-11-03,9.77,10.42,9.7,10.38,55018600.0,719701000.0
ripple,2017-11-03,0.20620500000000003,0.22802600000000003,0.201728,0.20813299999999998,373402000.0,7945410000
siacoin,2017-11-03,0.0036869999999999997,0.0036950000000000004,0.003387,0.003563,1080100.0,112677000.0
steem,2017-11-03,0.8652,0.9614379999999999,0.850508,0.9410649999999999,1158030.0,212338000
stellar,2017-11-03,0.027498,0.028573,0.02554,0.027779,18470900.0,456146000
verge,2017-11-03,0.005906000000000001,0.007197,0.005877,0.007115000000000001,5205730.0,83780400
zcash,2017-11-03,217.88,240.39,216.45,232.63,48622200.0,552362000
bitcoin,2017-11-04,7164.48,7492.86,7031.28,7379.95,2483800000.0,119376000000
bitcoin-cash,2017-11-04,635.35,642.05,571.12,620.45,1161370000.0,10647200000.0
bitcoin-gold,2017-11-04,131.6,144.41,128.28,142.17,9145650.0,
bitshares,2017-11-04,0.056679999999999994,0.060358,0.053824000000000004,0.059235,3531950.0,147448000
bytecoin-bcn,2017-11-04,0.001233,0.001299,0.00117,0.001254,3050140.0,226017000
cardano,2017-11-04,0.022640999999999998,0.023849000000000002,0.02197,0.022022,2626920.0,587012000.0
dash,2017-11-04,278.58,280.96,271.31,274.68,49462600.0,2135920000
dogecoin,2017-11-04,0.001143,0.001242,0.001098,0.001189,1986450.0,127722000
ethereum,2017-11-04,305.48,305.48,295.8,300.47,416479000.0,29175300000.0
ethereum-classic,2017-11-04,12.63,12.65,11.23,11.89,149319000.0,1226190000.0
iota,2017-11-04,0.391327,0.391546,0.36542800000000003,0.368643,8568260.0,1087700000
lisk,2017-11-04,4.52,4.78,4.4,4.59,8450130.0,517446000.0
litecoin,2017-11-04,56.22,56.37,54.94,55.04,83633100.0,3016940000
monero,2017-11-04,87.9,88.48,85.5,87.3,23011500.0,1345360000
nano,2017-11-04,0.086622,0.09414600000000001,0.083341,0.089887,107459.0,11542200.0
nem,2017-11-04,0.171515,0.177597,0.16839300000000001,0.170845,4231960.0,1543630000
neo,2017-11-04,26.77,27.74,25.94,26.49,31870600.0,1739980000.0
qtum,2017-11-04,10.31,10.4,9.82,10.05,35477100.0,759110000.0
ripple,2017-11-04,0.208083,0.208479,0.20213299999999998,0.20375,74013200.0,8017770000
siacoin,2017-11-04,0.003571,0.0037229999999999997,0.003447,0.0035479999999999995,1311410.0,109213000.0
steem,2017-11-04,0.938682,0.965657,0.893071,0.9103120000000001,672802.0,230573000
stellar,2017-11-04,0.027829000000000003,0.02866,0.026961000000000002,0.027294,10822300.0,461640000
verge,2017-11-04,0.007109999999999999,0.007956999999999999,0.007037999999999999,0.007716,9060670.0,100900000
zcash,2017-11-04,232.63,234.51,224.81,230.39,36530200.0,591459000
bitcoin,2017-11-05,7404.52,7617.48,7333.19,7407.41,2380410000.0,123388000000
bitcoin-cash,2017-11-05,619.91,635.72,579.13,630.7,816028000.0,10390900000.0
bitcoin-gold,2017-11-05,141.79,175.96,140.0,165.76,16915700.0,
bitshares,2017-11-05,0.059183000000000006,0.061036,0.057901,0.059444000000000004,2412940.0,153962000
bytecoin-bcn,2017-11-05,0.00125,0.001301,0.001231,0.001247,2079500.0,229106000
cardano,2017-11-05,0.022054,0.023006,0.020635,0.020635,2396230.0,571799000.0
dash,2017-11-05,274.33,277.0,270.29,273.17,41028900.0,2103900000
dogecoin,2017-11-05,0.001168,0.001236,0.001142,0.001182,1668270.0,130567000
ethereum,2017-11-05,300.04,301.37,295.12,296.26,337658000.0,28661500000.0
ethereum-classic,2017-11-05,11.86,14.23,11.8,13.24,333395000.0,1152170000.0
iota,2017-11-05,0.367915,0.37091,0.335194,0.350084,12950500.0,1022630000
lisk,2017-11-05,4.58,4.63,4.42,4.44,6841900.0,524234000.0
litecoin,2017-11-05,55.03,55.48,54.63,54.75,84302000.0,2953940000
monero,2017-11-05,87.31,88.04,86.04,86.35,27619800.0,1336790000
nano,2017-11-05,0.088797,0.114327,0.088488,0.108652,116129.0,11832000.0
nem,2017-11-05,0.17076,0.180309,0.162022,0.180309,4400860.0,1536840000
neo,2017-11-05,26.48,26.72,25.79,26.38,25229700.0,1721090000.0
qtum,2017-11-05,10.04,10.43,9.96,10.13,49288500.0,739113000.0
ripple,2017-11-05,0.203274,0.20512399999999997,0.20111700000000002,0.20205499999999998,46959000.0,7832450000
siacoin,2017-11-05,0.003507,0.003573,0.0033810000000000003,0.00344,955835.0,107352000.0
steem,2017-11-05,0.907709,0.944066,0.8646799999999999,0.8731040000000001,723016.0,223024000
stellar,2017-11-05,0.027244,0.027869,0.026324,0.026764999999999997,8898200.0,451932000
verge,2017-11-05,0.007701,0.009003,0.007337000000000001,0.00847,9120990.0,109309000
zcash,2017-11-05,230.32,232.77,224.34,225.35,38159100.0,587210000
bitcoin,2017-11-06,7403.22,7445.77,7007.31,7022.76,3111900000.0,123379000000
bitcoin-cash,2017-11-06,630.31,657.34,602.65,602.65,794105000.0,10566600000.0
bitcoin-gold,2017-11-06,165.49,170.19,148.12,148.77,10901900.0,
bitshares,2017-11-06,0.059221,0.060554,0.05709500000000001,0.059709000000000005,2471030.0,154063000
bytecoin-bcn,2017-11-06,0.001258,0.001309,0.001192,0.001192,2363100.0,230547000
cardano,2017-11-06,0.020977000000000003,0.023609,0.020534,0.021881,4591160.0,543879000.0
dash,2017-11-06,273.47,280.44,268.46,275.68,60053700.0,2097820000
dogecoin,2017-11-06,0.0011710000000000002,0.001243,0.001145,0.0011539999999999999,1997300.0,130955000
ethereum,2017-11-06,296.43,305.42,293.72,298.89,579359000.0,28322700000.0
ethereum-classic,2017-11-06,13.3,15.64,13.13,14.33,435668000.0,1292090000.0
iota,2017-11-06,0.351011,0.378777,0.33886700000000003,0.37393899999999997,13258400.0,975647000
lisk,2017-11-06,4.46,4.64,4.36,4.59,8039310.0,510696000.0
litecoin,2017-11-06,54.76,56.17,53.95,55.17,133918000.0,2940380000
monero,2017-11-06,86.42,102.92,86.15,102.92,103722000.0,1323540000
nano,2017-11-06,0.108891,0.111221,0.094322,0.09627000000000001,127602.0,14509500.0
nem,2017-11-06,0.18134,0.20805,0.174593,0.186642,11718500.0,1632060000
neo,2017-11-06,26.47,26.81,25.95,26.32,26798400.0,1720760000.0
qtum,2017-11-06,10.13,11.18,10.06,10.44,116937000.0,745802000.0
ripple,2017-11-06,0.201967,0.208662,0.20140999999999998,0.20599,102233000.0,7782080000
siacoin,2017-11-06,0.0034289999999999998,0.003718,0.0034289999999999998,0.0036609999999999998,1927920.0,105052000.0
steem,2017-11-06,0.8835790000000001,0.906,0.849599,0.857927,849436.0,217146000
stellar,2017-11-06,0.026694,0.029117,0.026422,0.02888,12830800.0,442813000
verge,2017-11-06,0.008517,0.00978,0.007915,0.007915,15782700.0,120924000
zcash,2017-11-06,225.65,236.34,222.34,228.69,47873100.0,576941000
bitcoin,2017-11-07,7023.1,7253.32,7023.1,7144.38,2326340000.0,117056000000
bitcoin-cash,2017-11-07,602.68,626.21,602.45,616.3,375367000.0,10105200000.0
bitcoin-gold,2017-11-07,149.25,159.22,149.25,153.35,7219510.0,
bitshares,2017-11-07,0.059660000000000005,0.066134,0.059233,0.065026,2537470.0,155208000
bytecoin-bcn,2017-11-07,0.0011970000000000001,0.001292,0.001193,0.001292,2303500.0,219362000
cardano,2017-11-07,0.021846,0.023347,0.021414,0.022195,2539540.0,566399000.0
dash,2017-11-07,274.87,304.55,274.87,293.38,92431200.0,2109120000
dogecoin,2017-11-07,0.001157,0.001214,0.00115,0.0011769999999999999,2251920.0,129316000
ethereum,2017-11-07,298.57,304.84,290.77,294.66,540766000.0,28533300000.0
ethereum-classic,2017-11-07,14.14,14.99,13.58,13.92,173761000.0,1374590000.0
iota,2017-11-07,0.37150900000000003,0.397608,0.362284,0.383096,15415700.0,1032620000
lisk,2017-11-07,4.57,5.2,4.56,5.19,12194100.0,523482000.0
litecoin,2017-11-07,54.99,63.81,54.99,61.3,402670000.0,2953400000
monero,2017-11-07,104.23,104.75,95.05,99.76,81253300.0,1596750000
nano,2017-11-07,0.095805,0.10250799999999999,0.094706,0.099578,127112.0,12765800.0
nem,2017-11-07,0.186479,0.186945,0.17396,0.18024600000000002,4822430.0,1678310000
neo,2017-11-07,26.26,26.52,25.62,26.23,40146900.0,1706600000.0
qtum,2017-11-07,10.32,11.45,10.32,11.21,122951000.0,760320000.0
ripple,2017-11-07,0.205103,0.211375,0.203978,0.21035399999999999,114073000.0,7902920000
siacoin,2017-11-07,0.003654,0.0038350000000000003,0.003564,0.003682,1010300.0,112034000.0
steem,2017-11-07,0.857132,0.918161,0.840616,0.8635700000000001,928998.0,210706000
stellar,2017-11-07,0.028874,0.032871,0.028874,0.030699,30855800.0,478974000
verge,2017-11-07,0.007876000000000001,0.008612999999999999,0.006899,0.0074849999999999995,13530400.0,111852000
zcash,2017-11-07,228.75,245.02,228.27,240.87,55446200.0,586502000
bitcoin,2017-11-08,7141.38,7776.42,7114.02,7459.69,4602200000.0,119041000000
bitcoin-cash,2017-11-08,615.24,646.38,565.6,622.46,837646000.0,10317500000.0
bitcoin-gold,2017-11-08,153.13,159.34,135.21,139.39,12513700.0,
bitshares,2017-11-08,0.064952,0.07010599999999999,0.062525,0.067927,5731830.0,168980000
bytecoin-bcn,2017-11-08,0.001288,0.00132,0.001221,0.001268,1894370.0,235952000
cardano,2017-11-08,0.021912,0.026393,0.02166,0.025186,6367000.0,568104000.0
dash,2017-11-08,293.04,316.63,289.09,316.33,103556000.0,2249050000
dogecoin,2017-11-08,0.001175,0.00126,0.0011480000000000001,0.001222,3528340.0,131403000
ethereum,2017-11-08,294.27,318.7,293.1,309.07,967956000.0,28128700000.0
ethereum-classic,2017-11-08,14.09,14.43,13.73,14.02,139534000.0,1369880000.0
iota,2017-11-08,0.384301,0.48884799999999995,0.381925,0.475925,44738600.0,1068180000
lisk,2017-11-08,5.15,6.58,4.94,6.05,33549400.0,589631000.0
litecoin,2017-11-08,61.11,64.06,60.79,62.57,349454000.0,3283270000
monero,2017-11-08,99.82,115.94,99.14,113.31,79822900.0,1529550000
nano,2017-11-08,0.099242,0.12114200000000001,0.09729700000000001,0.10970899999999999,155664.0,13223900.0
nem,2017-11-08,0.179285,0.197062,0.177652,0.19429200000000002,6757370.0,1613560000
neo,2017-11-08,26.17,33.81,26.02,30.67,120273000.0,1700950000.0
qtum,2017-11-08,11.18,12.12,10.99,11.91,196034000.0,823231000.0
ripple,2017-11-08,0.210675,0.221458,0.20806,0.217437,156959000.0,8117620000
siacoin,2017-11-08,0.0036710000000000002,0.004144,0.003488,0.003961999999999999,3688710.0,112637000.0
steem,2017-11-08,0.8623639999999999,0.95534,0.8623639999999999,0.954058,1301880.0,212095000
stellar,2017-11-08,0.030657,0.035266000000000006,0.029160000000000002,0.033763,39618700.0,508549000
verge,2017-11-08,0.007398999999999999,0.008185,0.0068189999999999995,0.007851,10436000.0,105112000
zcash,2017-11-08,240.13,252.35,238.26,250.6,60804200.0,617406000
bitcoin,2017-11-09,7446.83,7446.83,7101.52,7143.58,3226250000.0,124146000000
bitcoin-cash,2017-11-09,622.31,670.14,619.26,654.3,710387000.0,10437700000.0
bitcoin-gold,2017-11-09,140.51,156.66,138.23,156.66,13140500.0,
bitshares,2017-11-09,0.067857,0.08336299999999999,0.067699,0.082825,6045660.0,176540000
bytecoin-bcn,2017-11-09,0.001267,0.00146,0.001214,0.001358,4402130.0,232161000
cardano,2017-11-09,0.02516,0.03506,0.025006,0.032053,18716200.0,652327000.0
dash,2017-11-09,315.48,337.23,311.82,326.01,110840000.0,2421910000
dogecoin,2017-11-09,0.001207,0.001415,0.001181,0.001415,6259550.0,134938000
ethereum,2017-11-09,308.64,329.45,307.06,320.88,893250000.0,29509000000.0
ethereum-classic,2017-11-09,13.98,14.5,13.9,14.21,129201000.0,1359370000.0
iota,2017-11-09,0.47596400000000005,0.593595,0.467588,0.535435,69996800.0,1322960000
lisk,2017-11-09,6.06,6.81,5.94,6.45,23326800.0,694710000.0
litecoin,2017-11-09,62.49,66.84,61.73,64.27,279653000.0,3358100000
monero,2017-11-09,112.53,123.41,112.22,120.78,86864600.0,1724820000
nano,2017-11-09,0.109579,0.169566,0.109215,0.146803,353097.0,14601300.0
nem,2017-11-09,0.193797,0.221762,0.189496,0.22092699999999998,7388760.0,1744180000
neo,2017-11-09,30.76,33.02,30.58,31.9,79919300.0,1999530000.0
qtum,2017-11-09,11.88,12.45,11.73,11.94,116434000.0,874753000.0
ripple,2017-11-09,0.21791100000000002,0.221791,0.21486599999999997,0.21748800000000001,147917000.0,8396440000
siacoin,2017-11-09,0.0039570000000000004,0.005323,0.003805,0.005046,6458570.0,121524000.0
steem,2017-11-09,0.940783,1.1,0.9194959999999999,0.988873,2512220.0,231449000
stellar,2017-11-09,0.033792,0.04038,0.033744,0.039945999999999995,32813200.0,560545000
verge,2017-11-09,0.007911,0.007963,0.007359999999999999,0.007462999999999999,4518290.0,112417000
zcash,2017-11-09,250.55,270.18,244.14,262.0,86573400.0,645990000
bitcoin,2017-11-10,7173.73,7312.0,6436.87,6618.14,5208250000.0,119607000000
bitcoin-cash,2017-11-10,651.77,1034.77,651.77,1007.42,5195420000.0,10933000000.0
bitcoin-gold,2017-11-10,157.49,213.4,155.39,213.4,36198500.0,
bitshares,2017-11-10,0.081859,0.08204,0.070996,0.074902,4315850.0,212973000
bytecoin-bcn,2017-11-10,0.0013570000000000001,0.001437,0.001219,0.0012369999999999998,2219310.0,248656000
cardano,2017-11-10,0.032219,0.033348,0.026451,0.027119,6766780.0,835352000.0
dash,2017-11-10,325.27,353.36,308.46,329.57,116352000.0,2497710000
dogecoin,2017-11-10,0.0014210000000000002,0.001431,0.001125,0.001163,4246520.0,158964000
ethereum,2017-11-10,320.67,324.72,294.54,299.25,885986000.0,30665200000.0
ethereum-classic,2017-11-10,14.19,15.35,13.92,14.6,299857000.0,1380350000.0
iota,2017-11-10,0.529091,0.562467,0.45948500000000003,0.5046010000000001,44756700.0,1470620000
lisk,2017-11-10,6.43,6.64,5.36,5.64,19419400.0,737826000.0
litecoin,2017-11-10,64.44,65.9,56.91,59.26,291596000.0,3463640000
monero,2017-11-10,121.34,121.67,101.76,105.59,84614000.0,1860390000
nano,2017-11-10,0.146282,0.14909,0.114946,0.12272899999999999,162878.0,19491800.0
nem,2017-11-10,0.22148,0.235801,0.18565399999999999,0.192903,10625300.0,1993320000
neo,2017-11-10,31.97,32.44,26.74,28.18,57756900.0,2078110000.0
qtum,2017-11-10,11.97,12.31,11.07,11.29,131906000.0,881364000.0
ripple,2017-11-10,0.218256,0.21906799999999998,0.20526,0.206483,141033000.0,8409740000
siacoin,2017-11-10,0.004951,0.005109000000000001,0.003972,0.004225,3780520.0,152191000.0
steem,2017-11-10,0.9740209999999999,1.02,0.8602920000000001,0.8804700000000001,1659390.0,239643000
stellar,2017-11-10,0.039833,0.039833,0.031366000000000005,0.033073000000000005,32634200.0,660767000
verge,2017-11-10,0.0074849999999999995,0.007717,0.006004,0.0064659999999999995,3987030.0,106391000
zcash,2017-11-10,261.95,272.76,231.58,237.88,78740400.0,677262000
bitcoin,2017-11-11,6618.61,6873.15,6204.22,6357.6,4908680000.0,110362000000
bitcoin-cash,2017-11-11,1001.64,1403.66,910.72,1340.45,5139770000.0,16807400000.0
bitcoin-gold,2017-11-11,213.12,509.81,213.12,427.13,187191000.0,
bitshares,2017-11-11,0.07446699999999999,0.08788,0.07446699999999999,0.082099,7338960.0,193747000
bytecoin-bcn,2017-11-11,0.001233,0.001296,0.001155,0.001201,2913560.0,225888000
cardano,2017-11-11,0.026891,0.029658999999999998,0.025684,0.027437,5532220.0,697209000.0
dash,2017-11-11,331.43,349.08,321.04,346.06,88651000.0,2545670000
dogecoin,2017-11-11,0.001146,0.001257,0.001141,0.001201,2231080.0,128149000
ethereum,2017-11-11,298.59,319.45,298.19,314.68,842301000.0,28559400000.0
ethereum-classic,2017-11-11,14.62,19.81,14.59,19.42,958982000.0,1423270000.0
iota,2017-11-11,0.5019859999999999,0.621817,0.49799099999999996,0.621817,42375200.0,1395280000
lisk,2017-11-11,5.6,6.31,5.51,5.78,15022000.0,642032000.0
litecoin,2017-11-11,59.35,63.71,59.24,62.3,272494000.0,3191150000
monero,2017-11-11,105.75,127.11,103.88,119.62,107708000.0,1621800000
nano,2017-11-11,0.12238099999999999,0.129153,0.11863399999999999,0.124645,96547.0,16307100.0
nem,2017-11-11,0.192005,0.208632,0.184363,0.192428,6940500.0,1728040000
neo,2017-11-11,28.15,29.93,27.4,28.53,45994100.0,1829610000.0
qtum,2017-11-11,11.3,12.17,11.3,11.65,113139000.0,832533000.0
ripple,2017-11-11,0.205948,0.214456,0.205459,0.21043,134503000.0,7935490000
siacoin,2017-11-11,0.004177,0.0044859999999999995,0.003975,0.004386,2266800.0,128486000.0
steem,2017-11-11,0.883401,0.942428,0.8631850000000001,0.9210450000000001,1356190.0,217299000
stellar,2017-11-11,0.033083,0.03583,0.031881,0.033053,17914400.0,548787000
verge,2017-11-11,0.006444,0.006801000000000001,0.006068,0.0062380000000000005,2749640.0,91621300
zcash,2017-11-11,238.16,269.72,236.25,253.6,68016100.0,617454000
bitcoin,2017-11-12,6295.45,6625.05,5519.01,5950.07,8957350000.0,104980000000
bitcoin-cash,2017-11-12,1346.97,2477.65,1215.58,1388.86,8371320000.0,22614400000.0
bitcoin-gold,2017-11-12,421.75,465.62,281.55,282.41,90339900.0,
bitshares,2017-11-12,0.082207,0.083264,0.072729,0.079113,5209650.0,213887000
bytecoin-bcn,2017-11-12,0.001201,0.001207,0.0009960000000000001,0.001036,2558020.0,220069000
cardano,2017-11-12,0.027481000000000002,0.027951999999999998,0.022591,0.023977000000000002,7280250.0,712489000.0
dash,2017-11-12,345.68,536.12,327.8,536.12,476198000.0,2655840000
dogecoin,2017-11-12,0.001189,0.00121,0.0010019999999999999,0.001038,3288960.0,132978000
ethereum,2017-11-12,314.69,319.15,298.51,307.91,1613480000.0,30106200000.0
ethereum-classic,2017-11-12,19.46,21.75,15.04,15.18,697453000.0,1894610000.0
iota,2017-11-12,0.62608,0.6360279999999999,0.508265,0.593716,44517800.0,1740210000
lisk,2017-11-12,5.78,5.85,4.89,5.5,20592700.0,663164000.0
litecoin,2017-11-12,62.31,62.31,57.41,59.01,322820000.0,3351310000
monero,2017-11-12,119.6,133.68,110.62,123.86,144948000.0,1834630000
nano,2017-11-12,0.127902,0.139237,0.11348499999999999,0.121887,160245.0,17042700.0
nem,2017-11-12,0.191179,0.191179,0.165319,0.18040599999999998,12126100.0,1720610000
neo,2017-11-12,28.44,28.45,25.31,26.96,63588200.0,1848580000.0
qtum,2017-11-12,11.59,11.66,10.89,11.11,116105000.0,853805000.0
ripple,2017-11-12,0.21021399999999998,0.21021399999999998,0.195389,0.19733900000000001,251175000.0,8099860000
siacoin,2017-11-12,0.004389,0.004476,0.003654,0.0037530000000000003,2611240.0,135150000.0
steem,2017-11-12,0.93165,0.93165,0.7924100000000001,0.82876,1826970.0,229228000
stellar,2017-11-12,0.032964999999999994,0.033333999999999996,0.027469,0.028182,17002300.0,546827000
verge,2017-11-12,0.006228,0.006228,0.004982,0.005454,4172140.0,88791200
zcash,2017-11-12,253.63,288.67,231.68,288.67,119639000.0,659346000
bitcoin,2017-11-13,5938.25,6811.19,5844.29,6559.49,6263250000.0,99029000000
bitcoin-cash,2017-11-13,1381.82,1501.16,1043.0,1353.99,4850570000.0,23214700000.0
bitcoin-gold,2017-11-13,277.0,307.26,218.34,249.22,45916500.0,
bitshares,2017-11-13,0.07965,0.08616900000000001,0.076766,0.081149,4985650.0,207241000
bytecoin-bcn,2017-11-13,0.001041,0.0012,0.001035,0.001152,2409110.0,190750000
cardano,2017-11-13,0.024364,0.0263,0.023495,0.025807999999999998,4419440.0,631690000.0
dash,2017-11-13,507.05,530.94,403.5,427.37,310886000.0,3896620000
dogecoin,2017-11-13,0.001046,0.001212,0.001019,0.0012109999999999998,2481270.0,117085000
ethereum,2017-11-13,307.02,328.42,307.02,316.72,1041890000.0,29379000000.0
ethereum-classic,2017-11-13,15.31,16.66,14.47,16.11,350880000.0,1490890000.0
iota,2017-11-13,0.59401,0.652501,0.573934,0.591634,37718000.0,1651070000
lisk,2017-11-13,5.5,6.5,5.5,6.34,29720300.0,631108000.0
litecoin,2017-11-13,59.18,62.76,58.85,61.4,237478000.0,3183830000
monero,2017-11-13,128.96,136.53,120.92,123.4,116200000.0,1978840000
nano,2017-11-13,0.12205999999999999,0.135207,0.116433,0.12953599999999998,123365.0,16264300.0
nem,2017-11-13,0.180876,0.20331400000000002,0.180023,0.192662,7806090.0,1627880000
neo,2017-11-13,27.12,28.97,26.59,28.4,41299400.0,1762620000.0
qtum,2017-11-13,11.1,11.51,11.09,11.42,73428300.0,817728000.0
ripple,2017-11-13,0.197472,0.20408099999999998,0.197456,0.203442,132567000.0,7608890000
siacoin,2017-11-13,0.0037920000000000002,0.004313,0.00371,0.0039759999999999995,1851930.0,116896000.0
steem,2017-11-13,0.8373229999999999,0.939477,0.82815,0.9228129999999999,1651660.0,206137000
stellar,2017-11-13,0.028114999999999998,0.031968,0.028041000000000003,0.030656,11245700.0,466386000
verge,2017-11-13,0.0054020000000000006,0.006404000000000001,0.0054020000000000006,0.006124,2525080.0,77032800
zcash,2017-11-13,298.73,298.73,258.33,265.45,115940000.0,778787000
bitcoin,2017-11-14,6561.48,6764.98,6461.75,6635.75,3197110000.0,109434000000
bitcoin-cash,2017-11-14,1346.73,1390.21,1211.39,1273.53,1697910000.0,22626200000.0
bitcoin-gold,2017-11-14,253.22,253.22,154.05,159.94,39340400.0,
bitshares,2017-11-14,0.081412,0.08583400000000001,0.080386,0.083756,2484090.0,211829000
bytecoin-bcn,2017-11-14,0.001141,0.001173,0.001083,0.0011279999999999999,2745920.0,209046000
cardano,2017-11-14,0.025797000000000004,0.026788,0.025342,0.02623,3033290.0,668839000.0
dash,2017-11-14,428.31,447.92,408.95,427.54,123854000.0,3292370000
dogecoin,2017-11-14,0.001201,0.001239,0.001131,0.001184,2660340.0,134375000
ethereum,2017-11-14,316.76,340.18,316.76,337.63,1069680000.0,30317300000.0
ethereum-classic,2017-11-14,16.08,18.74,16.08,17.87,449738000.0,1566510000.0
iota,2017-11-14,0.5860609999999999,0.618325,0.5382899999999999,0.610332,33932000.0,1628970000
lisk,2017-11-14,6.39,7.14,6.32,7.1,24092900.0,733401000.0
litecoin,2017-11-14,61.64,63.81,60.87,62.68,174111000.0,3317410000
monero,2017-11-14,123.62,124.2,118.63,122.35,53544800.0,1896990000
nano,2017-11-14,0.129806,0.145034,0.129717,0.137877,116250.0,17296500.0
nem,2017-11-14,0.19212200000000001,0.195692,0.187637,0.194469,7941780.0,1729090000
neo,2017-11-14,28.4,29.96,28.1,29.73,39436300.0,1845750000.0
qtum,2017-11-14,11.41,11.69,11.23,11.6,73833600.0,840602000.0
ripple,2017-11-14,0.203679,0.213693,0.203679,0.209825,127361000.0,7866670000
siacoin,2017-11-14,0.004014,0.004188,0.003832,0.004163,1872000.0,123807000.0
steem,2017-11-14,0.9226139999999999,0.97569,0.906125,0.940148,1109360.0,227275000
stellar,2017-11-14,0.030610000000000002,0.037129,0.030382,0.036374000000000004,18880900.0,507761000
verge,2017-11-14,0.006143,0.006292,0.0059299999999999995,0.006213000000000001,2045030.0,87615800
zcash,2017-11-14,265.58,275.89,263.64,271.44,52265100.0,694229000
bitcoin,2017-11-15,6634.76,7342.25,6634.76,7315.54,4200880000.0,110667000000
bitcoin-cash,2017-11-15,1269.79,1326.39,1191.98,1212.4,1321780000.0,21335600000.0
bitcoin-gold,2017-11-15,160.54,187.28,151.47,161.69,30094100.0,
bitshares,2017-11-15,0.084215,0.09070700000000001,0.084215,0.089525,4363190.0,219126000
bytecoin-bcn,2017-11-15,0.001125,0.001239,0.001125,0.00123,2598540.0,206157000
cardano,2017-11-15,0.026116000000000004,0.027773000000000003,0.025261000000000002,0.026445,6858800.0,677107000.0
dash,2017-11-15,428.08,444.38,418.47,424.41,103157000.0,3291450000
dogecoin,2017-11-15,0.001189,0.001351,0.001179,0.0013390000000000001,2840180.0,133091000
ethereum,2017-11-15,337.96,340.91,329.81,333.36,722666000.0,32353200000.0
ethereum-classic,2017-11-15,17.84,17.92,17.21,17.55,149567000.0,1738580000.0
iota,2017-11-15,0.610165,0.7858229999999999,0.610165,0.7858229999999999,87041500.0,1695970000
lisk,2017-11-15,7.13,8.68,7.13,8.45,61652800.0,818827000.0
litecoin,2017-11-15,62.78,65.52,62.71,63.82,194636000.0,3379200000
monero,2017-11-15,122.24,124.72,119.19,121.37,49976700.0,1876740000
nano,2017-11-15,0.141268,0.15095799999999998,0.132672,0.149635,360729.0,18823700.0
nem,2017-11-15,0.195403,0.200809,0.19304000000000002,0.193879,6978990.0,1758620000
neo,2017-11-15,29.79,30.59,28.26,29.35,45103700.0,1936170000.0
qtum,2017-11-15,11.54,11.74,11.5,11.72,43757700.0,849764000.0
ripple,2017-11-15,0.20893699999999998,0.21310500000000002,0.208058,0.212956,100294000.0,8069730000
siacoin,2017-11-15,0.0041979999999999995,0.0044280000000000005,0.004143,0.004143,1603030.0,129610000.0
steem,2017-11-15,0.940384,0.979902,0.9245969999999999,0.951673,1115710.0,231698000
stellar,2017-11-15,0.036470999999999996,0.037343,0.03468,0.037052999999999996,28206500.0,604993000
verge,2017-11-15,0.006215,0.006726,0.0061600000000000005,0.006539,3029220.0,88670700
zcash,2017-11-15,271.17,297.92,271.17,290.56,89937200.0,710792000
bitcoin,2017-11-16,7323.24,7967.38,7176.58,7871.69,5123810000.0,122164000000
bitcoin-cash,2017-11-16,1202.17,1210.36,876.57,900.78,2034690000.0,20202000000.0
bitcoin-gold,2017-11-16,161.87,181.33,136.4,140.78,27949200.0,
bitshares,2017-11-16,0.08973300000000001,0.09193899999999999,0.083372,0.083372,4489410.0,233490000
bytecoin-bcn,2017-11-16,0.00123,0.001281,0.001184,0.0012490000000000001,2644400.0,225422000
cardano,2017-11-16,0.026583,0.02817,0.025654000000000003,0.02758,4888130.0,689223000.0
dash,2017-11-16,424.51,427.85,412.84,418.18,97321300.0,3264810000
dogecoin,2017-11-16,0.001348,0.001424,0.001286,0.00139,3423010.0,150880000
ethereum,2017-11-16,333.44,336.16,323.61,330.92,797254000.0,31927300000.0
ethereum-classic,2017-11-16,17.5,17.5,16.39,16.88,182721000.0,1706140000.0
iota,2017-11-16,0.7926880000000001,0.893702,0.713337,0.823941,132320000.0,2203300000
lisk,2017-11-16,8.49,11.15,8.41,8.41,140758000.0,975188000.0
litecoin,2017-11-16,63.81,72.48,62.94,71.06,418129000.0,3435690000
monero,2017-11-16,121.24,128.09,118.5,120.31,74944100.0,1861940000
nano,2017-11-16,0.15137,0.16631300000000002,0.13997,0.16483699999999998,189183.0,20169800.0
nem,2017-11-16,0.194276,0.211213,0.191441,0.196787,16058700.0,1748490000
neo,2017-11-16,29.45,29.93,28.48,28.7,40895700.0,1913970000.0
qtum,2017-11-16,11.68,13.9,11.63,12.89,317008000.0,860619000.0
ripple,2017-11-16,0.212655,0.27179000000000003,0.209287,0.227107,1022580000.0,8213360000
siacoin,2017-11-16,0.004202,0.00425,0.003949,0.00405,1764510.0,129826000.0
steem,2017-11-16,0.956527,0.959742,0.9036209999999999,0.9254600000000001,1219280.0,235649000
stellar,2017-11-16,0.036987,0.037897,0.034634,0.037233999999999996,20597200.0,655235000
verge,2017-11-16,0.006638,0.006644,0.006297,0.006370000000000001,2973370.0,94741300
zcash,2017-11-16,290.25,320.95,288.5,294.91,173976000.0,762905000
bitcoin,2017-11-17,7853.57,8004.59,7561.09,7708.99,4651670000.0,131026000000
bitcoin-cash,2017-11-17,909.16,1217.42,863.98,1185.48,3203430000.0,15279000000.0
bitcoin-gold,2017-11-17,138.75,165.94,133.05,152.02,24935100.0,
bitshares,2017-11-17,0.083911,0.096564,0.079235,0.09246599999999999,6980480.0,218345000
bytecoin-bcn,2017-11-17,0.001254,0.001254,0.001173,0.001202,1168260.0,229829000
cardano,2017-11-17,0.027143,0.027436000000000002,0.025184,0.025773,3578870.0,703728000.0
dash,2017-11-17,420.59,436.02,412.45,424.98,95099300.0,3235510000
dogecoin,2017-11-17,0.001381,0.001394,0.001274,0.0013130000000000001,2787480.0,154631000
ethereum,2017-11-17,330.17,334.96,327.52,332.39,621733000.0,31620300000.0
ethereum-classic,2017-11-17,16.77,17.58,16.76,17.24,150957000.0,1635500000.0
iota,2017-11-17,0.8308969999999999,0.8758450000000001,0.7313930000000001,0.792462,102001000.0,2309500000
lisk,2017-11-17,8.37,9.58,8.02,8.28,47083900.0,961893000.0
litecoin,2017-11-17,70.45,71.12,65.78,67.57,350505000.0,3794080000
monero,2017-11-17,120.02,126.7,119.25,126.7,47127700.0,1843600000
nano,2017-11-17,0.164556,0.167957,0.14593299999999998,0.151518,250849.0,21926800.0
nem,2017-11-17,0.196707,0.198684,0.18950699999999998,0.192635,8216410.0,1770370000
neo,2017-11-17,28.71,41.08,28.36,40.5,252834000.0,1866360000.0
qtum,2017-11-17,12.83,13.37,12.55,13.37,109115000.0,945173000.0
ripple,2017-11-17,0.224768,0.239409,0.220273,0.226581,397071000.0,8681190000
siacoin,2017-11-17,0.0040030000000000005,0.004175,0.003936,0.004014,1266640.0,123756000.0
steem,2017-11-17,0.925367,0.9434450000000001,0.872433,0.894508,994977.0,227969000
stellar,2017-11-17,0.037143999999999996,0.037293,0.034894,0.035572,11612900.0,658006000
verge,2017-11-17,0.00636,0.006633,0.005983,0.0061,2212420.0,90788700
zcash,2017-11-17,293.39,294.76,283.98,291.19,56387900.0,773268000
bitcoin,2017-11-18,7697.21,7884.99,7463.44,7790.15,3667190000.0,128425000000
bitcoin-cash,2017-11-18,1197.43,1388.11,1197.43,1254.53,3053770000.0,20125900000.0
bitcoin-gold,2017-11-18,153.07,172.45,151.79,155.73,24642900.0,
bitshares,2017-11-18,0.092262,0.10391500000000001,0.092239,0.100355,7497610.0,240080000
bytecoin-bcn,2017-11-18,0.0012,0.0013039999999999998,0.001161,0.001261,2415260.0,219900000
cardano,2017-11-18,0.025596999999999998,0.027122000000000004,0.024748,0.026369,2930550.0,663650000.0
dash,2017-11-18,424.35,483.1,423.25,454.74,145255000.0,3265280000
dogecoin,2017-11-18,0.001308,0.001385,0.001254,0.001373,1648260.0,146452000
ethereum,2017-11-18,331.98,349.62,327.69,347.61,649639000.0,31800700000.0
ethereum-classic,2017-11-18,17.21,18.12,17.0,17.72,159453000.0,1679120000.0
iota,2017-11-18,0.791203,0.8483569999999999,0.752962,0.823032,57802400.0,2199170000
lisk,2017-11-18,8.34,9.53,7.96,9.28,28695700.0,959358000.0
litecoin,2017-11-18,67.41,69.77,65.71,69.64,174063000.0,3631120000
monero,2017-11-18,126.59,135.01,123.53,130.8,62156400.0,1945200000
nano,2017-11-18,0.150948,0.153875,0.142593,0.15046500000000002,150746.0,20113500.0
nem,2017-11-18,0.193471,0.196701,0.19019,0.196271,7023070.0,1741240000
neo,2017-11-18,39.74,48.09,36.28,42.74,434827000.0,2583010000.0
qtum,2017-11-18,13.52,14.16,13.12,14.02,116168000.0,996077000.0
ripple,2017-11-18,0.22654699999999997,0.23039899999999996,0.22239899999999999,0.228627,144298000.0,8749900000
siacoin,2017-11-18,0.003995,0.0042369999999999994,0.003829,0.004058,1189160.0,123609000.0
steem,2017-11-18,0.898064,0.94606,0.878782,0.9179510000000001,791665.0,221301000
stellar,2017-11-18,0.035494,0.036583,0.034651999999999995,0.036583,6979350.0,628776000
verge,2017-11-18,0.006083,0.006383,0.0059039999999999995,0.006091,1926720.0,86867200
zcash,2017-11-18,290.83,304.79,287.2,298.15,61087000.0,768597000
bitcoin,2017-11-19,7766.03,8101.91,7694.1,8036.49,3149320000.0,129595000000
bitcoin-cash,2017-11-19,1260.95,1262.34,1144.08,1172.05,1285910000.0,21196200000.0
bitcoin-gold,2017-11-19,154.91,155.55,133.96,135.69,19503400.0,
bitshares,2017-11-19,0.100716,0.103897,0.098919,0.102424,5358270.0,262084000
bytecoin-bcn,2017-11-19,0.001269,0.0013599999999999999,0.001209,0.0012929999999999999,3369440.0,232560000
cardano,2017-11-19,0.026242,0.028477999999999996,0.025581,0.028083999999999998,4725050.0,680390000.0
dash,2017-11-19,455.36,455.66,431.79,442.31,82954600.0,3504790000
dogecoin,2017-11-19,0.001355,0.0014210000000000002,0.00134,0.001376,1431720.0,151759000
ethereum,2017-11-19,347.4,371.29,344.74,354.39,1181530000.0,33284900000.0
ethereum-classic,2017-11-19,17.73,18.07,17.58,17.92,110618000.0,1730450000.0
iota,2017-11-19,0.816643,0.878973,0.80899,0.8646379999999999,61681300.0,2269880000
lisk,2017-11-19,9.25,10.26,9.13,9.74,39171200.0,1063710000.0
litecoin,2017-11-19,69.51,72.98,68.6,71.59,243057000.0,3745710000
monero,2017-11-19,130.72,133.62,127.21,129.48,42133000.0,2009180000
nano,2017-11-19,0.150241,0.152617,0.140093,0.148427,159254.0,20019400.0
nem,2017-11-19,0.195153,0.20656999999999998,0.194297,0.20194700000000002,8200280.0,1756380000
neo,2017-11-19,43.01,45.45,36.66,39.75,273035000.0,2795440000.0
qtum,2017-11-19,14.01,14.11,13.66,14.03,61181300.0,1032340000.0
ripple,2017-11-19,0.22814,0.236231,0.226037,0.231016,193808000.0,8811410000
siacoin,2017-11-19,0.004086,0.004490999999999999,0.004076,0.004267,2776520.0,126473000.0
steem,2017-11-19,0.916248,0.9342459999999999,0.891957,0.9117190000000001,923674.0,225894000
stellar,2017-11-19,0.036482,0.039945,0.036039,0.036566,17796700.0,646281000
verge,2017-11-19,0.006083,0.0066159999999999995,0.005947999999999999,0.006125,3189610.0,86881500
zcash,2017-11-19,298.22,302.59,294.51,299.33,53157100.0,790267000
bitcoin,2017-11-20,8039.07,8336.86,7949.36,8200.64,3488450000.0,134167000000
bitcoin-cash,2017-11-20,1172.43,1236.01,1167.28,1236.01,800053000.0,19710200000.0
bitcoin-gold,2017-11-20,135.2,247.1,105.79,236.37,93826900.0,
bitshares,2017-11-20,0.1029,0.127827,0.102009,0.126175,12133200.0,267774000
bytecoin-bcn,2017-11-20,0.001292,0.00132,0.001263,0.001281,2335090.0,236706000
cardano,2017-11-20,0.028151999999999996,0.0323,0.027612,0.029581,16172400.0,729895000.0
dash,2017-11-20,442.03,502.53,438.42,486.54,104701000.0,3403030000
dogecoin,2017-11-20,0.001374,0.001428,0.001348,0.001394,2141360.0,153925000
ethereum,2017-11-20,354.09,372.14,353.29,366.73,807027000.0,33933400000.0
ethereum-classic,2017-11-20,17.94,18.68,17.84,18.39,147752000.0,1750630000.0
iota,2017-11-20,0.8626719999999999,0.992344,0.858567,0.966548,92042900.0,2397820000
lisk,2017-11-20,9.72,10.22,9.54,9.77,26170000.0,1118590000.0
litecoin,2017-11-20,71.41,72.92,70.79,72.25,188976000.0,3849390000
monero,2017-11-20,129.5,140.55,128.49,135.76,59945400.0,1990900000
nano,2017-11-20,0.148285,0.15573599999999999,0.144541,0.150265,167063.0,19758700.0
nem,2017-11-20,0.20181400000000002,0.21934299999999998,0.200439,0.21304099999999998,13657600.0,1816320000
neo,2017-11-20,39.94,43.14,35.64,35.64,243906000.0,2596080000.0
qtum,2017-11-20,14.0,15.3,14.0,14.77,160773000.0,1031670000.0
ripple,2017-11-20,0.231336,0.24343,0.230917,0.23875900000000003,214663000.0,8934850000
siacoin,2017-11-20,0.004293,0.004408,0.0041659999999999996,0.004286,1512960.0,133007000.0
steem,2017-11-20,0.90917,0.933533,0.894166,0.9082680000000001,957215.0,224234000
stellar,2017-11-20,0.036619,0.039783,0.036174,0.038120999999999995,13726200.0,648715000
verge,2017-11-20,0.0061200000000000004,0.006253,0.005693,0.005693,3703680.0,87439300
zcash,2017-11-20,299.32,304.26,296.36,302.17,55245200.0,795282000
bitcoin,2017-11-21,8205.74,8348.66,7762.71,8071.26,4277610000.0,136967000000
bitcoin-cash,2017-11-21,1220.78,1224.15,1140.88,1176.97,772859000.0,20525100000.0
bitcoin-gold,2017-11-21,250.85,364.78,201.9,267.21,370782000.0,
bitshares,2017-11-21,0.12604400000000002,0.150972,0.11751700000000001,0.14388900000000002,27800500.0,328009000
bytecoin-bcn,2017-11-21,0.001284,0.001352,0.001215,0.001302,3175750.0,235267000
cardano,2017-11-21,0.029587000000000002,0.029708999999999996,0.027404,0.028331,5836790.0,767098000.0
dash,2017-11-21,500.24,519.42,454.48,494.21,245163000.0,3852180000
dogecoin,2017-11-21,0.00141,0.001446,0.001302,0.001389,3047660.0,157975000
ethereum,2017-11-21,367.44,372.47,350.69,360.4,949912000.0,35220200000.0
ethereum-classic,2017-11-21,18.4,18.47,17.28,17.8,186210000.0,1796380000.0
iota,2017-11-21,0.9656100000000001,0.985799,0.776513,0.8884989999999999,123514000.0,2683940000
lisk,2017-11-21,9.74,10.16,9.25,9.68,26816700.0,1121400000.0
litecoin,2017-11-21,72.2,72.53,68.11,70.03,231665000.0,3892860000
monero,2017-11-21,136.1,142.21,131.37,141.74,72701500.0,2093010000
nano,2017-11-21,0.150269,0.15196700000000002,0.137269,0.140725,143897.0,20023100.0
nem,2017-11-21,0.21254,0.21465399999999998,0.199799,0.20271199999999998,9636650.0,1912860000
neo,2017-11-21,36.21,37.16,33.38,34.36,133333000.0,2353570000.0
qtum,2017-11-21,14.8,14.94,13.46,14.15,158550000.0,1090630000.0
ripple,2017-11-21,0.23797800000000002,0.24097399999999997,0.2272,0.233271,217851000.0,9191390000
siacoin,2017-11-21,0.004321,0.004534000000000001,0.004097,0.004412,1904990.0,133980000.0
steem,2017-11-21,0.906709,0.9319270000000001,0.8618879999999999,0.891775,1054310.0,223686000
stellar,2017-11-21,0.038127,0.039060000000000004,0.036212,0.037668,9113270.0,675367000
verge,2017-11-21,0.005764,0.006086,0.0054600000000000004,0.006059,2561260.0,82376800
zcash,2017-11-21,301.87,307.82,281.85,290.64,82637900.0,804205000
bitcoin,2017-11-22,8077.95,8302.26,8075.47,8253.55,3633530000.0,134851000000
bitcoin-cash,2017-11-22,1175.06,1335.25,1171.6,1303.31,1517620000.0,19758600000.0
bitcoin-gold,2017-11-22,264.18,275.05,232.92,241.72,111451000.0,
bitshares,2017-11-22,0.14367,0.146424,0.128626,0.137132,9361370.0,373886000
bytecoin-bcn,2017-11-22,0.001307,0.0015660000000000001,0.0012900000000000001,0.001558,3162120.0,239538000
cardano,2017-11-22,0.028399,0.029035000000000002,0.027891000000000003,0.028549,4938480.0,736311000.0
dash,2017-11-22,494.76,594.53,494.29,578.85,381958000.0,3810980000
dogecoin,2017-11-22,0.001401,0.002053,0.001373,0.001823,18841700.0,156960000
ethereum,2017-11-22,360.31,381.42,360.15,380.65,800819000.0,34544000000.0
ethereum-classic,2017-11-22,17.74,18.15,17.73,17.99,93779000.0,1732980000.0
iota,2017-11-22,0.8892040000000001,0.9571209999999999,0.8540969999999999,0.8995700000000001,69568700.0,2471570000
lisk,2017-11-22,9.68,10.7,8.01,8.57,106176000.0,1114590000.0
litecoin,2017-11-22,70.18,71.95,70.18,71.89,157890000.0,3785260000
monero,2017-11-22,142.08,173.45,141.14,165.95,189472000.0,2184930000
nano,2017-11-22,0.140835,0.15224400000000002,0.13585999999999998,0.148447,156069.0,18766000.0
nem,2017-11-22,0.20343699999999998,0.207591,0.200102,0.20389100000000002,6838830.0,1830930000
neo,2017-11-22,34.45,36.98,34.45,35.86,82378800.0,2239040000.0
qtum,2017-11-22,14.05,14.26,13.85,14.2,91778300.0,1035430000.0
ripple,2017-11-22,0.23264200000000002,0.240848,0.232317,0.23885900000000002,167078000.0,8985300000
siacoin,2017-11-22,0.00446,0.005397,0.00446,0.005391,5486060.0,138397000.0
steem,2017-11-22,0.8875930000000001,1.2,0.8875930000000001,1.01,17039100.0,219024000
stellar,2017-11-22,0.037669,0.042299,0.037566,0.042299,13859400.0,667261000
verge,2017-11-22,0.006,0.0060799999999999995,0.005494,0.005755,3124250.0,85767300
zcash,2017-11-22,290.89,321.28,290.89,319.73,139325000.0,777089000
bitcoin,2017-11-23,8232.38,8267.4,8038.77,8038.77,4225180000.0,137444000000
bitcoin-cash,2017-11-23,1302.23,1683.81,1299.95,1683.81,4112090000.0,21899400000.0
bitcoin-gold,2017-11-23,241.97,299.89,241.97,293.61,154038000.0,
bitshares,2017-11-23,0.136735,0.146217,0.136735,0.139836,7777270.0,355844000
bytecoin-bcn,2017-11-23,0.001549,0.002022,0.0014210000000000002,0.0017579999999999998,5696590.0,283896000
cardano,2017-11-23,0.02854,0.028678,0.027444,0.027444,5132300.0,739960000.0
dash,2017-11-23,577.25,583.73,557.12,566.68,173698000.0,4447480000
dogecoin,2017-11-23,0.001819,0.002246,0.001819,0.001891,26126500.0,203818000
ethereum,2017-11-23,381.44,425.55,376.09,410.17,1845680000.0,36577300000.0
ethereum-classic,2017-11-23,18.02,18.77,17.77,18.23,186523000.0,1760670000.0
iota,2017-11-23,0.897425,0.91535,0.7894439999999999,0.7934869999999999,64619700.0,2494420000
lisk,2017-11-23,8.66,8.83,7.38,7.49,59098700.0,997919000.0
litecoin,2017-11-23,71.98,76.4,70.9,73.22,315247000.0,3882950000
monero,2017-11-23,166.11,172.92,156.45,158.61,109392000.0,2555950000
nano,2017-11-23,0.148084,0.157111,0.145017,0.150802,195532.0,19731900.0
nem,2017-11-23,0.20413499999999998,0.20599,0.199126,0.20143699999999998,8567770.0,1837210000
neo,2017-11-23,35.83,36.29,34.5,34.9,68917800.0,2329200000.0
qtum,2017-11-23,14.22,14.22,13.81,13.95,116380000.0,1047380000.0
ripple,2017-11-23,0.23899099999999998,0.250096,0.237304,0.242402,240685000.0,9230520000
siacoin,2017-11-23,0.0054329999999999995,0.005577,0.004917,0.005275,3231670.0,168733000.0
steem,2017-11-23,0.997885,1.03,0.9359860000000001,0.9591559999999999,2615650.0,246293000
stellar,2017-11-23,0.042674000000000004,0.044142,0.040149000000000004,0.040535,22012000.0,755911000
verge,2017-11-23,0.005754,0.00577,0.005043,0.005385,4320440.0,82272700
zcash,2017-11-23,319.45,320.54,303.16,311.55,102568000.0,855647000
bitcoin,2017-11-24,8074.02,8374.16,7940.93,8253.69,5058610000.0,134816000000
bitcoin-cash,2017-11-24,1651.86,1782.83,1575.76,1648.51,3128960000.0,27782400000.0
bitcoin-gold,2017-11-24,295.75,413.74,284.26,394.22,537472000.0,
bitshares,2017-11-24,0.139704,0.140403,0.126249,0.13427,6764540.0,363579000
bytecoin-bcn,2017-11-24,0.001748,0.001761,0.0015119999999999999,0.001582,4843140.0,320326000
cardano,2017-11-24,0.027406,0.028597000000000004,0.026963,0.028382,5502350.0,710569000.0
dash,2017-11-24,564.34,573.2,553.58,566.63,129105000.0,4349120000
dogecoin,2017-11-24,0.0019399999999999999,0.001978,0.0017879999999999999,0.0019079999999999998,9585960.0,217423000
ethereum,2017-11-24,412.5,480.97,402.76,474.91,2292830000.0,39564300000.0
ethereum-classic,2017-11-24,18.26,21.76,18.07,21.45,373045000.0,1785000000.0
iota,2017-11-24,0.793492,0.796914,0.687301,0.786914,113159000.0,2205530000
lisk,2017-11-24,7.4,8.12,7.36,7.89,33888100.0,852845000.0
litecoin,2017-11-24,73.14,77.97,72.81,77.97,287392000.0,3946910000
monero,2017-11-24,158.62,162.94,156.76,160.03,69178000.0,2441330000
nano,2017-11-24,0.15046199999999998,0.158864,0.14784,0.158152,198687.0,20048800.0
nem,2017-11-24,0.20131300000000002,0.20930900000000002,0.198506,0.20910900000000002,7556740.0,1811810000
neo,2017-11-24,34.89,35.7,33.46,34.79,68977700.0,2267940000.0
qtum,2017-11-24,13.95,14.43,13.54,14.43,153144000.0,1027570000.0
ripple,2017-11-24,0.242851,0.24538800000000002,0.238421,0.244642,211486000.0,9379600000
siacoin,2017-11-24,0.005266,0.005307,0.004737,0.005052,3104860.0,163635000.0
steem,2017-11-24,0.9552350000000001,0.958427,0.904336,0.94505,1479690.0,235691000
stellar,2017-11-24,0.040437,0.041181,0.038939,0.040193,11277900.0,716293000
verge,2017-11-24,0.005378,0.005459,0.005093,0.00543,1937470.0,76925500
zcash,2017-11-24,310.44,351.5,301.56,346.36,153182000.0,833750000
bitcoin,2017-11-25,8241.71,8790.92,8191.15,8790.92,4342060000.0,137632000000
bitcoin-cash,2017-11-25,1634.0,1656.55,1535.77,1571.27,1560040000.0,27484900000.0
bitcoin-gold,2017-11-25,394.04,394.04,339.1,356.04,208662000.0,
bitshares,2017-11-25,0.133776,0.136077,0.12984,0.133966,10512500.0,348159000
bytecoin-bcn,2017-11-25,0.0015789999999999999,0.0017469999999999999,0.0015789999999999999,0.001641,2888930.0,289328000
cardano,2017-11-25,0.028324000000000002,0.030447000000000002,0.027747000000000004,0.030447000000000002,6156460.0,734370000.0
dash,2017-11-25,566.96,656.13,566.96,643.57,242807000.0,4370400000
dogecoin,2017-11-25,0.001923,0.002072,0.001877,0.002072,5430930.0,215457000
ethereum,2017-11-25,475.68,485.19,461.05,466.28,1422080000.0,45633400000.0
ethereum-classic,2017-11-25,21.33,22.75,20.21,21.71,370135000.0,2084820000.0
iota,2017-11-25,0.78773,0.85382,0.7185739999999999,0.806117,64910500.0,2189520000
lisk,2017-11-25,7.88,8.49,7.88,8.04,28727000.0,908561000.0
litecoin,2017-11-25,77.91,89.37,77.52,88.82,487897000.0,4205220000
monero,2017-11-25,160.0,170.1,160.0,168.44,64076700.0,2463190000
nano,2017-11-25,0.15900799999999998,0.172993,0.154246,0.16964200000000002,219523.0,21187500.0
nem,2017-11-25,0.209116,0.220652,0.20738099999999998,0.218506,10943300.0,1882040000
neo,2017-11-25,34.83,39.86,34.6,38.13,125113000.0,2263690000.0
qtum,2017-11-25,14.37,14.82,14.09,14.49,143624000.0,1059050000.0
ripple,2017-11-25,0.244178,0.2557,0.24358400000000002,0.252393,212593000.0,9430850000
siacoin,2017-11-25,0.005083,0.005406,0.005035,0.005386999999999999,2179380.0,158095000.0
steem,2017-11-25,0.94453,1.09,0.943787,1.05,4683450.0,233107000
stellar,2017-11-25,0.04028,0.043943,0.04004,0.043639,10488700.0,713515000
verge,2017-11-25,0.005347,0.0056560000000000004,0.005321,0.005604,1972920.0,76503000
zcash,2017-11-25,348.59,359.86,336.84,344.7,120059000.0,938711000
bitcoin,2017-11-26,8789.04,9522.93,8775.59,9330.55,5475580000.0,146789000000
bitcoin-cash,2017-11-26,1571.39,1758.61,1563.35,1735.66,1593050000.0,26434500000.0
bitcoin-gold,2017-11-26,355.72,366.79,334.74,366.79,141228000.0,5930460000.0
bitshares,2017-11-26,0.133507,0.140955,0.13316,0.136213,12225300.0,347473000
bytecoin-bcn,2017-11-26,0.0016420000000000002,0.0017120000000000002,0.0015949999999999998,0.001679,4270840.0,300979000
cardano,2017-11-26,0.030437,0.039855,0.030118000000000002,0.036331999999999996,30527100.0,789144000.0
dash,2017-11-26,641.46,646.28,617.74,621.62,145500000.0,4945950000
dogecoin,2017-11-26,0.002073,0.002132,0.0018800000000000002,0.002026,7670430.0,232287000
ethereum,2017-11-26,465.97,472.72,451.61,471.33,1197780000.0,44712100000.0
ethereum-classic,2017-11-26,21.73,22.61,21.35,22.22,494333000.0,2124930000.0
iota,2017-11-26,0.804621,0.841932,0.763788,0.841932,47779300.0,2236470000
lisk,2017-11-26,8.03,8.09,7.47,7.51,30757600.0,925420000.0
litecoin,2017-11-26,88.94,88.94,84.02,85.93,357457000.0,4801830000
monero,2017-11-26,168.57,168.72,159.76,163.37,61100400.0,2595920000
nano,2017-11-26,0.171272,0.178984,0.167597,0.174298,226182.0,22821600.0
nem,2017-11-26,0.218241,0.221228,0.208544,0.21388600000000002,12589900.0,1964170000
neo,2017-11-26,38.04,39.2,37.49,38.44,61597700.0,2472680000.0
qtum,2017-11-26,14.51,15.01,14.23,14.79,115807000.0,1068960000.0
ripple,2017-11-26,0.25291399999999997,0.25291399999999997,0.24858899999999998,0.24881799999999998,133297000.0,9768270000
siacoin,2017-11-26,0.0054210000000000005,0.005671,0.005176,0.005588,2005900.0,168735000.0
steem,2017-11-26,1.04,1.12,1.0,1.1,2047930.0,256573000
stellar,2017-11-26,0.043762,0.049111,0.043762,0.048895999999999995,30583700.0,775201000
verge,2017-11-26,0.005764,0.0068590000000000005,0.005605,0.006802,3279390.0,82482200
zcash,2017-11-26,344.83,346.8,333.71,340.14,81416400.0,931073000
bitcoin,2017-11-27,9352.72,9818.35,9352.72,9818.35,5653320000.0,156221000000
bitcoin-cash,2017-11-27,1722.93,1742.4,1607.79,1622.57,1391460000.0,28986800000.0
bitcoin-gold,2017-11-27,370.18,387.88,353.67,359.25,129160000.0,6172140000.0
bitshares,2017-11-27,0.136739,0.152397,0.136624,0.151971,28824000.0,355902000
bytecoin-bcn,2017-11-27,0.001685,0.0017579999999999998,0.001603,0.00175,4459300.0,308758000
cardano,2017-11-27,0.036618,0.057127,0.036618,0.050593,77777300.0,949409000.0
dash,2017-11-27,621.15,638.95,611.79,632.3,134862000.0,4790590000
dogecoin,2017-11-27,0.001999,0.002036,0.001891,0.0019879999999999997,6185790.0,224121000
ethereum,2017-11-27,471.53,493.4,468.49,480.36,1396480000.0,45255000000.0
ethereum-classic,2017-11-27,22.16,26.55,21.7,25.75,718945000.0,2167620000.0
iota,2017-11-27,0.844828,1.1,0.799566,1.04,174455000.0,2348230000
lisk,2017-11-27,7.49,8.06,7.49,7.89,29071700.0,863396000.0
litecoin,2017-11-27,85.89,93.29,85.89,91.6,429591000.0,4638580000
monero,2017-11-27,162.92,173.39,159.95,173.39,81489700.0,2509520000
nano,2017-11-27,0.174378,0.183595,0.171526,0.17790999999999998,276275.0,23235500.0
nem,2017-11-27,0.214011,0.226282,0.212362,0.226282,12795400.0,1926100000
neo,2017-11-27,38.32,41.91,38.32,40.13,83345900.0,2491020000.0
qtum,2017-11-27,14.69,14.95,14.22,14.79,141497000.0,1082680000.0
ripple,2017-11-27,0.24830500000000003,0.254733,0.24786100000000003,0.253927,196735000.0,9590240000
siacoin,2017-11-27,0.005589,0.0064269999999999996,0.005526,0.006325,3961840.0,174147000.0
steem,2017-11-27,1.1,1.28,1.08,1.18,4560590.0,271941000
stellar,2017-11-27,0.048865,0.062059,0.048501,0.05984299999999999,45702000.0,865597000
verge,2017-11-27,0.006899,0.007084,0.006479,0.006534000000000001,5292330.0,98756200
zcash,2017-11-27,340.18,347.51,332.85,347.51,90891200.0,920947000
bitcoin,2017-11-28,9823.43,10125.7,9736.3,10058.8,6348820000.0,164104000000
bitcoin-cash,2017-11-28,1621.17,1629.48,1543.08,1546.18,1274880000.0,27277200000.0
bitcoin-gold,2017-11-28,359.36,360.12,325.56,329.78,101004000.0,5992370000.0
bitshares,2017-11-28,0.150549,0.175528,0.15028699999999998,0.175528,57955600.0,391861000
bytecoin-bcn,2017-11-28,0.0017519999999999999,0.001796,0.001716,0.001768,2315250.0,320993000
cardano,2017-11-28,0.050626,0.13172999999999999,0.047949,0.119744,240338000.0,1312600000.0
dash,2017-11-28,632.44,637.06,616.31,626.42,149795000.0,4878960000
dogecoin,2017-11-28,0.001991,0.002363,0.0019489999999999998,0.002363,8317540.0,223234000
ethereum,2017-11-28,480.52,482.48,466.35,472.9,1346500000.0,46127200000.0
ethereum-classic,2017-11-28,25.74,34.85,25.6,33.98,1640680000.0,2519340000.0
iota,2017-11-28,1.04,1.5,1.03,1.5,465727000.0,2904130000
lisk,2017-11-28,7.91,8.35,7.79,7.79,26685400.0,912326000.0
litecoin,2017-11-28,91.72,96.03,90.34,96.03,388931000.0,4955290000
monero,2017-11-28,175.35,203.21,173.17,203.21,179179000.0,2701720000
nano,2017-11-28,0.178333,0.24438800000000002,0.177172,0.225527,467912.0,23762500.0
nem,2017-11-28,0.22662,0.256873,0.22651100000000002,0.24868200000000001,35746900.0,2039580000
neo,2017-11-28,40.13,40.13,37.47,38.08,80129000.0,2608660000.0
qtum,2017-11-28,14.76,15.9,14.6,15.49,248416000.0,1087670000.0
ripple,2017-11-28,0.254037,0.301084,0.253415,0.299152,720743000.0,9811650000
siacoin,2017-11-28,0.006375,0.00663,0.0060420000000000005,0.006481000000000001,4676120.0,198808000.0
steem,2017-11-28,1.18,1.25,1.12,1.15,4156370.0,290308000
stellar,2017-11-28,0.056877,0.08498700000000001,0.056486,0.081415,142589000.0,1007510000
verge,2017-11-28,0.00662,0.00671,0.006257,0.00633,3405020.0,94785400
zcash,2017-11-28,347.66,375.42,346.12,371.24,127136000.0,943652000
bitcoin,2017-11-29,10077.4,11517.4,9601.03,9888.61,11568800000.0,168367000000
bitcoin-cash,2017-11-29,1541.63,1673.23,1332.14,1359.71,2345250000.0,25941800000.0
bitcoin-gold,2017-11-29,329.4,360.75,287.73,295.41,252313000.0,5493510000.0
bitshares,2017-11-29,0.17559,0.177201,0.135543,0.13558699999999999,43948500.0,457061000
bytecoin-bcn,2017-11-29,0.001766,0.0018679999999999999,0.001534,0.001573,4577510.0,323638000
cardano,2017-11-29,0.11823499999999999,0.14690599999999998,0.081436,0.08971799999999999,210625000.0,3065480000.0
dash,2017-11-29,626.26,815.01,625.37,677.39,415879000.0,4832510000
dogecoin,2017-11-29,0.002333,0.002581,0.001993,0.0020800000000000003,11077200.0,261552000
ethereum,2017-11-29,473.28,522.31,425.07,427.52,2675940000.0,45442100000.0
ethereum-classic,2017-11-29,33.98,34.25,24.67,25.42,919393000.0,3326880000.0
iota,2017-11-29,1.48,1.56,1.13,1.25,294702000.0,4117010000
lisk,2017-11-29,7.83,8.03,6.72,6.9,34207700.0,903169000.0
litecoin,2017-11-29,96.01,104.61,81.77,85.57,786820000.0,5188580000
monero,2017-11-29,203.91,214.28,165.33,168.15,178828000.0,3142680000
nano,2017-11-29,0.225325,0.236916,0.182315,0.19479000000000002,278909.0,30024200.0
nem,2017-11-29,0.25788,0.26869,0.21,0.218286,33439400.0,2320920000
neo,2017-11-29,37.99,39.44,31.23,32.28,137123000.0,2469340000.0
qtum,2017-11-29,15.44,15.44,12.27,12.45,169681000.0,1137980000.0
ripple,2017-11-29,0.297867,0.297867,0.239409,0.24306399999999997,541178000.0,11504500000
siacoin,2017-11-29,0.006512,0.006964,0.0051140000000000005,0.005427,5265980.0,203245000.0
steem,2017-11-29,1.16,1.22,0.906742,0.935901,3862430.0,285058000
stellar,2017-11-29,0.081939,0.099881,0.060392999999999995,0.064424,232135000.0,1453630000
verge,2017-11-29,0.006324000000000001,0.006513,0.005035,0.005435,3923970.0,90568800
zcash,2017-11-29,371.17,380.57,300.73,306.07,157702000.0,1010140000
bitcoin,2017-11-30,9906.79,10801.0,9202.05,10233.6,8310690000.0,165537000000
bitcoin-cash,2017-11-30,1380.36,1468.75,1222.1,1389.78,1211730000.0,23230400000.0
bitcoin-gold,2017-11-30,294.33,323.56,269.03,304.63,151331000.0,4909140000.0
bitshares,2017-11-30,0.136377,0.149749,0.12198699999999998,0.13571,14028400.0,355006000
bytecoin-bcn,2017-11-30,0.0015660000000000001,0.001697,0.0014320000000000001,0.001596,4180850.0,287013000
cardano,2017-11-30,0.09493099999999999,0.128303,0.09493099999999999,0.11988299999999999,124345000.0,2461270000.0
dash,2017-11-30,681.13,826.95,670.99,786.93,498872000.0,5257210000
dogecoin,2017-11-30,0.002048,0.002271,0.0018899999999999998,0.002079,4919490.0,229621000
ethereum,2017-11-30,431.21,465.5,401.24,447.11,1903040000.0,41411900000.0
ethereum-classic,2017-11-30,26.01,29.44,22.59,28.19,968075000.0,2546530000.0
iota,2017-11-30,1.27,1.39,1.13,1.33,179224000.0,3540700000
lisk,2017-11-30,7.0,7.55,6.7,7.5,25251200.0,807876000.0
litecoin,2017-11-30,86.25,93.54,78.08,88.33,481948000.0,4662340000
monero,2017-11-30,170.49,195.39,156.53,180.14,128112000.0,2627490000
nano,2017-11-30,0.19775,0.215034,0.17183199999999998,0.20730500000000002,285874.0,26349900.0
nem,2017-11-30,0.21839899999999998,0.241916,0.21018,0.226677,16258700.0,1965590000
neo,2017-11-30,32.54,34.98,30.09,32.96,78895100.0,2115360000.0
qtum,2017-11-30,12.49,13.53,11.44,12.95,116134000.0,920799000.0
ripple,2017-11-30,0.24643299999999999,0.261524,0.229586,0.25087800000000005,270907000.0,9517940000
siacoin,2017-11-30,0.005511,0.006108,0.005002,0.005456,2172220.0,172143000.0
steem,2017-11-30,0.9583659999999999,1.07,0.9030739999999999,1.0,1492280.0,236304000
stellar,2017-11-30,0.065554,0.07890599999999999,0.063939,0.072871,66684900.0,1164430000
verge,2017-11-30,0.005435,0.006072,0.004783,0.005612,2238420.0,77867500
zcash,2017-11-30,309.42,330.78,267.7,308.49,93494200.0,844333000
bitcoin,2017-12-01,10198.6,11046.7,9694.65,10975.6,6783120000.0,170436000000
bitcoin-cash,2017-12-01,1381.81,1482.68,1300.46,1462.68,965151000.0,23257100000.0
bitcoin-gold,2017-12-01,304.34,315.75,288.14,311.64,134598000.0,5076660000.0
bitshares,2017-12-01,0.135962,0.148951,0.13123900000000002,0.147392,11363100.0,353942000
bytecoin-bcn,2017-12-01,0.001585,0.001732,0.001513,0.001726,2640990.0,290441000
cardano,2017-12-01,0.116622,0.131352,0.11303099999999999,0.131352,73657600.0,3023680000.0
dash,2017-12-01,787.47,806.37,756.48,797.53,286044000.0,6079550000
dogecoin,2017-12-01,0.0020510000000000003,0.0022370000000000003,0.001971,0.002148,5258110.0,229985000
ethereum,2017-12-01,445.21,472.61,428.31,466.54,1247880000.0,42765000000.0
ethereum-classic,2017-12-01,27.95,31.54,25.5,31.2,853735000.0,2737970000.0
iota,2017-12-01,1.31,1.49,1.23,1.45,141192000.0,3639440000
lisk,2017-12-01,7.48,7.95,7.12,7.73,24098300.0,863264000.0
litecoin,2017-12-01,88.0,100.41,83.74,99.0,561343000.0,4758600000
monero,2017-12-01,179.72,191.85,169.76,190.94,70430500.0,2771380000
nano,2017-12-01,0.20686300000000002,0.23507399999999998,0.189823,0.22932199999999997,422073.0,27564100.0
nem,2017-12-01,0.22548600000000002,0.239571,0.214192,0.239571,12371200.0,2029370000
neo,2017-12-01,32.89,36.23,31.36,35.84,89359700.0,2137790000.0
qtum,2017-12-01,12.87,13.28,12.13,13.16,77540700.0,948229000.0
ripple,2017-12-01,0.250352,0.258828,0.239438,0.25569899999999995,182992000.0,9669290000
siacoin,2017-12-01,0.005425,0.006057,0.005253,0.005921,2151360.0,169565000.0
steem,2017-12-01,1.0,1.1,0.971877,1.08,1529000.0,246689000
stellar,2017-12-01,0.072181,0.091459,0.071534,0.089883,102074000.0,1282140000
verge,2017-12-01,0.0055130000000000005,0.006246,0.005363000000000001,0.006196,1803340.0,79002500
zcash,2017-12-01,306.19,338.11,292.63,335.98,78854200.0,837670000
bitcoin,2017-12-02,10978.3,11320.2,10905.1,11074.6,5138500000.0,183490000000
bitcoin-cash,2017-12-02,1462.06,1502.37,1415.49,1434.98,574510000.0,24610500000.0
bitcoin-gold,2017-12-02,311.51,315.05,295.88,299.07,88196700.0,5196890000.0
bitshares,2017-12-02,0.147612,0.151617,0.135892,0.137244,10550100.0,384286000
bytecoin-bcn,2017-12-02,0.001727,0.002167,0.0016530000000000002,0.0019100000000000002,5220950.0,316549000
cardano,2017-12-02,0.131633,0.138869,0.129132,0.132351,56712600.0,3412870000.0
dash,2017-12-02,797.9,802.12,769.39,778.43,188147000.0,6161690000
dogecoin,2017-12-02,0.0021219999999999998,0.002212,0.002017,0.002149,4978180.0,237980000
ethereum,2017-12-02,466.85,476.24,456.65,463.45,943650000.0,44853300000.0
ethereum-classic,2017-12-02,31.18,32.66,29.81,30.8,605113000.0,3055410000.0
iota,2017-12-02,1.42,1.45,1.35,1.44,115656000.0,3948800000
lisk,2017-12-02,7.72,7.9,7.52,7.7,18663400.0,891575000.0
litecoin,2017-12-02,98.94,103.8,98.32,100.28,402554000.0,5351330000
monero,2017-12-02,190.83,205.26,186.68,203.03,80791100.0,2943520000
nano,2017-12-02,0.229121,0.246531,0.225162,0.237844,221284.0,30529900.0
nem,2017-12-02,0.23990999999999998,0.25927,0.23927600000000002,0.252322,23297000.0,2159190000
neo,2017-12-02,35.84,36.61,34.51,35.07,48991700.0,2329690000.0
qtum,2017-12-02,13.15,13.45,12.55,13.0,106410000.0,969375000.0
ripple,2017-12-02,0.255656,0.259218,0.250756,0.255492,118250000.0,9874190000
siacoin,2017-12-02,0.005876,0.006957,0.005612,0.006801000000000001,6697200.0,183781000.0
steem,2017-12-02,1.09,1.22,1.05,1.2,2454140.0,269323000
stellar,2017-12-02,0.090184,0.09851900000000001,0.089947,0.093816,82791100.0,1601920000
verge,2017-12-02,0.006202,0.006391,0.005749,0.00614,2385550.0,88895000
zcash,2017-12-02,335.38,342.73,320.11,329.3,63555100.0,919935000
bitcoin,2017-12-03,11082.7,11858.7,10862.0,11323.2,6608310000.0,185258000000
bitcoin-cash,2017-12-03,1435.36,1649.3,1420.6,1559.93,1476740000.0,24163600000.0
bitcoin-gold,2017-12-03,298.84,347.78,294.44,320.66,252844000.0,4986080000.0
bitshares,2017-12-03,0.137269,0.15043800000000002,0.137012,0.144446,10768600.0,357376000
bytecoin-bcn,2017-12-03,0.001971,0.002189,0.0018030000000000001,0.001995,4798740.0,361250000
cardano,2017-12-03,0.132351,0.13922,0.124945,0.131807,46458900.0,3431460000.0
dash,2017-12-03,778.78,806.7,744.39,768.88,192447000.0,6015560000
dogecoin,2017-12-03,0.002092,0.00234,0.002071,0.002223,4751640.0,234686000
ethereum,2017-12-03,463.7,482.81,451.85,465.85,990557000.0,44560500000.0
ethereum-classic,2017-12-03,30.77,31.79,29.87,30.46,401675000.0,3016140000.0
iota,2017-12-03,1.44,2.02,1.43,1.88,401418000.0,4004200000
lisk,2017-12-03,7.72,8.31,7.38,7.74,22047600.0,891646000.0
litecoin,2017-12-03,100.19,106.39,98.1,101.26,364022000.0,5420380000
monero,2017-12-03,203.37,209.09,191.25,200.05,111303000.0,3137680000
nano,2017-12-03,0.240017,0.324988,0.233868,0.293032,448045.0,31981800.0
nem,2017-12-03,0.251818,0.285787,0.24905500000000003,0.275915,44340300.0,2266360000
neo,2017-12-03,35.09,39.52,35.03,36.62,79801700.0,2281180000.0
qtum,2017-12-03,13.03,13.68,12.49,13.15,101683000.0,959947000.0
ripple,2017-12-03,0.25553000000000003,0.263072,0.24739099999999997,0.252558,134710000.0,9869310000
siacoin,2017-12-03,0.006822,0.009599,0.00655,0.008556999999999999,29908000.0,213552000.0
steem,2017-12-03,1.2,1.31,1.15,1.22,4982820.0,295348000
stellar,2017-12-03,0.09353099999999999,0.09690700000000001,0.08684,0.089035,55809800.0,1661390000
verge,2017-12-03,0.006136,0.007735,0.005979,0.006723000000000001,5592120.0,87978200
zcash,2017-12-03,329.53,341.84,311.27,322.81,85387900.0,906261000
bitcoin,2017-12-04,11315.4,11657.2,11081.8,11657.2,6132410000.0,189172000000
bitcoin-cash,2017-12-04,1560.16,1580.11,1498.98,1576.92,780634000.0,26267300000.0
bitcoin-gold,2017-12-04,322.01,339.83,316.34,328.38,130453000.0,5373320000.0
bitshares,2017-12-04,0.144794,0.18416,0.14232,0.178372,25459000.0,376985000
bytecoin-bcn,2017-12-04,0.001983,0.002128,0.0019329999999999998,0.00212,4924450.0,363421000
cardano,2017-12-04,0.131546,0.145946,0.12635,0.13587,76392700.0,3410590000.0
dash,2017-12-04,770.57,778.05,738.59,774.01,152281000.0,5957860000
dogecoin,2017-12-04,0.002206,0.002475,0.0021780000000000002,0.002463,6307150.0,247520000
ethereum,2017-12-04,466.05,474.78,453.31,470.2,1005550000.0,44795700000.0
ethereum-classic,2017-12-04,30.44,30.88,29.62,30.4,274351000.0,2984910000.0
iota,2017-12-04,1.89,2.98,1.89,2.76,1090620000.0,5265070000
lisk,2017-12-04,7.75,8.86,7.66,8.77,39137100.0,895777000.0
litecoin,2017-12-04,101.4,104.24,96.53,104.24,331151000.0,5486740000
monero,2017-12-04,199.56,210.24,192.04,210.24,74534400.0,3079850000
nano,2017-12-04,0.295128,0.421154,0.293229,0.37401999999999996,1076690.0,39325400.0
nem,2017-12-04,0.277127,0.28838,0.26561999999999997,0.285884,19193300.0,2494140000
neo,2017-12-04,36.65,43.0,36.62,42.17,160430000.0,2382160000.0
qtum,2017-12-04,13.15,14.0,12.68,13.62,139016000.0,968910000.0
ripple,2017-12-04,0.252919,0.255362,0.24716,0.253571,104650000.0,9768480000
siacoin,2017-12-04,0.008545,0.012394,0.008385,0.010973,64095500.0,267636000.0
steem,2017-12-04,1.22,1.46,1.19,1.43,6588640.0,302094000
stellar,2017-12-04,0.089486,0.09761,0.08755399999999999,0.09761,37476600.0,1589540000
verge,2017-12-04,0.006855,0.008185,0.0066560000000000005,0.007803,7735120.0,98308300
zcash,2017-12-04,323.08,333.39,316.02,330.51,61649200.0,890812000
bitcoin,2017-12-05,11685.7,12032.0,11604.6,11916.7,6895260000.0,195389000000
bitcoin-cash,2017-12-05,1580.16,1623.16,1498.0,1501.85,1032800000.0,26606900000.0
bitcoin-gold,2017-12-05,329.47,329.47,303.18,304.69,113206000.0,5498370000.0
bitshares,2017-12-05,0.177079,0.178379,0.163827,0.17042100000000002,13521200.0,461060000
bytecoin-bcn,2017-12-05,0.002117,0.002374,0.002058,0.002374,5175010.0,387902000
cardano,2017-12-05,0.135625,0.136404,0.126777,0.12748800000000002,50381100.0,3516360000.0
dash,2017-12-05,774.71,779.98,754.27,756.36,201103000.0,5991370000
dogecoin,2017-12-05,0.0024739999999999996,0.002676,0.002426,0.002479,8772420.0,277609000
ethereum,2017-12-05,470.29,473.56,457.66,463.28,1216720000.0,45212800000.0
ethereum-classic,2017-12-05,30.4,31.23,29.58,30.39,331677000.0,2981630000.0
iota,2017-12-05,2.8,3.97,2.45,3.84,1417380000.0,7778170000
lisk,2017-12-05,8.83,10.19,8.51,9.94,69110300.0,1020940000.0
litecoin,2017-12-05,104.28,104.3,101.84,102.4,328726000.0,5644390000
monero,2017-12-05,211.13,272.64,208.89,269.48,352326000.0,3258360000
nano,2017-12-05,0.37445100000000003,0.398754,0.320137,0.387276,683363.0,49894900.0
nem,2017-12-05,0.285916,0.309784,0.274161,0.301329,27918500.0,2573250000
neo,2017-12-05,41.99,42.79,38.82,38.82,101480000.0,2729160000.0
qtum,2017-12-05,13.69,13.95,13.08,13.08,106446000.0,1009240000.0
ripple,2017-12-05,0.253598,0.253988,0.245234,0.24610100000000001,174591000.0,9815990000
siacoin,2017-12-05,0.010766,0.010851999999999999,0.008846,0.009462,24005000.0,337423000.0
steem,2017-12-05,1.43,1.62,1.42,1.46,7781870.0,352273000
stellar,2017-12-05,0.09724,0.127591,0.09396399999999999,0.12352300000000001,152741000.0,1727270000
verge,2017-12-05,0.007918999999999999,0.008584,0.007314,0.007732999999999999,6136980.0,113601000
zcash,2017-12-05,330.96,331.05,319.0,323.39,72757600.0,914876000
bitcoin,2017-12-06,11923.4,14369.1,11923.4,14291.5,12656300000.0,199390000000
bitcoin-cash,2017-12-06,1498.49,1530.65,1396.16,1430.1,1154620000.0,25234400000.0
bitcoin-gold,2017-12-06,305.66,305.93,270.91,279.89,156602000.0,5101520000.0
bitshares,2017-12-06,0.16973,0.2097,0.162851,0.17605099999999999,38583400.0,441944000
bytecoin-bcn,2017-12-06,0.0023899999999999998,0.002514,0.0021030000000000003,0.002373,7066440.0,437981000
cardano,2017-12-06,0.126748,0.132855,0.11388599999999999,0.11783900000000001,75688800.0,3286200000.0
dash,2017-12-06,756.01,785.18,692.02,700.07,249073000.0,5848270000
dogecoin,2017-12-06,0.002495,0.002663,0.00244,0.002663,9047960.0,279935000
ethereum,2017-12-06,462.6,462.71,420.21,428.59,1998260000.0,44483100000.0
ethereum-classic,2017-12-06,30.49,30.51,27.31,27.86,407100000.0,2991890000.0
iota,2017-12-06,3.81,5.55,3.66,4.36,2126970000.0,10593600000
lisk,2017-12-06,9.82,9.94,8.35,8.49,52262500.0,1135620000.0
litecoin,2017-12-06,102.48,104.82,97.31,100.35,547512000.0,5548860000
monero,2017-12-06,268.16,316.67,260.61,278.69,543884000.0,4140770000
nano,2017-12-06,0.363205,0.766699,0.360624,0.631483,3341920.0,48396500.0
nem,2017-12-06,0.2997,0.2997,0.25964899999999996,0.270295,29788400.0,2697300000
neo,2017-12-06,38.75,38.85,34.4,35.16,118745000.0,2518460000.0
qtum,2017-12-06,13.12,13.14,11.86,11.96,136931000.0,967196000.0
ripple,2017-12-06,0.245416,0.245705,0.227742,0.232544,274526000.0,9507190000
siacoin,2017-12-06,0.009401000000000001,0.009909999999999999,0.008291,0.008539,20825500.0,294875000.0
steem,2017-12-06,1.45,1.48,1.26,1.28,6209470.0,358357000
stellar,2017-12-06,0.121563,0.167933,0.111746,0.151622,384659000.0,2164040000
verge,2017-12-06,0.007618000000000001,0.008062999999999999,0.007106,0.007999,6034820.0,109316000
zcash,2017-12-06,322.92,372.85,319.57,338.87,206504000.0,895026000
bitcoin,2017-12-07,14266.1,17899.7,14057.3,17899.7,17950700000.0,238600000000
bitcoin-cash,2017-12-07,1430.71,1454.73,1323.75,1330.93,1285210000.0,24095900000.0
bitcoin-gold,2017-12-07,279.03,279.76,250.23,251.64,137885000.0,4657540000.0
bitshares,2017-12-07,0.175967,0.186364,0.155355,0.17408800000000002,33280100.0,458203000
bytecoin-bcn,2017-12-07,0.002368,0.002748,0.0022949999999999997,0.002748,7878310.0,433905000
cardano,2017-12-07,0.11776600000000001,0.124176,0.105501,0.105501,71024600.0,3053330000.0
dash,2017-12-07,699.99,714.51,667.83,697.9,249305000.0,5416260000
dogecoin,2017-12-07,0.002581,0.002858,0.002515,0.0027199999999999998,15759300.0,289717000
ethereum,2017-12-07,426.37,441.4,414.41,434.41,2129570000.0,41007600000.0
ethereum-classic,2017-12-07,27.9,30.04,26.77,26.82,449013000.0,2738670000.0
iota,2017-12-07,4.47,4.54,3.1,4.14,1260950000.0,12416200000
lisk,2017-12-07,8.58,8.95,7.36,7.36,53831400.0,992573000.0
litecoin,2017-12-07,99.98,101.34,92.27,98.29,645691000.0,5415710000
monero,2017-12-07,277.87,300.32,263.17,280.86,299528000.0,4291850000
nano,2017-12-07,0.651213,0.755526,0.552033,0.639642,2527980.0,86773000.0
nem,2017-12-07,0.271419,0.27566,0.230922,0.236283,30563700.0,2442770000
neo,2017-12-07,35.04,37.26,33.31,34.86,125301000.0,2277340000.0
qtum,2017-12-07,11.95,14.93,11.67,12.56,262721000.0,880877000.0
ripple,2017-12-07,0.232623,0.23376,0.22134,0.222823,275205000.0,9011630000
siacoin,2017-12-07,0.008395,0.009216,0.008028,0.008135,16668300.0,263564000.0
steem,2017-12-07,1.29,2.15,1.27,2.05,26993700.0,318547000
stellar,2017-12-07,0.15329700000000002,0.177148,0.13156800000000002,0.133046,312353000.0,2734310000
verge,2017-12-07,0.007868,0.008847,0.007628,0.008828,7877410.0,112922000
zcash,2017-12-07,339.87,341.8,301.87,308.39,125668000.0,944355000
bitcoin,2017-12-08,17802.9,18353.4,14336.9,16569.4,21136000000.0,297787000000
bitcoin-cash,2017-12-08,1329.16,1731.32,1247.93,1464.13,2553980000.0,22386700000.0
bitcoin-gold,2017-12-08,253.71,278.26,248.08,261.16,178502000.0,4235360000.0
bitshares,2017-12-08,0.17413199999999998,0.185922,0.15345,0.184835,25006300.0,453444000
bytecoin-bcn,2017-12-08,0.002761,0.002783,0.002315,0.002736,9567940.0,505997000
cardano,2017-12-08,0.10614200000000001,0.120726,0.099136,0.11546500000000001,70092400.0,2751950000.0
dash,2017-12-08,700.68,766.04,659.86,726.67,288291000.0,5423040000
dogecoin,2017-12-08,0.0027300000000000002,0.002846,0.002326,0.002779,11797600.0,306426000
ethereum,2017-12-08,434.99,466.06,422.37,456.03,2336380000.0,41845800000.0
ethereum-classic,2017-12-08,26.89,30.05,25.45,30.05,581400000.0,2639940000.0
iota,2017-12-08,4.14,5.01,3.63,5.01,928042000.0,11512800000
lisk,2017-12-08,7.39,8.63,7.0,8.06,40878700.0,855170000.0
litecoin,2017-12-08,98.33,133.07,95.4,124.85,1515560000.0,5327910000
monero,2017-12-08,281.31,284.86,250.65,276.74,201497000.0,4346000000
nano,2017-12-08,0.63388,0.6775359999999999,0.538261,0.661267,1262850.0,84463400.0
nem,2017-12-08,0.23503800000000002,0.6567890000000001,0.21917899999999998,0.6394489999999999,267451000.0,2115340000
neo,2017-12-08,34.84,37.38,32.36,36.27,125450000.0,2264560000.0
qtum,2017-12-08,12.53,13.06,11.99,12.79,153972000.0,923477000.0
ripple,2017-12-08,0.223636,0.278673,0.22216799999999998,0.252125,660172000.0,8663460000
siacoin,2017-12-08,0.008223999999999999,0.008706,0.007470999999999999,0.008388,10571100.0,258208000.0
steem,2017-12-08,2.14,2.16,1.61,1.94,11425200.0,526228000
stellar,2017-12-08,0.13788699999999998,0.145762,0.120002,0.13726,188452000.0,2459440000
verge,2017-12-08,0.008676999999999999,0.00915,0.007606999999999999,0.008793,5311020.0,124572000
zcash,2017-12-08,308.04,339.99,295.02,328.07,127793000.0,858140000
bitcoin,2017-12-09,16523.3,16783.0,13674.9,15178.2,13911300000.0,276415000000
bitcoin-cash,2017-12-09,1464.63,1526.4,1353.9,1410.06,1059610000.0,24671600000.0
bitcoin-gold,2017-12-09,260.84,263.1,230.1,243.1,105017000.0,4354930000.0
bitshares,2017-12-09,0.184553,0.201346,0.170049,0.178565,16554900.0,480602000
bytecoin-bcn,2017-12-09,0.002716,0.002761,0.002302,0.002549,3764010.0,497661000
cardano,2017-12-09,0.114745,0.13865999999999998,0.113561,0.119609,63308600.0,2974990000.0
dash,2017-12-09,727.64,774.65,707.32,723.61,211738000.0,5633100000
dogecoin,2017-12-09,0.0027719999999999997,0.002846,0.002425,0.002617,6564530.0,311130000
ethereum,2017-12-09,457.34,504.15,456.25,473.5,2003850000.0,44005600000.0
ethereum-classic,2017-12-09,29.77,33.05,26.72,29.09,585616000.0,2923310000.0
iota,2017-12-09,5.05,5.28,4.25,4.68,674566000.0,14029600000
lisk,2017-12-09,8.05,8.73,7.91,8.21,30708500.0,931630000.0
litecoin,2017-12-09,127.48,171.55,126.59,155.24,2436540000.0,6910360000
monero,2017-12-09,277.27,281.4,250.39,262.53,161152000.0,4283550000
nano,2017-12-09,0.66808,0.8125020000000001,0.6391319999999999,0.80908,1597400.0,89020500.0
nem,2017-12-09,0.684188,0.684188,0.385252,0.445482,211103000.0,6157700000
neo,2017-12-09,35.96,38.98,34.87,35.71,93255300.0,2337250000.0
qtum,2017-12-09,12.77,12.77,11.54,12.08,124125000.0,941021000.0
ripple,2017-12-09,0.252162,0.255684,0.240073,0.24470799999999998,205289000.0,9768540000
siacoin,2017-12-09,0.008537999999999999,0.009326000000000001,0.007862000000000001,0.008278,6523050.0,268046000.0
steem,2017-12-09,1.9,1.94,1.54,1.67,3380210.0,468625000
stellar,2017-12-09,0.140346,0.147715,0.124521,0.135122,102117000.0,2503310000
verge,2017-12-09,0.008916,0.009633,0.008002,0.008588,3849740.0,128031000
zcash,2017-12-09,327.78,353.35,309.25,316.63,132799000.0,915507000
bitcoin,2017-12-10,15168.4,15850.6,13226.6,15455.4,13433300000.0,253782000000
bitcoin-cash,2017-12-10,1411.84,1411.84,1226.21,1323.07,885886000.0,23784900000.0
bitcoin-gold,2017-12-10,244.97,245.99,195.87,228.87,140891000.0,4090460000.0
bitshares,2017-12-10,0.179038,0.179672,0.15899000000000002,0.169324,13895600.0,466260000
bytecoin-bcn,2017-12-10,0.002538,0.00266,0.00212,0.0024530000000000003,7019140.0,465100000
cardano,2017-12-10,0.11979400000000001,0.11979400000000001,0.100133,0.11028099999999999,46376600.0,3105910000.0
dash,2017-12-10,723.23,723.83,645.16,688.67,190183000.0,5600430000
dogecoin,2017-12-10,0.002607,0.002742,0.002307,0.002547,5614920.0,292724000
ethereum,2017-12-10,472.79,472.79,429.51,441.72,1404180000.0,45501400000.0
ethereum-classic,2017-12-10,29.22,29.22,24.2,26.51,463748000.0,2870390000.0
iota,2017-12-10,4.66,4.66,3.77,4.13,601040000.0,12946400000
lisk,2017-12-10,8.23,8.44,7.51,7.94,28777900.0,952954000.0
litecoin,2017-12-10,155.63,155.63,130.16,148.66,1087340000.0,8438840000
monero,2017-12-10,262.9,262.9,220.77,245.33,142120000.0,4061590000
nano,2017-12-10,0.8201430000000001,1.05,0.72313,0.922739,4313070.0,109283000.0
nem,2017-12-10,0.44470200000000004,0.44470200000000004,0.334256,0.393966,77311800.0,4002320000
neo,2017-12-10,35.79,35.79,32.51,33.31,72133600.0,2326550000.0
qtum,2017-12-10,12.09,12.09,10.74,11.05,106888000.0,891217000.0
ripple,2017-12-10,0.245548,0.245548,0.229304,0.237333,198174000.0,9512330000
siacoin,2017-12-10,0.008221,0.008323,0.007026,0.007684999999999999,4830090.0,258120000.0
steem,2017-12-10,1.67,1.92,1.31,1.67,6084930.0,411814000
stellar,2017-12-10,0.138053,0.138053,0.103975,0.11926300000000001,91047600.0,2462460000
verge,2017-12-10,0.008712000000000001,0.008712000000000001,0.007423000000000001,0.008294,3091980.0,125143000
zcash,2017-12-10,317.28,321.55,288.4,291.1,107504000.0,888438000
bitcoin,2017-12-11,15427.4,17513.9,15404.8,16936.8,12153900000.0,258147000000
bitcoin-cash,2017-12-11,1320.0,1453.49,1316.85,1423.38,922792000.0,22239900000.0
bitcoin-gold,2017-12-11,229.33,288.68,229.19,254.45,265127000.0,3829550000.0
bitshares,2017-12-11,0.16658199999999998,0.179253,0.16548800000000002,0.179253,12812800.0,433843000
bytecoin-bcn,2017-12-11,0.002439,0.002758,0.002426,0.002573,7378240.0,446998000
cardano,2017-12-11,0.108927,0.12138299999999999,0.10863800000000001,0.12138299999999999,39513900.0,2824170000.0
dash,2017-12-11,688.55,768.93,688.15,765.4,184131000.0,5333190000
dogecoin,2017-12-11,0.0025629999999999997,0.0028940000000000003,0.002534,0.002798,7017140.0,287838000
ethereum,2017-12-11,440.36,516.97,439.1,515.14,1771440000.0,42389300000.0
ethereum-classic,2017-12-11,26.48,29.43,26.48,27.64,470359000.0,2602010000.0
iota,2017-12-11,4.14,4.58,4.12,4.27,409780000.0,11512900000
lisk,2017-12-11,7.94,8.54,7.84,8.17,28711700.0,919207000.0
litecoin,2017-12-11,148.26,225.29,147.34,214.2,2913980000.0,8042020000
monero,2017-12-11,244.95,281.03,244.14,279.67,152497000.0,3784310000
nano,2017-12-11,0.869116,1.21,0.869116,1.2,2943420.0,115808000.0
nem,2017-12-11,0.39392,0.504022,0.39392,0.49053,71627100.0,3545280000
neo,2017-12-11,33.32,36.57,33.32,35.88,77323800.0,2165750000.0
qtum,2017-12-11,11.02,14.6,11.0,13.55,218917000.0,812116000.0
ripple,2017-12-11,0.23657399999999998,0.252777,0.23580399999999999,0.251691,176101000.0,9164670000
siacoin,2017-12-11,0.0077069999999999994,0.008877,0.007673999999999999,0.008639,4951460.0,241961000.0
steem,2017-12-11,1.68,1.79,1.68,1.72,3618120.0,413124000
stellar,2017-12-11,0.118252,0.151842,0.117751,0.144956,117548000.0,2109300000
verge,2017-12-11,0.008212,0.009273,0.008168,0.008766,4143160.0,117988000
zcash,2017-12-11,290.03,323.36,284.7,319.96,115200000.0,814205000
bitcoin,2017-12-12,16919.8,17781.8,16571.6,17415.4,14603800000.0,283155000000
bitcoin-cash,2017-12-12,1427.38,1638.29,1427.38,1615.03,1386250000.0,24051800000.0
bitcoin-gold,2017-12-12,254.35,294.19,251.87,275.44,205849000.0,4247980000.0
bitshares,2017-12-12,0.17918499999999998,0.21338000000000001,0.175379,0.213373,25128800.0,466690000
bytecoin-bcn,2017-12-12,0.002569,0.002821,0.00249,0.00274,5334230.0,470746000
cardano,2017-12-12,0.12117699999999999,0.138008,0.114222,0.133891,60056800.0,3141770000.0
dash,2017-12-12,765.96,948.65,746.94,932.03,370539000.0,5934340000
dogecoin,2017-12-12,0.002794,0.0033810000000000003,0.002665,0.003304,19228600.0,313804000
ethereum,2017-12-12,522.29,657.32,504.49,651.43,5179830000.0,50286400000.0
ethereum-classic,2017-12-12,27.75,33.39,27.42,30.32,819045000.0,2728370000.0
iota,2017-12-12,4.26,5.03,4.18,4.72,679346000.0,11852900000
lisk,2017-12-12,8.2,9.36,8.19,9.35,41474000.0,950373000.0
litecoin,2017-12-12,212.46,341.72,209.68,316.16,6961680000.0,11528600000
monero,2017-12-12,281.49,319.9,281.19,308.07,271786000.0,4348820000
nano,2017-12-12,1.2,1.86,1.19,1.63,6865940.0,160335000.0
nem,2017-12-12,0.495342,0.5742109999999999,0.461091,0.534018,106068000.0,4458080000
neo,2017-12-12,36.22,41.28,35.32,40.41,132796000.0,2354370000.0
qtum,2017-12-12,13.57,15.12,13.28,14.76,253559000.0,1000140000.0
ripple,2017-12-12,0.252258,0.43410200000000004,0.250961,0.373541,1555040000.0,9772240000
siacoin,2017-12-12,0.008662000000000001,0.011254,0.008402,0.011188,10191200.0,271938000.0
steem,2017-12-12,1.72,1.87,1.66,1.85,3830320.0,423130000
stellar,2017-12-12,0.143231,0.162208,0.136176,0.156444,135847000.0,2555100000
verge,2017-12-12,0.008905,0.009516,0.008588,0.00933,5287600.0,127979000
zcash,2017-12-12,320.55,379.12,320.55,373.03,191288000.0,902200000
bitcoin,2017-12-13,17500.0,17653.1,16039.7,16408.2,12976900000.0,292900000000
bitcoin-cash,2017-12-13,1616.99,1702.53,1497.94,1607.65,1245190000.0,27249600000.0
bitcoin-gold,2017-12-13,276.11,285.06,254.1,271.45,221863000.0,4611860000.0
bitshares,2017-12-13,0.214759,0.250916,0.197349,0.234994,39611500.0,559368000
bytecoin-bcn,2017-12-13,0.002727,0.002799,0.002459,0.002573,7039420.0,499796000
cardano,2017-12-13,0.133739,0.141854,0.122368,0.13428099999999998,61575000.0,3467460000.0
dash,2017-12-13,925.02,931.21,810.96,886.88,268426000.0,7168440000
dogecoin,2017-12-13,0.0033060000000000003,0.0038840000000000003,0.003218,0.003461,31150900.0,371313000
ethereum,2017-12-13,644.91,747.99,597.8,702.77,4524540000.0,62105600000.0
ethereum-classic,2017-12-13,30.29,33.24,27.95,29.72,688511000.0,2978500000.0
iota,2017-12-13,4.72,4.75,3.77,4.09,498435000.0,13112600000
lisk,2017-12-13,9.4,10.21,8.62,9.51,53217400.0,1089060000.0
litecoin,2017-12-13,315.36,341.8,287.48,302.6,3409790000.0,17116500000
monero,2017-12-13,307.43,330.35,284.74,305.75,248583000.0,4749580000
nano,2017-12-13,1.63,2.1,1.55,2.1,5686990.0,217639000.0
nem,2017-12-13,0.529258,0.5563060000000001,0.49961400000000006,0.523858,56148600.0,4763320000
neo,2017-12-13,40.73,49.07,37.49,44.81,294500000.0,2647620000.0
qtum,2017-12-13,14.81,19.29,14.8,17.31,541413000.0,1091760000.0
ripple,2017-12-13,0.372689,0.513768,0.342964,0.471063,2738760000.0,14437600000
siacoin,2017-12-13,0.010926,0.011929,0.009937,0.010223000000000001,14491500.0,343030000.0
steem,2017-12-13,1.86,1.88,1.69,1.78,3287560.0,458352000
stellar,2017-12-13,0.15496600000000002,0.162841,0.14040999999999998,0.149342,107122000.0,2765100000
verge,2017-12-13,0.009203,0.016603,0.00896,0.014828000000000001,36652000.0,132294000
zcash,2017-12-13,372.13,437.24,356.12,414.69,265914000.0,1050030000
bitcoin,2017-12-14,16384.6,17085.8,16185.9,16564.0,13777400000.0,274269000000
bitcoin-cash,2017-12-14,1600.67,2080.41,1593.15,1966.14,2717410000.0,26977700000.0
bitcoin-gold,2017-12-14,271.43,352.55,270.45,316.95,467875000.0,4534150000.0
bitshares,2017-12-14,0.23652399999999998,0.330216,0.23383800000000002,0.330216,70388300.0,616086000
bytecoin-bcn,2017-12-14,0.002568,0.002863,0.00252,0.0028,5251000.0,470595000
cardano,2017-12-14,0.133667,0.24075300000000002,0.13184300000000002,0.24075300000000002,309307000.0,3465580000.0
dash,2017-12-14,884.21,968.47,866.63,941.11,259303000.0,6853970000
dogecoin,2017-12-14,0.0034490000000000002,0.003718,0.0034189999999999997,0.0037090000000000005,23426200.0,387470000
ethereum,2017-12-14,700.59,753.12,664.99,695.82,3821580000.0,67482900000.0
ethereum-classic,2017-12-14,29.64,34.07,29.61,31.96,632755000.0,2914580000.0
iota,2017-12-14,4.06,4.24,3.38,3.78,568923000.0,11280900000
lisk,2017-12-14,9.54,11.12,9.53,10.72,68330600.0,1105220000.0
litecoin,2017-12-14,301.2,311.32,265.66,279.33,2114880000.0,16352400000
monero,2017-12-14,303.26,335.53,301.4,325.21,261053000.0,4692810000
nano,2017-12-14,2.1,4.02,2.01,2.84,8719500.0,279690000.0
nem,2017-12-14,0.5359649999999999,0.616128,0.515254,0.610045,87375200.0,4823690000
neo,2017-12-14,44.9,53.65,44.4,50.62,313147000.0,2918700000.0
qtum,2017-12-14,17.16,20.63,17.02,20.48,389613000.0,1264910000.0
ripple,2017-12-14,0.47064799999999996,0.892267,0.466401,0.8642629999999999,6358700000.0,18232500000
siacoin,2017-12-14,0.010273000000000001,0.012068,0.009511,0.011447,16156500.0,322531000.0
steem,2017-12-14,1.76,2.1,1.76,2.04,6859390.0,432859000
stellar,2017-12-14,0.148829,0.209779,0.147458,0.188907,281635000.0,2656890000
verge,2017-12-14,0.014516999999999999,0.020732,0.013085,0.019107,85882100.0,208747000
zcash,2017-12-14,416.41,529.77,415.5,510.91,423033000.0,1177960000
bitcoin,2017-12-15,16601.3,18154.1,16601.3,17706.9,14310000000.0,277936000000
bitcoin-cash,2017-12-15,1974.66,1974.66,1678.06,1815.43,1457230000.0,33284800000.0
bitcoin-gold,2017-12-15,316.87,316.87,277.86,297.84,175999000.0,5293820000.0
bitshares,2017-12-15,0.33211999999999997,0.399298,0.267753,0.354883,97025300.0,865129000
bytecoin-bcn,2017-12-15,0.002804,0.002934,0.002748,0.0028699999999999997,4051660.0,513763000
cardano,2017-12-15,0.23320900000000003,0.23320900000000003,0.187032,0.21346700000000002,207311000.0,6046420000.0
dash,2017-12-15,943.32,947.28,850.63,900.52,191527000.0,7313960000
dogecoin,2017-12-15,0.00367,0.0038090000000000003,0.003483,0.0037619999999999997,19043800.0,412349000
ethereum,2017-12-15,696.38,697.13,621.06,684.45,2758710000.0,67090900000.0
ethereum-classic,2017-12-15,32.02,32.7,28.47,32.09,526730000.0,3150230000.0
iota,2017-12-15,3.77,4.06,3.37,3.9,427330000.0,10489600000
lisk,2017-12-15,10.77,11.18,9.56,10.22,60658700.0,1248440000.0
litecoin,2017-12-15,280.97,316.41,251.22,299.78,2599940000.0,15258500000
monero,2017-12-15,325.61,326.08,296.08,312.32,163054000.0,5039870000
nano,2017-12-15,2.84,2.93,2.06,2.64,5233780.0,378315000.0
nem,2017-12-15,0.601422,0.610192,0.5038,0.5926819999999999,69296200.0,5412800000
neo,2017-12-15,50.54,51.24,43.13,47.99,204065000.0,3285020000.0
qtum,2017-12-15,20.68,32.65,17.69,30.54,1227400000.0,1524900000.0
ripple,2017-12-15,0.8617600000000001,0.8617600000000001,0.666114,0.756181,3194210000.0,33383900000
siacoin,2017-12-15,0.011385,0.011677,0.010112999999999999,0.010613,11493300.0,357446000.0
steem,2017-12-15,2.04,2.08,1.8,1.96,4929700.0,502442000
stellar,2017-12-15,0.19856500000000002,0.204663,0.16398800000000002,0.19586199999999998,260229000.0,3544830000
verge,2017-12-15,0.019239,0.020249,0.01496,0.018862999999999998,46278500.0,276718000
zcash,2017-12-15,510.82,510.82,423.73,467.15,220484000.0,1448690000
bitcoin,2017-12-16,17760.3,19716.7,17515.3,19497.4,12740600000.0,297376000000
bitcoin-cash,2017-12-16,1824.85,1890.06,1769.5,1801.88,971255000.0,30762600000.0
bitcoin-gold,2017-12-16,297.06,313.0,292.14,296.4,136415000.0,4963500000.0
bitshares,2017-12-16,0.351869,0.45321000000000006,0.346035,0.446008,94677700.0,916615000
bytecoin-bcn,2017-12-16,0.00285,0.003776,0.0027949999999999997,0.003638,9692270.0,522237000
cardano,2017-12-16,0.212875,0.44719200000000003,0.204233,0.404665,581052000.0,5519230000.0
dash,2017-12-16,901.22,1001.51,897.29,1001.51,195788000.0,6989350000
dogecoin,2017-12-16,0.0037670000000000004,0.006251,0.003638,0.005933,136353000.0,423265000
ethereum,2017-12-16,686.19,718.38,680.79,696.21,2165690000.0,66124200000.0
ethereum-classic,2017-12-16,32.03,39.02,31.3,34.78,1104770000.0,3151410000.0
iota,2017-12-16,3.91,4.07,3.48,3.63,285374000.0,10876100000
lisk,2017-12-16,10.18,10.65,10.04,10.48,45189500.0,1181070000.0
litecoin,2017-12-16,299.34,309.9,290.13,298.97,1291380000.0,16260700000
monero,2017-12-16,312.61,331.54,311.71,327.32,164861000.0,4839760000
nano,2017-12-16,2.64,2.76,1.57,2.48,6144900.0,351134000.0
nem,2017-12-16,0.587655,0.716328,0.5788989999999999,0.657999,99889000.0,5288890000
neo,2017-12-16,48.14,52.26,46.93,49.81,164723000.0,3129270000.0
qtum,2017-12-16,30.15,31.53,28.48,29.0,609254000.0,2222900000.0
ripple,2017-12-16,0.7554930000000001,0.815923,0.741667,0.758642,1334770000.0,29267100000
siacoin,2017-12-16,0.010707,0.013569999999999999,0.010614,0.013103,16247000.0,336148000.0
steem,2017-12-16,1.97,2.26,1.97,2.12,5782550.0,484278000
stellar,2017-12-16,0.196077,0.236646,0.190341,0.232125,234173000.0,3500490000
verge,2017-12-16,0.018721,0.046954,0.018721,0.040697000000000004,254115000.0,269341000
zcash,2017-12-16,469.39,498.33,459.92,469.64,150140000.0,1334630000
bitcoin,2017-12-17,19475.8,20089.0,18974.1,19140.8,13314600000.0,326141000000
bitcoin-cash,2017-12-17,1812.33,1939.93,1806.65,1862.88,1020590000.0,30554500000.0
bitcoin-gold,2017-12-17,297.61,306.58,294.5,300.49,120807000.0,4973110000.0
bitshares,2017-12-17,0.450362,0.45432700000000004,0.377909,0.378112,53744300.0,1173240000
bytecoin-bcn,2017-12-17,0.0037329999999999998,0.004907,0.003512,0.004539,19651400.0,684115000
cardano,2017-12-17,0.386775,0.592417,0.378013,0.513011,628143000.0,10027900000.0
dash,2017-12-17,1014.51,1178.18,1014.51,1105.92,460594000.0,7869960000
dogecoin,2017-12-17,0.005917,0.007628,0.005586,0.005984000000000001,99417200.0,664867000
ethereum,2017-12-17,696.24,735.83,696.24,719.98,2147390000.0,67106400000.0
ethereum-classic,2017-12-17,34.78,36.41,34.2,34.79,428826000.0,3423520000.0
iota,2017-12-17,3.65,4.04,3.48,3.93,354390000.0,10138000000
lisk,2017-12-17,10.51,14.55,10.38,13.43,128034000.0,1219470000.0
litecoin,2017-12-17,301.78,332.59,301.78,318.72,1703580000.0,16398800000
monero,2017-12-17,328.06,365.24,327.27,351.37,278705000.0,5078920000
nano,2017-12-17,2.48,2.51,1.63,2.09,5157020.0,330965000.0
nem,2017-12-17,0.656408,0.7478239999999999,0.6441319999999999,0.6878270000000001,83063900.0,5907670000
neo,2017-12-17,49.74,71.72,49.74,68.11,500799000.0,3233120000.0
qtum,2017-12-17,29.19,30.3,28.63,29.62,399361000.0,2152090000.0
ripple,2017-12-17,0.754125,0.765981,0.719929,0.728366,805200000.0,29214200000
siacoin,2017-12-17,0.013016,0.019237999999999998,0.012938,0.016413,64991300.0,408662000.0
steem,2017-12-17,2.11,2.42,2.1,2.31,7228050.0,518769000
stellar,2017-12-17,0.234672,0.300678,0.22798200000000002,0.266621,423361000.0,4189510000
verge,2017-12-17,0.041717000000000004,0.090037,0.041717000000000004,0.052139,591389000.0,600370000
zcash,2017-12-17,471.63,562.0,470.36,537.18,305008000.0,1344370000
bitcoin,2017-12-18,19106.4,19371.0,18355.9,19114.2,14839500000.0,320000000000
bitcoin-cash,2017-12-18,1869.21,2353.64,1799.12,2196.64,2538650000.0,31516900000.0
bitcoin-gold,2017-12-18,300.0,332.56,281.7,319.53,313797000.0,5013620000.0
bitshares,2017-12-18,0.377689,0.443445,0.362302,0.44176000000000004,58381800.0,983967000
bytecoin-bcn,2017-12-18,0.004582999999999999,0.0052840000000000005,0.004148,0.004792,13913300.0,839877000
cardano,2017-12-18,0.511939,0.526496,0.46740299999999996,0.5181979999999999,253463000.0,13273100000.0
dash,2017-12-18,1110.16,1195.74,1044.76,1167.12,278638000.0,8614190000
dogecoin,2017-12-18,0.005938000000000001,0.006809,0.005622,0.0064329999999999995,44158800.0,667380000
ethereum,2017-12-18,721.73,803.93,689.23,794.64,3249230000.0,69578400000.0
ethereum-classic,2017-12-18,34.85,42.4,32.53,39.4,1072100000.0,3431130000.0
iota,2017-12-18,3.95,4.36,3.65,4.24,447675000.0,10977400000
lisk,2017-12-18,13.5,18.12,13.01,17.02,149703000.0,1566950000.0
litecoin,2017-12-18,318.95,360.93,302.0,358.34,1966600000.0,17336500000
monero,2017-12-18,353.07,381.51,332.09,381.51,217306000.0,5469410000
nano,2017-12-18,2.09,2.84,1.88,2.83,4372990.0,278002000.0
nem,2017-12-18,0.686663,0.8461930000000001,0.684549,0.8461930000000001,114759000.0,6179970000
neo,2017-12-18,68.45,81.06,63.96,77.22,437849000.0,4449540000.0
qtum,2017-12-18,29.66,56.06,27.84,51.85,2427870000.0,2187330000.0
ripple,2017-12-18,0.728036,0.792014,0.6893229999999999,0.778407,1342720000.0,28203500000
siacoin,2017-12-18,0.01634,0.017988,0.013833000000000002,0.016599000000000003,28351400.0,513025000.0
steem,2017-12-18,2.33,2.94,2.21,2.9,10902600.0,573063000
stellar,2017-12-18,0.273167,0.278075,0.257238,0.276283,201721000.0,4876760000
verge,2017-12-18,0.052265,0.060436000000000004,0.048062,0.059563,157485000.0,752705000
zcash,2017-12-18,538.45,600.69,497.31,596.16,348897000.0,1538680000
bitcoin,2017-12-19,19118.3,19177.8,17275.4,17776.7,16894500000.0,320242000000
bitcoin-cash,2017-12-19,2199.06,2918.93,2160.92,2805.89,3913340000.0,37083300000.0
bitcoin-gold,2017-12-19,319.81,367.33,316.07,355.18,413363000.0,5345270000.0
bitshares,2017-12-19,0.444489,0.48996000000000006,0.42189,0.46327299999999993,81817200.0,1158050000
bytecoin-bcn,2017-12-19,0.004857,0.0055049999999999995,0.004368,0.004586,10835300.0,890135000
cardano,2017-12-19,0.5202680000000001,0.589589,0.501083,0.531273,279631000.0,13489000000.0
dash,2017-12-19,1165.03,1254.28,1126.85,1186.63,302869000.0,9042190000
dogecoin,2017-12-19,0.006402,0.006693000000000001,0.005476,0.005666,38885700.0,719521000
ethereum,2017-12-19,793.9,881.94,785.34,826.82,4096550000.0,76552200000.0
ethereum-classic,2017-12-19,39.41,46.24,38.61,40.27,931713000.0,3880300000.0
iota,2017-12-19,4.24,5.69,3.88,5.37,1117890000.0,11796300000
lisk,2017-12-19,17.01,18.76,15.8,16.81,102730000.0,1974370000.0
litecoin,2017-12-19,359.13,375.29,335.68,350.25,2150480000.0,19525500000
monero,2017-12-19,381.07,406.03,346.94,377.24,317292000.0,5904690000
nano,2017-12-19,2.79,3.66,2.68,3.44,9969490.0,371666000.0
nem,2017-12-19,0.85139,1.06,0.85139,0.9429620000000001,242843000.0,7662510000
neo,2017-12-19,77.19,82.1,66.59,70.81,290083000.0,5017420000.0
qtum,2017-12-19,51.96,77.75,51.3,67.75,2134470000.0,3831880000.0
ripple,2017-12-19,0.777447,0.8635360000000001,0.756724,0.791257,1449670000.0,30117600000
siacoin,2017-12-19,0.01662,0.01761,0.014884,0.01619,27907300.0,521817000.0
steem,2017-12-19,2.87,3.37,2.63,2.92,16961200.0,706191000
stellar,2017-12-19,0.276017,0.300504,0.245986,0.26431,212549000.0,4927630000
verge,2017-12-19,0.059601,0.079966,0.058949,0.078311,200742000.0,858594000
zcash,2017-12-19,595.79,635.55,560.39,613.91,287417000.0,1706810000
bitcoin,2017-12-20,17760.3,17934.7,16077.7,16624.6,22149700000.0,297526000000
bitcoin-cash,2017-12-20,2825.03,4355.62,2825.03,3923.07,11889600000.0,47644600000.0
bitcoin-gold,2017-12-20,354.38,488.57,348.56,453.45,983169000.0,5923720000.0
bitshares,2017-12-20,0.461208,0.654883,0.409656,0.628286,142878000.0,1201660000
bytecoin-bcn,2017-12-20,0.004582,0.005182,0.0036899999999999997,0.005124,14950400.0,839613000
cardano,2017-12-20,0.533705,0.533705,0.441621,0.486151,182924000.0,13837400000.0
dash,2017-12-20,1184.92,1642.22,1167.3,1550.85,816872000.0,9198860000
dogecoin,2017-12-20,0.005619,0.007067,0.0048920000000000005,0.006661,67820000.0,631698000
ethereum,2017-12-20,827.52,845.06,756.0,819.09,3969940000.0,79810600000.0
ethereum-classic,2017-12-20,40.37,44.86,37.32,44.05,920793000.0,3976420000.0
iota,2017-12-20,5.37,5.52,4.69,5.09,611582000.0,14929000000
lisk,2017-12-20,16.82,20.39,15.37,19.57,115660000.0,1953420000.0
litecoin,2017-12-20,349.6,349.6,308.63,314.62,2104060000.0,19012500000
monero,2017-12-20,375.71,476.4,329.95,469.2,498648000.0,5823300000
nano,2017-12-20,3.44,4.04,3.02,4.04,8339300.0,458545000.0
nem,2017-12-20,0.941401,1.04,0.81575,0.9189959999999999,119243000.0,8472610000
neo,2017-12-20,71.31,77.5,63.1,75.62,305912000.0,4634920000.0
qtum,2017-12-20,67.72,69.07,57.71,63.64,1025680000.0,4994350000.0
ripple,2017-12-20,0.787171,0.789044,0.730953,0.775964,1007420000.0,30494300000
siacoin,2017-12-20,0.016105,0.025972000000000002,0.013494999999999998,0.023979,97997000.0,505644000.0
steem,2017-12-20,2.88,3.7,2.43,3.42,20406500.0,708089000
stellar,2017-12-20,0.264813,0.265206,0.21369000000000002,0.252386,250599000.0,4729210000
verge,2017-12-20,0.07877,0.1637,0.06331,0.143051,981665000.0,1135060000
zcash,2017-12-20,613.29,740.69,555.81,675.55,305316000.0,1761330000
bitcoin,2017-12-21,16642.4,17567.7,15342.7,15802.9,16516600000.0,278827000000
bitcoin-cash,2017-12-21,3909.0,3909.0,3038.01,3267.17,3664330000.0,65933700000.0
bitcoin-gold,2017-12-21,449.75,460.87,369.17,406.77,352178000.0,7518780000.0
bitshares,2017-12-21,0.6355350000000001,0.668158,0.555942,0.586835,87189200.0,1655940000
bytecoin-bcn,2017-12-21,0.005187,0.006353,0.005065,0.00611,21724500.0,950499000
cardano,2017-12-21,0.49004899999999996,0.523619,0.456527,0.477851,162926000.0,12705500000.0
dash,2017-12-21,1555.59,1622.26,1371.39,1434.82,476900000.0,12079600000
dogecoin,2017-12-21,0.006732999999999999,0.008768000000000001,0.0065829999999999994,0.007425,159154000.0,756986000
ethereum,2017-12-21,820.24,880.54,792.69,821.06,3569060000.0,79125300000.0
ethereum-classic,2017-12-21,43.86,47.77,39.69,42.1,825239000.0,4321050000.0
iota,2017-12-21,5.08,5.51,4.86,5.03,434568000.0,14120900000
lisk,2017-12-21,19.62,27.36,19.33,24.17,201110000.0,2278410000.0
litecoin,2017-12-21,314.66,339.74,299.53,317.46,1555940000.0,17116600000
monero,2017-12-21,470.29,470.29,390.55,417.98,354021000.0,7291030000
nano,2017-12-21,4.03,5.44,4.02,4.93,15051400.0,537432000.0
nem,2017-12-21,0.949966,1.05,0.9135110000000001,0.998102,112835000.0,8549700000
neo,2017-12-21,76.12,79.04,67.49,71.37,225272000.0,4948010000.0
qtum,2017-12-21,63.82,69.24,56.87,62.23,905593000.0,4706660000.0
ripple,2017-12-21,0.782515,1.24,0.782515,1.19,3626110000.0,30314000000
siacoin,2017-12-21,0.023688,0.030454000000000002,0.022002,0.025061,77805700.0,743707000.0
steem,2017-12-21,3.44,4.17,3.31,3.65,22309900.0,846290000
stellar,2017-12-21,0.252894,0.28078600000000004,0.24067199999999997,0.2572,199122000.0,4516350000
verge,2017-12-21,0.144295,0.161849,0.105101,0.12832000000000002,374103000.0,2079900000
zcash,2017-12-21,674.66,743.96,622.92,651.49,279558000.0,1942370000
bitcoin,2017-12-22,15898.0,15943.4,11833.0,13831.8,22198000000.0,266381000000
bitcoin-cash,2017-12-22,3324.0,3369.55,1938.36,2696.69,3877770000.0,56071800000.0
bitcoin-gold,2017-12-22,416.44,416.75,259.88,305.73,313313000.0,6962700000.0
bitshares,2017-12-22,0.59145,0.603688,0.384784,0.49081099999999994,125559000.0,1541150000
bytecoin-bcn,2017-12-22,0.006116,0.006241,0.003259,0.004793,15447300.0,1120850000
cardano,2017-12-22,0.47897399999999996,0.47897399999999996,0.293641,0.40715,150973000.0,12418400000.0
dash,2017-12-22,1441.9,1452.45,864.37,1179.01,510588000.0,11199600000
dogecoin,2017-12-22,0.007386,0.007625,0.0047420000000000006,0.0060539999999999995,63693900.0,830524000
ethereum,2017-12-22,822.64,827.68,543.76,674.86,4977710000.0,79374400000.0
ethereum-classic,2017-12-22,42.42,42.68,23.76,30.96,817384000.0,4180300000.0
iota,2017-12-22,5.08,5.11,2.8,3.45,826429000.0,14109700000
lisk,2017-12-22,24.18,24.44,14.72,19.5,177588000.0,2809610000.0
litecoin,2017-12-22,319.26,320.3,187.48,264.93,2938040000.0,17371200000
monero,2017-12-22,419.53,423.42,255.67,346.11,334617000.0,6504920000
nano,2017-12-22,4.98,5.23,2.95,4.35,8725690.0,663226000.0
nem,2017-12-22,1.01,1.03,0.592709,0.816177,187781000.0,9100960000
neo,2017-12-22,71.54,72.28,43.39,55.57,297579000.0,4650220000.0
qtum,2017-12-22,63.27,63.27,36.35,49.48,1101630000.0,4665870000.0
ripple,2017-12-22,1.17,1.38,0.741013,1.14,4644700000.0,45189500000
siacoin,2017-12-22,0.024909,0.025769,0.01405,0.019190000000000002,42826200.0,782029000.0
steem,2017-12-22,3.64,3.79,2.07,2.94,14457100.0,894782000
stellar,2017-12-22,0.258506,0.27619299999999997,0.161494,0.21671700000000002,229459000.0,4616600000
verge,2017-12-22,0.128681,0.13992000000000002,0.06916599999999999,0.124868,295942000.0,1859410000
zcash,2017-12-22,652.92,656.02,381.48,536.68,351521000.0,1884510000
bitcoin,2017-12-23,13948.7,15603.2,13828.8,14699.2,13086000000.0,233748000000
bitcoin-cash,2017-12-23,2746.95,3479.71,2684.82,3257.08,2843310000.0,46342000000.0
bitcoin-gold,2017-12-23,308.76,354.89,306.0,334.56,217778000.0,5162850000.0
bitshares,2017-12-23,0.48940600000000006,0.639977,0.46774499999999997,0.55993,71400300.0,1275310000
bytecoin-bcn,2017-12-23,0.004850999999999999,0.006444,0.004850999999999999,0.0059039999999999995,16188800.0,889026000
cardano,2017-12-23,0.41441999999999996,0.45036800000000005,0.392567,0.41402700000000003,88865000.0,10744700000.0
dash,2017-12-23,1198.74,1362.96,1160.04,1275.5,327129000.0,9313260000
dogecoin,2017-12-23,0.006135,0.008076,0.00611,0.007259000000000001,70143100.0,689861000
ethereum,2017-12-23,681.32,763.89,679.73,719.39,2480340000.0,65752100000.0
ethereum-classic,2017-12-23,31.54,35.14,31.13,32.73,385223000.0,3109180000.0
iota,2017-12-23,3.51,4.21,3.39,3.61,236435000.0,9763930000
lisk,2017-12-23,19.61,22.79,18.99,20.71,90698800.0,2278950000.0
litecoin,2017-12-23,269.27,312.67,261.64,288.27,1352580000.0,14655200000
monero,2017-12-23,349.76,417.65,344.38,382.04,190117000.0,5423160000
nano,2017-12-23,4.41,4.8,4.03,4.52,5990190.0,587957000.0
nem,2017-12-23,0.8366459999999999,0.997663,0.820264,0.9271659999999999,77666400.0,7529810000
neo,2017-12-23,56.32,67.75,56.32,58.9,146282000.0,3660710000.0
qtum,2017-12-23,50.84,60.2,50.71,57.26,913925000.0,3749710000.0
ripple,2017-12-23,1.17,1.21,1.08,1.17,1497590000.0,45167600000
siacoin,2017-12-23,0.019476,0.033568,0.019403999999999998,0.028472000000000004,97877700.0,611460000.0
steem,2017-12-23,2.99,3.59,2.8,3.15,10846800.0,736443000
stellar,2017-12-23,0.22081199999999998,0.263453,0.213736,0.234179,116122000.0,3943440000
verge,2017-12-23,0.125615,0.300588,0.12298800000000001,0.2144,972487000.0,1815570000
zcash,2017-12-23,542.19,637.24,498.77,594.62,231311000.0,1568750000
bitcoin,2017-12-24,14608.2,14626.0,12747.7,13925.8,11572300000.0,244824000000
bitcoin-cash,2017-12-24,3260.55,3260.55,2573.44,2903.12,1712160000.0,55013200000.0
bitcoin-gold,2017-12-24,334.55,334.55,289.77,305.22,144898000.0,5594770000.0
bitshares,2017-12-24,0.563631,0.570233,0.47707200000000005,0.558068,59690500.0,1468770000
bytecoin-bcn,2017-12-24,0.0059689999999999995,0.0066159999999999995,0.00485,0.006591,18019600.0,1093790000
cardano,2017-12-24,0.41666099999999995,0.41666099999999995,0.347039,0.390029,67372300.0,10802800000.0
dash,2017-12-24,1286.73,1286.73,1090.21,1184.69,230643000.0,9999390000
dogecoin,2017-12-24,0.007281999999999999,0.008948000000000001,0.005974,0.008582,143767000.0,818985000
ethereum,2017-12-24,721.77,721.77,614.92,694.15,2300550000.0,69671200000.0
ethereum-classic,2017-12-24,33.0,33.0,28.22,30.78,316553000.0,3253910000.0
iota,2017-12-24,3.61,3.64,2.95,3.48,278148000.0,10046100000
lisk,2017-12-24,21.01,21.01,17.22,20.02,65224400.0,2442470000.0
litecoin,2017-12-24,291.01,291.01,251.04,275.98,1122910000.0,15842900000
monero,2017-12-24,391.01,391.01,297.09,337.06,134675000.0,6062810000
nano,2017-12-24,4.57,4.77,4.14,4.73,5428590.0,608774000.0
nem,2017-12-24,0.940283,1.04,0.7872979999999999,1.04,98134100.0,8462550000
neo,2017-12-24,59.32,59.97,51.84,59.7,160158000.0,3855900000.0
qtum,2017-12-24,56.71,57.37,49.0,53.64,692470000.0,4182730000.0
ripple,2017-12-24,1.18,1.18,0.911226,1.04,754959000.0,45541100000
siacoin,2017-12-24,0.029189999999999997,0.033807,0.025087,0.033807,77247000.0,916454000.0
steem,2017-12-24,3.3,3.77,2.78,3.4,12293700.0,811021000
stellar,2017-12-24,0.23679299999999998,0.23718499999999998,0.198229,0.22445,71071600.0,4228850000
verge,2017-12-24,0.224923,0.279563,0.215083,0.255441,478059000.0,3253520000
zcash,2017-12-24,595.39,595.39,449.03,532.5,142136000.0,1726960000
bitcoin,2017-12-25,13995.9,14593.0,13448.9,14026.6,10664700000.0,234590000000
bitcoin-cash,2017-12-25,2929.35,3099.62,2755.6,2954.69,1355440000.0,49430800000.0
bitcoin-gold,2017-12-25,307.49,312.0,295.27,309.33,104619000.0,5142770000.0
bitshares,2017-12-25,0.5625140000000001,0.669663,0.538656,0.617005,82457300.0,1465890000
bytecoin-bcn,2017-12-25,0.006642,0.008138,0.006411,0.0067269999999999995,25042600.0,1217250000
cardano,2017-12-25,0.39233,0.4397,0.362807,0.41636300000000004,122194000.0,10172000000.0
dash,2017-12-25,1190.53,1235.22,1162.45,1175.89,195124000.0,9254180000
dogecoin,2017-12-25,0.008648999999999999,0.010729,0.008582,0.008931,178009000.0,972803000
ethereum,2017-12-25,698.87,782.52,698.87,765.83,2491760000.0,67475100000.0
ethereum-classic,2017-12-25,30.91,32.44,30.69,32.35,258235000.0,3047860000.0
iota,2017-12-25,3.49,3.81,3.29,3.5,172138000.0,9704640000
lisk,2017-12-25,20.29,24.09,19.13,23.86,106194000.0,2359540000.0
litecoin,2017-12-25,277.49,286.79,269.57,273.39,804377000.0,15111400000
monero,2017-12-25,339.69,365.87,323.2,360.78,119632000.0,5271820000
nano,2017-12-25,4.77,6.63,4.75,6.52,12561700.0,636207000.0
nem,2017-12-25,1.04,1.14,0.945585,1.01,122425000.0,9378680000
neo,2017-12-25,60.27,68.37,58.39,66.32,170538000.0,3917400000.0
qtum,2017-12-25,54.0,59.79,51.23,58.09,976115000.0,3982900000.0
ripple,2017-12-25,1.05,1.13,1.0,1.12,686014000.0,40506000000
siacoin,2017-12-25,0.034765,0.038733,0.026514999999999997,0.028020999999999997,93218700.0,1091480000.0
steem,2017-12-25,3.4,3.43,3.07,3.36,7338120.0,835606000
stellar,2017-12-25,0.22653800000000002,0.234519,0.21272199999999997,0.22851100000000002,71737300.0,4045700000
verge,2017-12-25,0.258386,0.258386,0.133723,0.162262,457610000.0,3737570000
zcash,2017-12-25,536.13,575.16,511.03,558.84,139365000.0,1558920000
bitcoin,2017-12-26,14036.6,16461.2,14028.9,16099.8,13454300000.0,235294000000
bitcoin-cash,2017-12-26,2947.74,3112.64,2915.8,3108.89,1544430000.0,49745700000.0
bitcoin-gold,2017-12-26,305.83,316.28,299.03,307.29,110025000.0,5115710000.0
bitshares,2017-12-26,0.6148319999999999,0.62969,0.5346489999999999,0.57785,62916100.0,1602270000
bytecoin-bcn,2017-12-26,0.0067209999999999995,0.007425,0.005686999999999999,0.006586,17501400.0,1231610000
cardano,2017-12-26,0.41357299999999997,0.43008599999999997,0.40560799999999997,0.428465,94896000.0,10722700000.0
dash,2017-12-26,1173.71,1227.72,1169.34,1222.83,231985000.0,9125790000
dogecoin,2017-12-26,0.008935,0.009623,0.008173,0.009411,124427000.0,1005190000
ethereum,2017-12-26,763.37,786.79,760.93,773.84,2201160000.0,73717800000.0
ethereum-classic,2017-12-26,32.46,33.99,31.97,32.9,317646000.0,3201840000.0
iota,2017-12-26,3.49,3.82,3.49,3.8,178890000.0,9703070000
lisk,2017-12-26,23.89,27.38,22.85,25.26,145958000.0,2778810000.0
litecoin,2017-12-26,273.11,289.51,272.26,286.5,842993000.0,14876400000
monero,2017-12-26,361.08,384.77,357.27,381.54,161342000.0,5605310000
nano,2017-12-26,6.28,9.05,6.28,9.05,24968500.0,837437000.0
nem,2017-12-26,0.999341,1.01,0.9255469999999999,0.9883799999999999,65543300.0,8994070000
neo,2017-12-26,66.61,68.8,61.86,65.52,195466000.0,4329390000.0
qtum,2017-12-26,58.22,59.99,55.42,55.95,652554000.0,4294180000.0
ripple,2017-12-26,1.12,1.19,1.09,1.19,938847000.0,43455400000
siacoin,2017-12-26,0.027575,0.032330000000000005,0.024311000000000003,0.029560000000000003,89684300.0,865745000.0
steem,2017-12-26,3.48,3.71,3.16,3.43,10614600.0,856171000
stellar,2017-12-26,0.228649,0.232918,0.21096900000000002,0.226018,96759300.0,4083400000
verge,2017-12-26,0.175387,0.20650100000000002,0.14658800000000002,0.200425,745294000.0,2523880000
zcash,2017-12-26,560.0,573.98,551.84,573.98,139397000.0,1632270000
bitcoin,2017-12-27,16163.5,16930.9,15114.3,15838.5,12487600000.0,270976000000
bitcoin-cash,2017-12-27,3108.32,3108.32,2771.05,2889.52,1406450000.0,52461200000.0
bitcoin-gold,2017-12-27,307.59,330.97,300.93,317.88,135077000.0,5145590000.0
bitshares,2017-12-27,0.582966,0.612003,0.537065,0.5664939999999999,30077700.0,1519270000
bytecoin-bcn,2017-12-27,0.006587999999999999,0.006815000000000001,0.005907,0.006221,14649300.0,1207320000
cardano,2017-12-27,0.42710699999999996,0.43082700000000007,0.401098,0.41417600000000004,82067500.0,11073600000.0
dash,2017-12-27,1227.95,1255.25,1163.47,1189.89,211339000.0,9549870000
dogecoin,2017-12-27,0.009342,0.009609,0.008514,0.008872,63625500.0,1051090000
ethereum,2017-12-27,774.97,789.25,738.41,762.84,2100030000.0,74854100000.0
ethereum-classic,2017-12-27,32.83,33.22,31.26,32.14,217743000.0,3239130000.0
iota,2017-12-27,3.81,4.48,3.62,3.74,297053000.0,10593200000
lisk,2017-12-27,24.83,25.26,23.17,24.02,77179500.0,2889020000.0
litecoin,2017-12-27,286.59,290.94,264.42,272.17,777138000.0,15615200000
monero,2017-12-27,381.3,442.6,381.3,421.85,250742000.0,5920710000
nano,2017-12-27,9.1,10.98,8.16,10.7,27586700.0,1212240000.0
nem,2017-12-27,0.9836159999999999,0.994182,0.909545,0.944464,53708400.0,8852550000
neo,2017-12-27,65.53,70.29,62.88,66.88,153715000.0,4259210000.0
qtum,2017-12-27,55.76,56.39,52.72,54.11,539542000.0,4113280000.0
ripple,2017-12-27,1.18,1.47,1.18,1.4,2854260000.0,45875700000
siacoin,2017-12-27,0.029426,0.031848,0.026799,0.028968999999999998,94351500.0,923851000.0
steem,2017-12-27,3.42,3.42,3.04,3.26,5684460.0,842849000
stellar,2017-12-27,0.22626100000000002,0.233267,0.216719,0.22922399999999998,78509400.0,4040790000
verge,2017-12-27,0.197493,0.21000300000000002,0.13603099999999999,0.138199,393269000.0,2842820000
zcash,2017-12-27,574.16,590.16,540.62,554.07,143217000.0,1677730000
bitcoin,2017-12-28,15864.1,15888.4,13937.3,14606.5,12336500000.0,265988000000
bitcoin-cash,2017-12-28,2888.64,2896.78,2481.3,2566.64,3221300000.0,48758700000.0
bitcoin-gold,2017-12-28,318.78,318.78,274.29,284.34,134169000.0,5333490000.0
bitshares,2017-12-28,0.565864,0.566046,0.45693599999999995,0.51063,56336300.0,1474730000
bytecoin-bcn,2017-12-28,0.006157,0.0062369999999999995,0.005338,0.005729,8900540.0,1128280000
cardano,2017-12-28,0.41202,0.41893400000000003,0.36788699999999996,0.40770100000000004,82263800.0,10682500000.0
dash,2017-12-28,1188.51,1188.67,1063.81,1160.57,190296000.0,9245510000
dogecoin,2017-12-28,0.008856000000000001,0.008856000000000001,0.007717,0.008486,51201500.0,996509000
ethereum,2017-12-28,762.21,763.32,701.19,737.02,2389150000.0,73637100000.0
ethereum-classic,2017-12-28,32.16,32.24,28.28,29.53,307104000.0,3173780000.0
iota,2017-12-28,3.72,3.75,3.33,3.68,217902000.0,10346000000
lisk,2017-12-28,23.94,23.98,21.54,23.05,68268900.0,2786020000.0
litecoin,2017-12-28,272.13,273.18,231.38,249.93,2593240000.0,14831200000
monero,2017-12-28,422.51,422.51,359.49,378.9,162717000.0,6561210000
nano,2017-12-28,10.66,13.96,9.85,11.62,29875100.0,1420390000.0
nem,2017-12-28,0.94431,0.952824,0.841534,0.909741,52492700.0,8498790000
neo,2017-12-28,66.76,66.94,58.22,65.43,135592000.0,4339530000.0
qtum,2017-12-28,54.44,56.64,46.41,56.23,838698000.0,4015530000.0
ripple,2017-12-28,1.39,1.5,1.26,1.43,2843300000.0,53998200000
siacoin,2017-12-28,0.028981,0.029537,0.024837,0.028699000000000002,40773000.0,909884000.0
steem,2017-12-28,3.23,3.26,2.64,2.89,6388540.0,796384000
stellar,2017-12-28,0.227821,0.228361,0.200481,0.223544,75925400.0,4068660000
verge,2017-12-28,0.138123,0.166278,0.114907,0.165906,580885000.0,1988770000
zcash,2017-12-28,552.58,560.12,490.4,507.26,129796000.0,1618580000
bitcoin,2017-12-29,14695.8,15279.0,14307.0,14656.2,13025500000.0,246428000000
bitcoin-cash,2017-12-29,2587.3,2922.41,2389.04,2779.95,2479420000.0,43677000000.0
bitcoin-gold,2017-12-29,285.77,291.3,267.74,280.58,114615000.0,4781710000.0
bitshares,2017-12-29,0.512417,0.627251,0.5007050000000001,0.5814699999999999,68177800.0,1335470000
bytecoin-bcn,2017-12-29,0.005841,0.006294,0.0057020000000000005,0.006261999999999999,9339730.0,1070400000
cardano,2017-12-29,0.41045699999999996,0.556879,0.403945,0.529299,266403000.0,10642000000.0
dash,2017-12-29,1165.88,1187.55,1070.62,1147.95,195177000.0,9071760000
dogecoin,2017-12-29,0.008513,0.009477,0.008154999999999999,0.009391,62474900.0,958038000
ethereum,2017-12-29,740.39,770.12,729.61,753.59,2648970000.0,71544300000.0
ethereum-classic,2017-12-29,29.65,30.67,28.16,30.03,239663000.0,2926400000.0
iota,2017-12-29,3.7,3.89,3.49,3.69,187729000.0,10270500000
lisk,2017-12-29,23.24,23.55,21.81,22.75,79199000.0,2705870000.0
litecoin,2017-12-29,250.35,258.04,238.33,245.5,1392210000.0,13648200000
monero,2017-12-29,381.3,387.56,358.07,377.37,173825000.0,5921340000
nano,2017-12-29,13.08,17.35,10.77,13.38,56887500.0,1743520000.0
nem,2017-12-29,0.9126200000000001,1.06,0.890231,1.06,105782000.0,8213580000
neo,2017-12-29,65.7,74.82,63.14,73.9,163331000.0,4270520000.0
qtum,2017-12-29,56.35,60.47,53.33,58.71,876085000.0,4156560000.0
ripple,2017-12-29,1.44,2.27,1.44,2.21,7545740000.0,55767500000
siacoin,2017-12-29,0.028694,0.034135000000000006,0.027574,0.032217,54244900.0,900884000.0
steem,2017-12-29,2.92,3.16,2.74,3.15,6234230.0,719370000
stellar,2017-12-29,0.22377800000000003,0.33576,0.22268000000000002,0.322941,387880000.0,3996450000
verge,2017-12-29,0.16802999999999998,0.173128,0.13799,0.160679,328949000.0,2420060000
zcash,2017-12-29,507.97,601.5,483.99,571.9,227427000.0,1491580000
bitcoin,2017-12-30,14681.9,14681.9,12350.1,12952.2,14452600000.0,246224000000
bitcoin-cash,2017-12-30,2791.55,2791.55,2329.47,2392.41,1257760000.0,47129800000.0
bitcoin-gold,2017-12-30,281.12,281.62,248.57,251.51,96001300.0,4704380000.0
bitshares,2017-12-30,0.581214,0.69716,0.5680069999999999,0.64569,109874000.0,1514810000
bytecoin-bcn,2017-12-30,0.006157999999999999,0.006157999999999999,0.004721,0.005171,8317390.0,1128450000
cardano,2017-12-30,0.528316,0.777385,0.47155600000000003,0.639243,645156000.0,13697700000.0
dash,2017-12-30,1147.48,1147.48,948.24,1011.47,184834000.0,8930900000
dogecoin,2017-12-30,0.009365,0.009446,0.007388,0.007859999999999999,56175300.0,1054010000
ethereum,2017-12-30,753.82,753.82,685.23,717.26,3187780000.0,72856900000.0
ethereum-classic,2017-12-30,30.04,30.04,26.25,26.92,241645000.0,2965900000.0
iota,2017-12-30,3.7,3.72,3.01,3.34,245624000.0,10279700000
lisk,2017-12-30,22.57,22.57,18.17,19.43,73691700.0,2628920000.0
litecoin,2017-12-30,245.09,245.43,208.2,218.96,943667000.0,13364800000
monero,2017-12-30,378.52,378.52,319.61,330.8,140463000.0,5882180000
nano,2017-12-30,13.48,14.47,9.28,12.14,25575000.0,1796250000.0
nem,2017-12-30,1.05,1.05,0.893058,0.926883,73225300.0,9427530000
neo,2017-12-30,74.18,74.54,63.02,72.4,202377000.0,4821840000.0
qtum,2017-12-30,58.68,67.69,54.36,60.49,1203780000.0,4329060000.0
ripple,2017-12-30,2.2,2.85,2.04,2.16,8108390000.0,85187400000
siacoin,2017-12-30,0.032375,0.032813,0.025768,0.028885,37034600.0,1016450000.0
steem,2017-12-30,3.18,3.24,2.54,2.73,6092660.0,783634000
stellar,2017-12-30,0.316473,0.39038,0.289056,0.323202,537916000.0,5651880000
verge,2017-12-30,0.160416,0.160416,0.13150499999999998,0.14208800000000002,236381000.0,2311050000
zcash,2017-12-30,574.1,574.1,478.66,486.45,143776000.0,1689880000
bitcoin,2017-12-31,12897.7,14377.4,12755.6,14156.4,12136300000.0,216326000000
bitcoin-cash,2017-12-31,2376.96,2627.95,2350.03,2533.01,1300820000.0,40134900000.0
bitcoin-gold,2017-12-31,250.12,267.88,249.06,261.72,78952100.0,4186100000.0
bitshares,2017-12-31,0.640364,0.675504,0.596943,0.657628,43489600.0,1669010000
bytecoin-bcn,2017-12-31,0.0050420000000000005,0.006104,0.004993,0.005902,8142580.0,924018000
cardano,2017-12-31,0.6425810000000001,0.754446,0.642297,0.719695,305947000.0,16660300000.0
dash,2017-12-31,1002.99,1093.39,985.1,1051.68,154690000.0,7808250000
dogecoin,2017-12-31,0.007803,0.009274,0.007669,0.008971999999999999,62256400.0,878318000
ethereum,2017-12-31,712.21,760.35,710.12,756.73,2554270000.0,68850800000.0
ethereum-classic,2017-12-31,26.74,28.43,26.64,28.0,169331000.0,2640600000.0
iota,2017-12-31,3.3,3.66,3.3,3.55,167521000.0,9182840000
lisk,2017-12-31,19.0,21.82,18.51,20.41,64758700.0,2213620000.0
litecoin,2017-12-31,216.97,237.79,213.81,232.1,771042000.0,11835100000
monero,2017-12-31,329.0,356.77,327.41,349.03,101667000.0,5113910000
nano,2017-12-31,12.03,21.66,11.93,21.66,42716300.0,1603630000.0
nem,2017-12-31,0.917415,1.08,0.909489,1.03,69870100.0,8256740000
neo,2017-12-31,72.56,78.01,67.69,75.96,181357000.0,4716090000.0
qtum,2017-12-31,60.2,65.01,59.2,62.4,690938000.0,4441130000.0
ripple,2017-12-31,2.1,2.39,1.87,2.3,4642080000.0,81162600000
siacoin,2017-12-31,0.02845,0.031345,0.028247,0.03035,26400000.0,893234000.0
steem,2017-12-31,2.69,3.04,2.61,3.01,4329760.0,664074000
stellar,2017-12-31,0.317846,0.364302,0.307454,0.360756,183768000.0,5676400000
verge,2017-12-31,0.141174,0.238015,0.14081,0.2226,920813000.0,2034410000
zcash,2017-12-31,482.82,516.36,478.63,505.51,95277100.0,1424590000
bitcoin,2018-01-01,14112.2,14112.2,13154.7,13657.2,10291200000.0,236725000000
bitcoin-cash,2018-01-01,2534.82,2534.86,2389.52,2432.54,922813000.0,42804800000.0
bitcoin-gold,2018-01-01,261.63,297.17,255.76,272.9,143836000.0,4379180000.0
bitshares,2018-01-01,0.664406,0.769455,0.662219,0.7685350000000001,79584500.0,1731710000
bytecoin-bcn,2018-01-01,0.0059,0.006012,0.005549,0.0059240000000000004,4795730.0,1081230000
cardano,2018-01-01,0.718847,0.730051,0.671941,0.728657,150186000.0,18637600000.0
dash,2018-01-01,1054.07,1072.42,1016.57,1053.98,138567000.0,8207990000
dogecoin,2018-01-01,0.009031,0.009063,0.008101,0.008909,50616900.0,1016690000
ethereum,2018-01-01,755.76,782.53,742.0,772.64,2595760000.0,73075800000.0
ethereum-classic,2018-01-01,28.05,37.03,27.32,34.17,870413000.0,2770760000.0
iota,2018-01-01,3.56,4.36,3.42,3.97,256630000.0,9883750000
lisk,2018-01-01,20.68,21.57,19.66,21.13,46809500.0,2409860000.0
litecoin,2018-01-01,231.67,236.63,222.2,229.03,633142000.0,12639700000
monero,2018-01-01,349.55,363.79,336.98,358.99,110244000.0,5434340000
nano,2018-01-01,21.8,29.59,20.16,29.57,55211700.0,2905250000.0
nem,2018-01-01,1.04,1.08,1.0,1.04,58202800.0,9315310000
neo,2018-01-01,76.19,80.69,72.72,78.82,142094000.0,4952450000.0
qtum,2018-01-01,62.31,64.08,59.87,60.88,708818000.0,4597210000.0
ripple,2018-01-01,2.3,2.39,2.15,2.39,1894230000.0,88945900000
siacoin,2018-01-01,0.030113,0.031160000000000004,0.028484,0.03077,17306300.0,945419000.0
steem,2018-01-01,3.02,4.51,2.86,4.01,32488100.0,744499000
stellar,2018-01-01,0.36042199999999996,0.523593,0.36042199999999996,0.480008,669372000.0,6436760000
verge,2018-01-01,0.221716,0.223719,0.140798,0.156131,816280000.0,3195980000
zcash,2018-01-01,508.0,621.69,489.34,577.19,234555000.0,1502590000
bitcoin,2018-01-02,13625.0,15444.6,13163.6,14982.1,16846600000.0,228579000000
bitcoin-cash,2018-01-02,2434.5,2867.14,2434.5,2711.0,1831230000.0,41114800000.0
bitcoin-gold,2018-01-02,275.42,284.96,270.83,277.08,117571000.0,4610460000.0
bitshares,2018-01-02,0.767762,0.916782,0.732192,0.792659,138314000.0,2001140000
bytecoin-bcn,2018-01-02,0.005878,0.006539,0.005752,0.00639,9927780.0,1077120000
cardano,2018-01-02,0.724676,0.794646,0.697856,0.782587,289712000.0,18788700000.0
dash,2018-01-02,1055.14,1241.7,1055.14,1217.72,257110000.0,8218420000
dogecoin,2018-01-02,0.008873,0.009598,0.008551000000000001,0.009145,89424100.0,998995000
ethereum,2018-01-02,772.35,914.83,772.35,884.44,5783350000.0,74695700000.0
ethereum-classic,2018-01-02,34.46,38.03,34.05,34.92,615984000.0,3405130000.0
iota,2018-01-02,4.09,4.31,3.84,4.0,269750000.0,11363400000
lisk,2018-01-02,21.16,22.53,20.7,21.95,72049200.0,2465830000.0
litecoin,2018-01-02,228.99,263.63,228.99,255.68,1237950000.0,12496900000
monero,2018-01-02,359.06,387.79,359.06,383.42,224769000.0,5582210000
nano,2018-01-02,29.65,37.62,26.16,33.7,103062000.0,3951460000.0
nem,2018-01-02,1.04,1.2,1.03,1.16,108186000.0,9374970000
neo,2018-01-02,78.53,97.01,78.53,90.33,373377000.0,5104180000.0
qtum,2018-01-02,61.19,62.46,59.75,60.72,597468000.0,4514720000.0
ripple,2018-01-02,2.37,2.49,2.25,2.48,3171010000.0,91791800000
siacoin,2018-01-02,0.030902,0.031579,0.027344999999999998,0.030722000000000003,40687600.0,970196000.0
steem,2018-01-02,3.98,7.14,3.97,6.69,118530000.0,982775000
stellar,2018-01-02,0.49687600000000004,0.593645,0.47274799999999995,0.564766,676667000.0,8873700000
verge,2018-01-02,0.157163,0.16505999999999998,0.132691,0.144905,451026000.0,2266240000
zcash,2018-01-02,578.08,624.97,576.0,583.51,207114000.0,1713990000
bitcoin,2018-01-03,14978.2,15572.8,14844.5,15201.0,16871900000.0,251312000000
bitcoin-cash,2018-01-03,2700.55,2958.47,2592.56,2608.69,4688840000.0,45613300000.0
bitcoin-gold,2018-01-03,276.12,281.97,267.18,270.24,106643000.0,4622800000.0
bitshares,2018-01-03,0.794158,0.9021549999999999,0.773925,0.891892,82722800.0,2069990000
bytecoin-bcn,2018-01-03,0.006362,0.006531,0.00599,0.006408,9816790.0,1165830000
cardano,2018-01-03,0.7796810000000001,1.09,0.778578,1.08,657398000.0,20214800000.0
dash,2018-01-03,1208.84,1216.57,1144.69,1170.74,175843000.0,9422640000
dogecoin,2018-01-03,0.009087999999999999,0.009584,0.008882,0.00932,66349900.0,1023380000
ethereum,2018-01-03,886.0,974.47,868.45,962.72,5093160000.0,85703500000.0
ethereum-classic,2018-01-03,34.91,35.51,32.84,34.86,910507000.0,3450400000.0
iota,2018-01-03,4.0,4.19,3.9,4.13,203783000.0,11109700000
lisk,2018-01-03,21.94,22.03,20.4,21.0,79068900.0,2558310000.0
litecoin,2018-01-03,255.69,260.74,243.13,245.37,3215280000.0,13957800000
monero,2018-01-03,382.74,418.26,378.86,412.06,180190000.0,5953920000
nano,2018-01-03,33.45,33.45,18.29,25.05,66626500.0,4456800000.0
nem,2018-01-03,1.15,1.8,1.15,1.79,265016000.0,10333700000
neo,2018-01-03,90.3,105.56,86.89,105.56,288086000.0,5869250000.0
qtum,2018-01-03,60.54,61.01,57.29,59.09,673650000.0,4466390000.0
ripple,2018-01-03,2.46,3.28,2.44,3.11,6635880000.0,95457200000
siacoin,2018-01-03,0.030763,0.033030000000000004,0.028158999999999997,0.032951999999999995,34555700.0,965822000.0
steem,2018-01-03,6.51,8.57,6.09,8.03,81599700.0,1606260000
stellar,2018-01-03,0.56272,0.9199940000000001,0.5625720000000001,0.896227,1513270000.0,10059800000
verge,2018-01-03,0.144876,0.1622,0.133645,0.14522100000000002,354873000.0,2089650000
zcash,2018-01-03,581.29,593.67,561.58,581.89,152736000.0,1727630000
bitcoin,2018-01-04,15270.7,15739.7,14522.2,15599.2,21783200000.0,256250000000
bitcoin-cash,2018-01-04,2608.87,2610.2,2359.3,2430.18,5377260000.0,44069100000.0
bitcoin-gold,2018-01-04,272.43,280.12,258.89,273.76,136988000.0,4561520000.0
bitshares,2018-01-04,0.8914979999999999,0.8991389999999999,0.813526,0.843038,78802900.0,2323760000
bytecoin-bcn,2018-01-04,0.006386,0.006948,0.005847,0.006948,11761900.0,1170310000
cardano,2018-01-04,1.09,1.33,1.04,1.11,593430000.0,28364900000.0
dash,2018-01-04,1173.71,1316.86,1097.56,1229.79,284845000.0,9151080000
dogecoin,2018-01-04,0.009346,0.010036,0.008768000000000001,0.009644,108986000.0,1052520000
ethereum,2018-01-04,961.71,1045.08,946.09,980.92,6502860000.0,93049400000.0
ethereum-classic,2018-01-04,34.44,39.35,32.31,36.32,1733940000.0,3404930000.0
iota,2018-01-04,4.13,4.5,3.76,4.08,376974000.0,11466400000
lisk,2018-01-04,21.15,24.03,20.18,21.46,109219000.0,2466640000.0
litecoin,2018-01-04,245.47,245.47,227.01,241.37,3481550000.0,13403400000
monero,2018-01-04,414.41,419.72,383.54,403.05,166108000.0,6448110000
nano,2018-01-04,24.7,32.68,19.88,32.68,62473700.0,3290570000.0
nem,2018-01-04,1.84,2.09,1.54,1.64,332371000.0,16520300000
neo,2018-01-04,104.79,109.2,96.24,99.11,332546000.0,6811420000.0
qtum,2018-01-04,59.06,61.48,55.95,57.47,744457000.0,4357860000.0
ripple,2018-01-04,3.12,3.84,3.12,3.2,8103660000.0,120763000000
siacoin,2018-01-04,0.033006,0.043633,0.031417,0.039108,116332000.0,1036250000.0
steem,2018-01-04,8.12,8.12,6.56,6.56,42666400.0,1998250000
stellar,2018-01-04,0.8923989999999999,0.9381440000000001,0.677496,0.72405,892268000.0,15953600000
verge,2018-01-04,0.14538399999999999,0.197573,0.138022,0.159184,677836000.0,2107470000
zcash,2018-01-04,583.08,602.0,539.1,595.19,166095000.0,1737200000
bitcoin,2018-01-05,15477.2,17705.2,15202.8,17429.5,23840900000.0,259748000000
bitcoin-cash,2018-01-05,2400.74,2648.32,2370.59,2584.48,2115710000.0,40557600000.0
bitcoin-gold,2018-01-05,274.58,294.79,266.55,277.44,175165000.0,4598030000.0
bitshares,2018-01-05,0.838993,0.862864,0.725942,0.775645,73192900.0,2186950000
bytecoin-bcn,2018-01-05,0.006945000000000001,0.015465999999999999,0.00683,0.014134,64843200.0,1272750000
cardano,2018-01-05,1.17,1.25,0.9035030000000001,0.999559,508100000.0,30364400000.0
dash,2018-01-05,1221.63,1273.36,1151.11,1152.41,237504000.0,9527170000
dogecoin,2018-01-05,0.00966,0.012283,0.009589,0.012167,212383000.0,1088070000
ethereum,2018-01-05,975.75,1075.39,956.33,997.72,6683150000.0,94423900000.0
ethereum-classic,2018-01-05,36.17,38.28,35.9,36.2,517583000.0,3576720000.0
iota,2018-01-05,4.06,4.2,3.66,3.75,219320000.0,11286600000
lisk,2018-01-05,21.4,29.53,20.97,24.16,187694000.0,2496760000.0
litecoin,2018-01-05,241.03,256.15,237.88,249.27,1710600000.0,13164800000
monero,2018-01-05,402.38,407.04,373.89,384.94,182618000.0,6262550000
nano,2018-01-05,32.73,36.35,29.63,31.4,74166000.0,4360850000.0
nem,2018-01-05,1.69,1.81,1.51,1.59,175192000.0,15195600000
neo,2018-01-05,98.91,106.24,89.58,95.28,292933000.0,6429220000.0
qtum,2018-01-05,57.39,70.89,54.79,62.7,1356740000.0,4234740000.0
ripple,2018-01-05,3.3,3.56,2.83,3.05,6288500000.0,127870000000
siacoin,2018-01-05,0.039789,0.075377,0.039789,0.07015199999999999,227731000.0,1249230000.0
steem,2018-01-05,6.55,7.08,5.52,5.81,32859900.0,1611020000
stellar,2018-01-05,0.7394569999999999,0.791967,0.577509,0.662712,727409000.0,13219400000
verge,2018-01-05,0.159472,0.199077,0.148423,0.181114,544342000.0,2312330000
zcash,2018-01-05,590.87,606.11,573.83,588.86,158978000.0,1764630000
bitcoin,2018-01-06,17462.1,17712.4,16764.6,17527.0,18314600000.0,293091000000
bitcoin-cash,2018-01-06,2583.71,2829.69,2481.36,2786.65,1669160000.0,43653200000.0
bitcoin-gold,2018-01-06,277.45,300.38,273.82,300.38,172099000.0,4646530000.0
bitshares,2018-01-06,0.779906,0.90194,0.751943,0.833124,69628700.0,2032970000
bytecoin-bcn,2018-01-06,0.014711000000000002,0.017818,0.013996000000000001,0.016694,67505500.0,2695910000
cardano,2018-01-06,0.997,1.05,0.929183,1.03,297615000.0,25849300000.0
dash,2018-01-06,1157.09,1279.47,1147.49,1265.03,215058000.0,9026110000
dogecoin,2018-01-06,0.012226,0.015788,0.012226,0.014863,283717000.0,1377290000
ethereum,2018-01-06,995.15,1060.71,994.62,1041.68,4662220000.0,96326500000.0
ethereum-classic,2018-01-06,36.31,38.99,35.9,38.42,362469000.0,3591720000.0
iota,2018-01-06,3.75,4.19,3.75,3.94,161228000.0,10436900000
lisk,2018-01-06,24.68,32.14,24.5,31.24,200650000.0,2879820000.0
litecoin,2018-01-06,249.77,323.12,249.41,296.45,2264740000.0,13645300000
monero,2018-01-06,385.37,452.77,380.21,452.77,235391000.0,5999260000
nano,2018-01-06,31.39,34.06,25.79,29.29,51191600.0,4182050000.0
nem,2018-01-06,1.58,1.72,1.48,1.65,99451000.0,14216700000
neo,2018-01-06,95.31,103.13,91.9,100.86,187746000.0,6195060000.0
qtum,2018-01-06,62.95,105.41,59.95,94.67,1998570000.0,4644760000.0
ripple,2018-01-06,3.02,3.24,2.99,3.09,2777560000.0,117033000000
siacoin,2018-01-06,0.071896,0.11170799999999999,0.066976,0.09400800000000001,612913000.0,2257270000.0
steem,2018-01-06,5.7,6.97,5.25,6.63,29704000.0,1402840000
stellar,2018-01-06,0.66306,0.788507,0.6143,0.7099449999999999,440182000.0,11854000000
verge,2018-01-06,0.180864,0.186502,0.163956,0.174183,290822000.0,2623240000
zcash,2018-01-06,587.91,780.84,578.69,764.26,305643000.0,1759870000
bitcoin,2018-01-07,17527.3,17579.6,16087.7,16477.6,15866000000.0,294222000000
bitcoin-cash,2018-01-07,2784.68,3071.16,2730.31,2786.88,1444780000.0,47054000000.0
bitcoin-gold,2018-01-07,299.6,335.84,292.49,302.25,203684000.0,5018030000.0
bitshares,2018-01-07,0.824787,0.8445309999999999,0.7821779999999999,0.81719,44895200.0,2150010000
bytecoin-bcn,2018-01-07,0.016645,0.017227000000000003,0.013784999999999999,0.015402,31409700.0,3050240000
cardano,2018-01-07,1.02,1.04,0.991391,1.01,226067000.0,26553200000.0
dash,2018-01-07,1266.43,1394.28,1266.43,1285.43,230576000.0,9881510000
dogecoin,2018-01-07,0.014672999999999999,0.018772999999999998,0.014577000000000001,0.017088,288184000.0,1653070000
ethereum,2018-01-07,1043.01,1153.17,1043.01,1153.17,5569880000.0,100981000000.0
ethereum-classic,2018-01-07,38.44,42.44,38.42,40.79,423276000.0,3802870000.0
iota,2018-01-07,3.95,4.58,3.93,4.07,249833000.0,10968300000
lisk,2018-01-07,31.13,39.31,31.13,34.11,209374000.0,3633930000.0
litecoin,2018-01-07,296.05,305.53,281.93,288.45,1055400000.0,16178100000
monero,2018-01-07,456.15,495.84,453.39,459.33,262443000.0,7103000000
nano,2018-01-07,29.24,29.42,23.39,26.51,50381400.0,3895910000.0
nem,2018-01-07,1.66,1.91,1.63,1.84,123173000.0,14898800000
neo,2018-01-07,101.12,108.52,99.2,102.43,196621000.0,6572870000.0
qtum,2018-01-07,94.06,106.88,83.57,85.77,1707140000.0,6940930000.0
ripple,2018-01-07,3.09,3.49,3.08,3.38,2395150000.0,119819000000
siacoin,2018-01-07,0.09834,0.10093099999999999,0.085359,0.091676,195631000.0,3087510000.0
steem,2018-01-07,7.0,7.0,6.18,6.41,19933800.0,1721670000
stellar,2018-01-07,0.70973,0.744735,0.66108,0.699645,347557000.0,12688400000
verge,2018-01-07,0.175244,0.194392,0.170287,0.18195699999999998,252851000.0,2542480000
zcash,2018-01-07,756.37,955.26,750.39,880.76,542981000.0,2269630000
bitcoin,2018-01-08,16476.2,16537.9,14208.2,15170.1,18413900000.0,276612000000
bitcoin-cash,2018-01-08,2786.6,2810.32,2275.07,2421.47,1428900000.0,47091600000.0
bitcoin-gold,2018-01-08,302.28,307.44,217.72,239.55,164036000.0,5063530000.0
bitshares,2018-01-08,0.815721,0.8163239999999999,0.6266689999999999,0.764256,74938500.0,2126430000
bytecoin-bcn,2018-01-08,0.015433,0.015483000000000002,0.011216,0.013158000000000001,24272600.0,2828190000
cardano,2018-01-08,0.9993290000000001,0.9993290000000001,0.764328,0.8990020000000001,264461000.0,25909700000.0
dash,2018-01-08,1283.36,1320.28,1007.55,1087.75,215239000.0,10016200000
dogecoin,2018-01-08,0.017115000000000002,0.017664,0.013765000000000001,0.015045,235114000.0,1928420000
ethereum,2018-01-08,1158.26,1266.93,1016.05,1148.53,8450970000.0,112164000000.0
ethereum-classic,2018-01-08,41.12,44.41,29.53,34.19,798928000.0,4069110000.0
iota,2018-01-08,4.07,4.19,3.36,3.85,317248000.0,11314500000
lisk,2018-01-08,33.59,34.36,27.7,31.3,142590000.0,3922180000.0
litecoin,2018-01-08,287.73,289.07,237.66,255.76,1182080000.0,15726800000
monero,2018-01-08,458.35,469.7,357.54,405.07,220924000.0,7139010000
nano,2018-01-08,27.04,31.37,22.43,25.8,42835800.0,3603270000.0
nem,2018-01-08,1.83,1.83,1.45,1.65,81479000.0,16454000000
neo,2018-01-08,102.12,108.6,90.68,102.38,231395000.0,6638000000.0
qtum,2018-01-08,86.17,89.11,49.96,55.98,1023570000.0,6358230000.0
ripple,2018-01-08,3.36,3.36,2.07,2.46,3315260000.0,130302000000
siacoin,2018-01-08,0.089489,0.091329,0.063583,0.07862100000000001,161362000.0,2809610000.0
steem,2018-01-08,6.37,6.41,5.22,6.02,15712500.0,1568750000
stellar,2018-01-08,0.695952,0.695952,0.555769,0.629323,249426000.0,12442100000
verge,2018-01-08,0.1806,0.208132,0.147099,0.178385,430047000.0,2620880000
zcash,2018-01-08,884.27,896.28,601.87,695.49,282955000.0,2659820000
bitcoin,2018-01-09,15123.7,15497.5,14424.0,14595.4,16660000000.0,253935000000
bitcoin-cash,2018-01-09,2412.36,2502.87,2346.68,2391.56,1084750000.0,40770900000.0
bitcoin-gold,2018-01-09,239.06,252.67,227.77,240.9,152475000.0,4005020000.0
bitshares,2018-01-09,0.7662359999999999,0.7733760000000001,0.685978,0.688537,61025800.0,1997480000
bytecoin-bcn,2018-01-09,0.013078999999999999,0.013321000000000001,0.011474,0.011815,19306500.0,2396780000
cardano,2018-01-09,0.898185,0.919436,0.796177,0.814743,209492000.0,23287300000.0
dash,2018-01-09,1085.75,1134.49,1055.21,1111.86,220569000.0,8476040000
dogecoin,2018-01-09,0.015071000000000001,0.015569,0.013015,0.01342,115255000.0,1698420000
ethereum,2018-01-09,1146.0,1320.98,1145.49,1299.74,7965460000.0,110999000000.0
ethereum-classic,2018-01-09,34.09,39.05,31.76,38.32,808371000.0,3374260000.0
iota,2018-01-09,3.84,3.92,3.45,3.54,200086000.0,10680500000
lisk,2018-01-09,31.2,33.32,29.69,29.91,87492500.0,3643650000.0
litecoin,2018-01-09,254.61,258.5,240.18,247.04,940825000.0,13920200000
monero,2018-01-09,403.71,447.61,398.53,413.33,522438000.0,6289410000
nano,2018-01-09,25.72,30.2,25.24,29.91,48778800.0,3426900000.0
nem,2018-01-09,1.67,1.72,1.47,1.54,75343700.0,15047200000
neo,2018-01-09,102.07,129.87,101.84,126.94,529663000.0,6634310000.0
qtum,2018-01-09,55.78,58.38,52.09,53.21,837431000.0,4116560000.0
ripple,2018-01-09,2.44,2.53,1.98,2.1,3694700000.0,94657500000
siacoin,2018-01-09,0.07911699999999999,0.085037,0.071741,0.076611,95492100.0,2483970000.0
steem,2018-01-09,6.0,6.32,5.73,5.94,12146200.0,1476630000
stellar,2018-01-09,0.628026,0.649552,0.568159,0.585653,208330000.0,11229100000
verge,2018-01-09,0.177253,0.240605,0.174258,0.19605899999999998,787881000.0,2573020000
zcash,2018-01-09,693.24,723.29,644.06,672.78,213921000.0,2090110000
bitcoin,2018-01-10,14588.5,14973.3,13691.2,14973.3,18500800000.0,244981000000
bitcoin-cash,2018-01-10,2390.02,2961.2,2332.48,2895.38,2578810000.0,40398000000.0
bitcoin-gold,2018-01-10,240.88,243.36,223.43,243.36,131618000.0,4035920000.0
bitshares,2018-01-10,0.6901619999999999,0.6901619999999999,0.559588,0.6336229999999999,119011000.0,1799190000
bytecoin-bcn,2018-01-10,0.011763,0.012107999999999999,0.009759,0.011737000000000001,17522800.0,2155690000
cardano,2018-01-10,0.815872,0.8162520000000001,0.6768350000000001,0.793121,236472000.0,21153200000.0
dash,2018-01-10,1115.48,1117.33,1041.39,1106.36,231944000.0,8710310000
dogecoin,2018-01-10,0.013553999999999998,0.01356,0.011484999999999999,0.013102,100243000.0,1527610000
ethereum,2018-01-10,1300.34,1417.38,1226.6,1255.82,9214950000.0,125976000000.0
ethereum-classic,2018-01-10,38.13,39.27,34.68,36.95,862859000.0,3774740000.0
iota,2018-01-10,3.56,3.78,3.21,3.78,235594000.0,9883000000
lisk,2018-01-10,29.96,30.09,26.4,29.19,96825200.0,3500540000.0
litecoin,2018-01-10,248.07,251.05,233.86,250.52,1009910000.0,13566300000
monero,2018-01-10,413.25,419.06,370.52,407.74,265152000.0,6439820000
nano,2018-01-10,30.22,30.28,26.42,29.92,33974300.0,4027160000.0
nem,2018-01-10,1.55,1.55,1.31,1.45,92956100.0,13913900000
neo,2018-01-10,127.23,127.26,111.05,122.99,361797000.0,8270280000.0
qtum,2018-01-10,53.42,56.36,49.9,54.08,853001000.0,3942310000.0
ripple,2018-01-10,2.13,2.16,1.7,1.97,4833640000.0,82511000000
siacoin,2018-01-10,0.077126,0.077126,0.061701,0.068816,94050500.0,2421450000.0
steem,2018-01-10,5.95,5.95,4.84,5.34,14512500.0,1464940000
stellar,2018-01-10,0.588565,0.588565,0.483044,0.56693,249019000.0,10523600000
verge,2018-01-10,0.194296,0.194296,0.155677,0.16863699999999998,264043000.0,2821190000
zcash,2018-01-10,672.39,728.46,630.14,721.4,245168000.0,2032060000
bitcoin,2018-01-11,14968.2,15018.8,13105.9,13405.8,16534100000.0,251387000000
bitcoin-cash,2018-01-11,2891.55,2976.49,2396.84,2462.61,1947950000.0,48880800000.0
bitcoin-gold,2018-01-11,242.69,243.88,206.56,210.93,122452000.0,4066710000.0
bitshares,2018-01-11,0.6353880000000001,0.667064,0.540367,0.58102,54928100.0,1656430000
bytecoin-bcn,2018-01-11,0.01175,0.011763,0.008992,0.009351,14581100.0,2157920000
cardano,2018-01-11,0.7915220000000001,0.7915220000000001,0.5725,0.688412,229001000.0,20521800000.0
dash,2018-01-11,1103.03,1110.68,973.07,1007.88,176591000.0,8615280000
dogecoin,2018-01-11,0.013019999999999999,0.013153,0.010987,0.011469,62722000.0,1467560000
ethereum,2018-01-11,1268.09,1337.3,1135.17,1154.93,7235900000.0,122879000000.0
ethereum-classic,2018-01-11,36.91,37.97,31.43,32.79,586658000.0,3654630000.0
iota,2018-01-11,3.78,3.82,3.18,3.37,245028000.0,10496300000
lisk,2018-01-11,28.84,29.08,23.43,25.26,82270300.0,3370350000.0
litecoin,2018-01-11,251.52,255.05,223.0,229.37,1079390000.0,13758400000
monero,2018-01-11,406.08,415.9,346.69,355.59,187722000.0,6329790000
nano,2018-01-11,29.8,29.96,23.55,24.37,29158700.0,3970830000.0
nem,2018-01-11,1.45,1.54,1.22,1.31,93279400.0,13043500000
neo,2018-01-11,123.1,124.33,102.66,108.3,270718000.0,8001780000.0
qtum,2018-01-11,53.65,53.83,43.68,45.75,732454000.0,3959310000.0
ripple,2018-01-11,1.98,2.25,1.62,1.95,6296120000.0,76711800000
siacoin,2018-01-11,0.069694,0.082383,0.051475,0.064795,147272000.0,2188130000.0
steem,2018-01-11,5.32,5.32,3.83,4.37,16060700.0,1310690000
stellar,2018-01-11,0.5636899999999999,0.613405,0.437407,0.558126,330878000.0,10084400000
verge,2018-01-11,0.169438,0.17285899999999998,0.132569,0.14427,187560000.0,2460940000
zcash,2018-01-11,719.1,729.01,609.46,646.6,221531000.0,2178380000
bitcoin,2018-01-12,13453.9,14229.9,13158.1,13980.6,12065700000.0,225986000000
bitcoin-cash,2018-01-12,2475.9,2648.23,2413.33,2620.99,1110220000.0,41859100000.0
bitcoin-gold,2018-01-12,211.64,224.58,207.13,220.55,113420000.0,3546910000.0
bitshares,2018-01-12,0.5803699999999999,0.6779229999999999,0.5624180000000001,0.649088,51073000.0,1513040000
bytecoin-bcn,2018-01-12,0.009398,0.011839,0.009046,0.011274,15781700.0,1726030000
cardano,2018-01-12,0.695769,0.932269,0.659967,0.897508,365795000.0,18039200000.0
dash,2018-01-12,1013.06,1069.42,982.91,1054.87,142442000.0,7914550000
dogecoin,2018-01-12,0.011479000000000001,0.013338999999999998,0.011165000000000001,0.013056,56971300.0,1294100000
ethereum,2018-01-12,1158.29,1296.04,1120.09,1273.2,5222300000.0,112263000000.0
ethereum-classic,2018-01-12,33.06,37.03,31.91,36.4,536064000.0,3274750000.0
iota,2018-01-12,3.38,3.73,3.29,3.69,129802000.0,9393390000
lisk,2018-01-12,25.39,31.14,24.65,29.43,94674000.0,2967740000.0
litecoin,2018-01-12,229.79,243.59,224.82,236.86,691160000.0,12572900000
monero,2018-01-12,358.62,394.78,347.32,394.78,158189000.0,5591320000
nano,2018-01-12,24.55,26.24,23.6,24.79,25088800.0,3271060000.0
nem,2018-01-12,1.31,1.45,1.26,1.44,65119100.0,11824500000
neo,2018-01-12,109.19,126.55,105.25,124.47,234757000.0,7097050000.0
qtum,2018-01-12,46.01,51.92,44.42,50.41,764812000.0,3395810000.0
ripple,2018-01-12,1.94,2.16,1.87,2.04,3330810000.0,75172500000
siacoin,2018-01-12,0.065093,0.069918,0.061390999999999994,0.06541699999999999,143333000.0,2043680000.0
steem,2018-01-12,4.58,5.83,4.14,5.43,15557700.0,1129970000
stellar,2018-01-12,0.558864,0.71544,0.534755,0.67796,394376000.0,9998070000
verge,2018-01-12,0.143948,0.170423,0.137836,0.15898099999999998,144104000.0,2091310000
zcash,2018-01-12,651.18,719.57,622.29,700.81,185898000.0,1977330000
bitcoin,2018-01-13,13952.4,14659.5,13952.4,14360.2,12763600000.0,234391000000
bitcoin-cash,2018-01-13,2617.66,2850.27,2589.03,2685.29,1218570000.0,44260300000.0
bitcoin-gold,2018-01-13,220.42,366.11,220.1,330.13,1160490000.0,3694430000.0
bitshares,2018-01-13,0.648259,0.6726340000000001,0.575074,0.628814,39117000.0,1689980000
bytecoin-bcn,2018-01-13,0.011247,0.012463,0.011040000000000001,0.011222,15582200.0,2065630000
cardano,2018-01-13,0.9174100000000001,0.969325,0.8364860000000001,0.884124,313215000.0,23785800000.0
dash,2018-01-13,1054.88,1125.29,1054.88,1100.26,174387000.0,8243350000
dogecoin,2018-01-13,0.013057,0.013653,0.012478,0.013022999999999998,55890600.0,1472140000
ethereum,2018-01-13,1270.47,1432.88,1270.47,1396.42,5746760000.0,123163000000.0
ethereum-classic,2018-01-13,36.18,43.16,35.78,42.39,876581000.0,3584650000.0
iota,2018-01-13,3.7,4.1,3.7,3.94,198149000.0,10284600000
lisk,2018-01-13,29.38,30.78,28.93,29.34,57475700.0,3435950000.0
litecoin,2018-01-13,236.88,263.19,236.88,259.19,961043000.0,12964300000
monero,2018-01-13,393.04,433.35,393.04,420.05,248705000.0,6129540000
nano,2018-01-13,24.71,26.11,20.89,23.19,27647000.0,3293230000.0
nem,2018-01-13,1.46,1.57,1.45,1.51,60099500.0,13127300000
neo,2018-01-13,124.15,146.51,124.15,140.62,455703000.0,8069500000.0
qtum,2018-01-13,50.45,56.27,50.37,54.7,881216000.0,3723670000.0
ripple,2018-01-13,2.05,2.12,1.98,2.02,2130170000.0,79469700000
siacoin,2018-01-13,0.06512000000000001,0.072006,0.06295,0.064467,112143000.0,2044530000.0
steem,2018-01-13,5.42,6.59,5.42,6.29,23149700.0,1336130000
stellar,2018-01-13,0.6818529999999999,0.721316,0.643237,0.671564,189183000.0,12198400000
verge,2018-01-13,0.159047,0.164209,0.151071,0.156725,111856000.0,2311320000
zcash,2018-01-13,703.76,721.63,693.48,701.58,151405000.0,2141980000
bitcoin,2018-01-14,14370.8,14511.8,13268.0,13772.0,11084100000.0,241447000000
bitcoin-cash,2018-01-14,2687.1,2746.61,2490.04,2553.32,993310000.0,45439500000.0
bitcoin-gold,2018-01-14,339.06,382.88,272.1,275.86,851848000.0,5683570000.0
bitshares,2018-01-14,0.627927,0.628815,0.489533,0.5547850000000001,79905200.0,1637010000
bytecoin-bcn,2018-01-14,0.011255,0.011334,0.009701999999999999,0.010217,12715700.0,2067110000
cardano,2018-01-14,0.8819610000000001,0.8819610000000001,0.749514,0.802262,160712000.0,22866700000.0
dash,2018-01-14,1098.06,1110.54,996.49,1014.07,168878000.0,8582900000
dogecoin,2018-01-14,0.013057,0.013187,0.011344,0.011685,65899000.0,1472360000
ethereum,2018-01-14,1397.48,1400.56,1286.21,1366.77,4841630000.0,135503000000.0
ethereum-classic,2018-01-14,42.89,46.5,40.85,42.96,1314400000.0,4250660000.0
iota,2018-01-14,3.93,3.98,3.58,3.74,130318000.0,10937000000
lisk,2018-01-14,29.33,30.09,26.53,27.72,51588000.0,3430880000.0
litecoin,2018-01-14,260.58,270.85,234.27,238.68,886415000.0,14265000000
monero,2018-01-14,420.34,444.01,384.31,399.52,180678000.0,6556930000
nano,2018-01-14,24.13,25.55,18.98,22.05,30769100.0,3214780000.0
nem,2018-01-14,1.51,1.51,1.34,1.39,38628400.0,13590300000
neo,2018-01-14,140.56,176.83,135.92,170.42,648694000.0,9136460000.0
qtum,2018-01-14,54.83,55.07,48.35,54.08,758722000.0,4046680000.0
ripple,2018-01-14,2.02,2.02,1.81,1.86,1978200000.0,78195800000
siacoin,2018-01-14,0.064149,0.064943,0.056262,0.059529,69362500.0,2014030000.0
steem,2018-01-14,6.28,6.28,5.47,5.91,10565500.0,1549690000
stellar,2018-01-14,0.672198,0.672198,0.582819,0.6308560000000001,116460000.0,12025900000
verge,2018-01-14,0.156392,0.156392,0.13402,0.138224,77869600.0,2277920000
zcash,2018-01-14,701.85,720.03,652.39,675.76,142911000.0,2141180000
bitcoin,2018-01-15,13767.3,14445.5,13641.7,13819.8,12750800000.0,231334000000
bitcoin-cash,2018-01-15,2541.58,2576.13,2328.31,2401.54,1412360000.0,42983500000.0
bitcoin-gold,2018-01-15,276.37,332.56,264.7,267.68,1689000000.0,4633360000.0
bitshares,2018-01-15,0.55408,0.589214,0.5080279999999999,0.519846,45773600.0,1444530000
bytecoin-bcn,2018-01-15,0.010201,0.010801999999999999,0.009288,0.009317,12802100.0,1873480000
cardano,2018-01-15,0.7957609999999999,0.8845059999999999,0.777413,0.778587,972993000.0,20631800000.0
dash,2018-01-15,1006.43,1030.9,939.19,939.19,179247000.0,7868670000
dogecoin,2018-01-15,0.011631,0.011779000000000001,0.009848,0.009857,62765500.0,1311640000
ethereum,2018-01-15,1365.21,1390.59,1290.6,1291.92,4781100000.0,132404000000.0
ethereum-classic,2018-01-15,42.68,43.7,40.43,40.5,615007000.0,4230510000.0
iota,2018-01-15,3.72,3.76,3.48,3.48,94966600.0,10334400000
lisk,2018-01-15,27.55,30.34,26.91,26.91,87151200.0,3223530000.0
litecoin,2018-01-15,237.29,245.0,232.77,232.77,601770000.0,12993700000
monero,2018-01-15,396.02,444.34,392.37,414.57,264782000.0,6179110000
nano,2018-01-15,22.05,23.59,20.78,20.83,22847300.0,2937560000.0
nem,2018-01-15,1.39,1.51,1.38,1.39,105495000.0,12488300000
neo,2018-01-15,170.1,196.85,147.4,187.41,1455620000.0,11056500000.0
qtum,2018-01-15,54.07,58.28,52.18,52.58,1558480000.0,3990880000.0
ripple,2018-01-15,1.86,1.9,1.67,1.68,1838460000.0,71909400000
siacoin,2018-01-15,0.058971,0.063807,0.054617,0.056486,117599000.0,1851460000.0
steem,2018-01-15,6.27,6.27,5.48,5.49,33549000.0,1547550000
stellar,2018-01-15,0.625504,0.670579,0.5991380000000001,0.599271,345562000.0,11190600000
verge,2018-01-15,0.137658,0.146089,0.11651600000000001,0.11651600000000001,132872000.0,2006310000
zcash,2018-01-15,671.73,685.82,627.99,627.99,157346000.0,2054190000
bitcoin,2018-01-16,13836.1,13843.1,10194.9,11490.5,18853800000.0,232517000000
bitcoin-cash,2018-01-16,2406.86,2406.86,1555.97,1772.07,1704030000.0,40708800000.0
bitcoin-gold,2018-01-16,266.35,266.35,151.42,190.11,439330000.0,4465810000.0
bitshares,2018-01-16,0.518051,0.518051,0.278787,0.351873,118023000.0,1350630000
bytecoin-bcn,2018-01-16,0.009269,0.009309999999999999,0.004724,0.006391,12361800.0,1702380000
cardano,2018-01-16,0.780621,0.780621,0.479944,0.6264930000000001,1632650000.0,20239200000.0
dash,2018-01-16,937.57,937.57,644.54,759.62,273462000.0,7332160000
dogecoin,2018-01-16,0.009863,0.009863,0.005672,0.006822,68099200.0,1112470000
ethereum,2018-01-16,1292.63,1292.63,875.54,1053.69,8405140000.0,125389000000.0
ethereum-classic,2018-01-16,40.49,40.49,23.26,28.46,699985000.0,4014070000.0
iota,2018-01-16,3.47,3.47,2.0,2.6,256703000.0,9646500000
lisk,2018-01-16,26.99,27.15,16.02,21.16,123699000.0,3159260000.0
litecoin,2018-01-16,232.82,232.82,152.29,188.33,1405070000.0,12752100000
monero,2018-01-16,415.93,418.99,261.2,320.04,283036000.0,6491450000
nano,2018-01-16,20.88,20.9,12.66,14.68,28158000.0,2782120000.0
nem,2018-01-16,1.38,1.38,0.712555,1.03,198199000.0,12460300000
neo,2018-01-16,187.97,187.97,104.29,145.3,1664430000.0,12217900000.0
qtum,2018-01-16,52.23,52.23,28.97,36.03,976913000.0,3855430000.0
ripple,2018-01-16,1.68,1.7,0.9093129999999999,1.18,5687960000.0,65018400000
siacoin,2018-01-16,0.056521,0.056521,0.028773000000000003,0.036378,138227000.0,1774550000.0
steem,2018-01-16,5.44,5.44,3.04,3.94,32266600.0,1343350000
stellar,2018-01-16,0.600117,0.600117,0.323407,0.441197,466139000.0,10736400000
verge,2018-01-16,0.115621,0.121253,0.06219500000000001,0.08524,176634000.0,1685600000
zcash,2018-01-16,627.14,685.68,460.1,513.66,283879000.0,1922320000
bitcoin,2018-01-17,11431.1,11678.0,9402.29,11188.6,18830600000.0,192123000000
bitcoin-cash,2018-01-17,1767.58,1875.08,1361.02,1748.05,1457730000.0,29899500000.0
bitcoin-gold,2018-01-17,189.88,209.35,146.95,186.12,347983000.0,3184020000.0
bitshares,2018-01-17,0.353111,0.39216999999999996,0.244646,0.357292,130678000.0,920628000
bytecoin-bcn,2018-01-17,0.006389,0.007384,0.004621,0.007244,10274100.0,1173360000
cardano,2018-01-17,0.624123,0.678517,0.44061999999999996,0.629102,1713770000.0,16181700000.0
dash,2018-01-17,758.29,827.18,619.58,793.57,197477000.0,5931600000
dogecoin,2018-01-17,0.006812,0.007741,0.005499,0.007648,58846200.0,768365000
ethereum,2018-01-17,1061.34,1090.23,780.92,1014.25,8545160000.0,102974000000.0
ethereum-classic,2018-01-17,28.38,30.36,22.49,29.12,598707000.0,2814880000.0
iota,2018-01-17,2.6,2.92,1.99,2.72,239578000.0,7235510000
lisk,2018-01-17,21.1,24.56,15.27,22.31,106703000.0,2470670000.0
litecoin,2018-01-17,190.15,197.79,141.01,186.52,1422490000.0,10417800000
monero,2018-01-17,318.93,332.12,240.36,319.19,192937000.0,4978850000
nano,2018-01-17,14.5,17.18,11.24,16.96,23046800.0,1932480000.0
nem,2018-01-17,0.9764729999999999,1.09,0.6921970000000001,1.02,166003000.0,8788260000
neo,2018-01-17,144.72,154.29,94.57,141.37,1587920000.0,9407150000.0
qtum,2018-01-17,35.54,37.99,27.63,36.47,1005590000.0,2623560000.0
ripple,2018-01-17,1.18,1.38,0.897797,1.31,7251210000.0,45854700000
siacoin,2018-01-17,0.037784,0.051088999999999996,0.033991,0.048297,237659000.0,1186270000.0
steem,2018-01-17,3.86,4.22,2.77,4.05,26863600.0,952568000
stellar,2018-01-17,0.44194399999999995,0.503706,0.305034,0.477187,486789000.0,7906720000
verge,2018-01-17,0.084451,0.099422,0.060062,0.090778,147975000.0,1231520000
zcash,2018-01-17,509.27,528.83,397.98,496.82,171892000.0,1564650000
bitcoin,2018-01-18,11198.8,12107.3,10942.5,11474.9,15020400000.0,188242000000
bitcoin-cash,2018-01-18,1752.27,1893.47,1696.25,1756.75,1024060000.0,29643600000.0
bitcoin-gold,2018-01-18,186.79,208.26,181.69,195.4,248325000.0,3132570000.0
bitshares,2018-01-18,0.35684899999999997,0.397968,0.303454,0.35031100000000004,63535100.0,930392000
bytecoin-bcn,2018-01-18,0.007297,0.008283,0.0070599999999999994,0.007858,9960020.0,1340160000
cardano,2018-01-18,0.6312949999999999,0.711008,0.5915279999999999,0.6598430000000001,1285490000.0,16367600000.0
dash,2018-01-18,800.02,892.0,760.48,835.49,172729000.0,6259570000
dogecoin,2018-01-18,0.007640999999999999,0.008733,0.007195,0.007969,56599300.0,861978000
ethereum,2018-01-18,1016.44,1100.31,967.76,1036.28,5938320000.0,98642100000.0
ethereum-classic,2018-01-18,29.24,32.89,28.02,30.19,455046000.0,2900830000.0
iota,2018-01-18,2.72,3.03,2.6,2.75,125440000.0,7559510000
lisk,2018-01-18,22.3,24.57,21.46,23.03,68609200.0,2610960000.0
litecoin,2018-01-18,186.95,207.02,176.83,192.84,936784000.0,10245500000
monero,2018-01-18,320.6,347.11,303.35,316.47,152851000.0,5005990000
nano,2018-01-18,16.89,19.77,16.05,18.04,22211700.0,2250270000.0
nem,2018-01-18,1.03,1.17,0.957233,1.08,119459000.0,9234340000
neo,2018-01-18,142.6,159.49,129.85,142.66,838634000.0,9269200000.0
qtum,2018-01-18,36.05,39.91,34.23,37.37,731389000.0,2661040000.0
ripple,2018-01-18,1.31,1.73,1.26,1.6,9110440000.0,50577100000
siacoin,2018-01-18,0.048444,0.057226,0.046406,0.051689,166517000.0,1520950000.0
steem,2018-01-18,4.08,4.64,3.75,4.27,20692600.0,1008400000
stellar,2018-01-18,0.479522,0.57007,0.453596,0.509523,472047000.0,8579040000
verge,2018-01-18,0.091741,0.1272,0.090101,0.114099,253007000.0,1346230000
zcash,2018-01-18,497.68,540.89,484.21,490.08,128385000.0,1532650000
bitcoin,2018-01-19,11429.8,11992.8,11172.1,11607.4,10740400000.0,192150000000
bitcoin-cash,2018-01-19,1740.17,1870.78,1723.87,1769.62,743247000.0,29442200000.0
bitcoin-gold,2018-01-19,193.12,242.02,191.8,217.95,667274000.0,3239170000.0
bitshares,2018-01-19,0.34896,0.40439200000000003,0.31140500000000004,0.37945999999999996,45139800.0,909843000
bytecoin-bcn,2018-01-19,0.007794,0.008037,0.007126,0.007443000000000001,6484280.0,1431560000
cardano,2018-01-19,0.649544,0.68852,0.6159359999999999,0.6504979999999999,584574000.0,16840800000.0
dash,2018-01-19,833.3,875.4,805.67,846.16,126837000.0,6521630000
dogecoin,2018-01-19,0.007872,0.008435,0.0074670000000000005,0.007871,30335700.0,888183000
ethereum,2018-01-19,1028.82,1093.22,1003.71,1039.1,4084450000.0,99863900000.0
ethereum-classic,2018-01-19,30.03,34.34,29.07,31.7,394037000.0,2979260000.0
iota,2018-01-19,2.75,2.93,2.56,2.7,103437000.0,7630760000
lisk,2018-01-19,22.85,23.98,21.51,23.04,59753700.0,2676900000.0
litecoin,2018-01-19,191.19,202.07,186.94,192.96,560284000.0,10480800000
monero,2018-01-19,314.13,367.96,309.54,364.62,199852000.0,4906340000
nano,2018-01-19,17.82,19.33,15.84,17.26,17552400.0,2374060000.0
nem,2018-01-19,1.07,1.15,1.0,1.1,130817000.0,9645220000
neo,2018-01-19,141.25,150.15,132.97,139.5,494800000.0,9181130000.0
qtum,2018-01-19,36.97,41.46,36.19,39.19,594885000.0,2728690000.0
ripple,2018-01-19,1.58,1.7,1.5,1.55,3697430000.0,61291900000
siacoin,2018-01-19,0.051134,0.053967999999999995,0.045741000000000004,0.048824,82244400.0,1605400000.0
steem,2018-01-19,4.26,5.22,4.21,4.77,76640200.0,1055150000
stellar,2018-01-19,0.503367,0.535594,0.481281,0.506232,207275000.0,9005680000
verge,2018-01-19,0.112719,0.12275,0.102033,0.107126,105534000.0,1654650000
zcash,2018-01-19,486.59,553.12,482.91,524.34,163175000.0,1501990000
bitcoin,2018-01-20,11656.2,13103.0,11656.2,12899.2,11801700000.0,195979000000
bitcoin-cash,2018-01-20,1784.26,2124.45,1780.45,2032.12,1116240000.0,30191500000.0
bitcoin-gold,2018-01-20,219.16,237.61,213.79,231.13,288869000.0,3676260000.0
bitshares,2018-01-20,0.380897,0.458978,0.380897,0.441845,56541600.0,993080000
bytecoin-bcn,2018-01-20,0.007534999999999999,0.008206999999999999,0.007441,0.007842,6886480.0,1383990000
cardano,2018-01-20,0.656564,0.726242,0.647644,0.7075100000000001,738799000.0,17022800000.0
dash,2018-01-20,853.05,959.04,848.98,926.12,162376000.0,6677870000
dogecoin,2018-01-20,0.007956999999999999,0.008648999999999999,0.007956999999999999,0.008448,22974100.0,897889000
ethereum,2018-01-20,1044.95,1167.11,1044.95,1155.15,3975190000.0,101451000000.0
ethereum-classic,2018-01-20,32.09,35.56,32.09,35.01,418291000.0,3184770000.0
iota,2018-01-20,2.71,3.14,2.71,3.0,140378000.0,7530230000
lisk,2018-01-20,23.27,26.46,23.27,25.51,60581300.0,2726760000.0
litecoin,2018-01-20,194.38,214.59,194.38,211.02,540786000.0,10658300000
monero,2018-01-20,367.63,403.49,358.77,383.79,240595000.0,5743450000
nano,2018-01-20,17.48,20.02,17.47,19.63,16027700.0,2328750000.0
nem,2018-01-20,1.1,1.21,1.1,1.21,129900000.0,9901720000
neo,2018-01-20,140.49,157.19,138.65,149.94,501671000.0,9132020000.0
qtum,2018-01-20,39.22,51.26,39.11,51.26,1389340000.0,2895050000.0
ripple,2018-01-20,1.56,1.63,1.5,1.58,2346450000.0,60543000000
siacoin,2018-01-20,0.049344,0.051745000000000006,0.046484,0.050612,111056000.0,1549220000.0
steem,2018-01-20,4.78,5.77,4.78,5.54,149297000.0,1182220000
stellar,2018-01-20,0.50995,0.547453,0.502153,0.5346770000000001,204013000.0,9123480000
verge,2018-01-20,0.10753599999999999,0.113319,0.105073,0.10921800000000001,87648700.0,1579210000
zcash,2018-01-20,528.86,565.23,518.56,557.6,126555000.0,1636230000
bitcoin,2018-01-21,12889.2,12895.9,11288.2,11600.1,9935180000.0,216740000000
bitcoin-cash,2018-01-21,2033.7,2033.7,1733.99,1776.64,745179000.0,34415500000.0
bitcoin-gold,2018-01-21,230.64,230.64,193.28,198.44,182217000.0,3869280000.0
bitshares,2018-01-21,0.442813,0.44844799999999996,0.336329,0.363833,48624500.0,1154530000
bytecoin-bcn,2018-01-21,0.007845999999999999,0.008052,0.006469,0.0067,7176430.0,1441140000
cardano,2018-01-21,0.706391,0.706391,0.590793,0.613163,847731000.0,18314600000.0
dash,2018-01-21,928.13,930.18,802.41,818.27,109775000.0,7267440000
dogecoin,2018-01-21,0.008438,0.008438,0.006983,0.007131,22933100.0,952223000
ethereum,2018-01-21,1155.68,1155.68,1021.5,1049.58,3378090000.0,112226000000.0
ethereum-classic,2018-01-21,35.49,36.21,29.28,30.32,381507000.0,3523310000.0
iota,2018-01-21,3.01,3.01,2.64,2.77,94697300.0,8358740000
lisk,2018-01-21,25.43,25.55,21.11,22.12,48303200.0,2980190000.0
litecoin,2018-01-21,211.24,211.24,184.64,190.42,463516000.0,11585700000
monero,2018-01-21,384.53,389.11,336.01,345.08,126395000.0,6008720000
nano,2018-01-21,19.66,20.03,16.41,16.84,15150600.0,2619970000.0
nem,2018-01-21,1.22,1.22,1.02,1.07,112542000.0,11019300000
neo,2018-01-21,150.23,150.23,126.2,131.09,346048000.0,9764800000.0
qtum,2018-01-21,51.71,51.79,40.91,42.82,1472770000.0,3817440000.0
ripple,2018-01-21,1.58,1.58,1.34,1.38,2840750000.0,61061900000
siacoin,2018-01-21,0.050819,0.055238,0.041765,0.043177,122308000.0,1595510000.0
steem,2018-01-21,5.76,5.85,4.62,4.9,84010000.0,1425480000
stellar,2018-01-21,0.534347,0.534347,0.44511300000000004,0.464117,161687000.0,9560800000
verge,2018-01-21,0.10913199999999999,0.130689,0.09919,0.104146,211031000.0,1609420000
zcash,2018-01-21,559.72,561.81,479.3,487.02,94691700.0,1735780000
bitcoin,2018-01-22,11633.1,11966.4,10240.2,10931.4,10537400000.0,195645000000
bitcoin-cash,2018-01-22,1794.46,1815.42,1525.5,1621.92,681350000.0,30370200000.0
bitcoin-gold,2018-01-22,200.12,220.93,175.45,190.33,222920000.0,3357640000.0
bitshares,2018-01-22,0.367923,0.390034,0.29488200000000003,0.32745,52855400.0,959296000
bytecoin-bcn,2018-01-22,0.0067870000000000005,0.007209,0.005787,0.006261,7879040.0,1246570000
cardano,2018-01-22,0.614983,0.6314850000000001,0.521889,0.570458,522984000.0,15944700000.0
dash,2018-01-22,825.69,847.58,710.57,763.2,100651000.0,6466930000
dogecoin,2018-01-22,0.007199,0.007606,0.006318,0.006734,19968600.0,812486000
ethereum,2018-01-22,1055.35,1089.1,930.74,1003.26,3810100000.0,102504000000.0
ethereum-classic,2018-01-22,30.59,32.84,26.92,29.26,321230000.0,3037400000.0
iota,2018-01-22,2.78,2.9,2.18,2.47,125555000.0,7738110000
lisk,2018-01-22,22.31,23.05,19.53,21.39,46743700.0,2615440000.0
litecoin,2018-01-22,191.79,195.25,166.88,180.01,494091000.0,10521900000
monero,2018-01-22,348.91,356.04,288.79,315.9,116893000.0,5453550000
nano,2018-01-22,17.04,17.38,13.46,14.49,14100300.0,2270570000.0
nem,2018-01-22,1.08,1.1,0.899927,0.9914649999999999,73947400.0,9700910000
neo,2018-01-22,132.3,137.78,112.38,123.66,346611000.0,8599480000.0
qtum,2018-01-22,43.19,43.95,36.59,39.97,665031000.0,3188600000.0
ripple,2018-01-22,1.39,1.43,1.16,1.36,2642510000.0,53909800000
siacoin,2018-01-22,0.04332,0.044541000000000004,0.035410000000000004,0.039165,61352700.0,1360080000.0
steem,2018-01-22,4.97,4.97,3.89,4.4,29067500.0,1229960000
stellar,2018-01-22,0.465901,0.529766,0.432834,0.486338,442542000.0,8336150000
verge,2018-01-22,0.104893,0.10819000000000001,0.08490199999999999,0.094569,74751100.0,1520800000
zcash,2018-01-22,492.55,507.23,416.3,446.79,78727100.0,1530980000
bitcoin,2018-01-23,10944.5,11377.6,10129.7,10868.4,9660610000.0,184087000000
bitcoin-cash,2018-01-23,1623.14,1700.34,1504.72,1621.46,578984000.0,27473700000.0
bitcoin-gold,2018-01-23,189.89,200.25,174.54,188.76,104756000.0,3186390000.0
bitshares,2018-01-23,0.329459,0.34529299999999996,0.300373,0.323558,33165400.0,859028000
bytecoin-bcn,2018-01-23,0.006254,0.006551,0.005736,0.0062439999999999996,5785590.0,1148770000
cardano,2018-01-23,0.566537,0.5922310000000001,0.5200130000000001,0.56307,375958000.0,14688600000.0
dash,2018-01-23,763.13,796.99,692.93,757.34,110265000.0,5978460000
dogecoin,2018-01-23,0.006723000000000001,0.007049,0.006228,0.006673,17882700.0,758898000
ethereum,2018-01-23,1004.17,1023.23,920.54,986.23,3556700000.0,97554300000.0
ethereum-classic,2018-01-23,29.28,30.17,26.55,28.37,230031000.0,2907490000.0
iota,2018-01-23,2.47,2.62,2.24,2.5,81217500.0,6861570000
lisk,2018-01-23,21.33,23.1,19.91,21.82,68285400.0,2502090000.0
litecoin,2018-01-23,180.28,186.31,165.73,177.81,441765000.0,9892990000
monero,2018-01-23,315.31,321.69,285.61,308.46,116898000.0,4929480000
nano,2018-01-23,14.46,15.08,12.99,14.12,15550200.0,1926900000.0
nem,2018-01-23,0.9870909999999999,1.01,0.8774370000000001,0.942383,67245800.0,8883820000
neo,2018-01-23,123.37,129.71,110.18,121.6,263389000.0,8018770000.0
qtum,2018-01-23,40.03,41.09,35.62,39.15,455691000.0,2955640000.0
ripple,2018-01-23,1.35,1.43,1.2,1.34,2977080000.0,52421300000
siacoin,2018-01-23,0.039167,0.042012,0.034845999999999995,0.038832,42999100.0,1229710000.0
steem,2018-01-23,4.34,4.55,3.88,4.3,17515200.0,1073090000
stellar,2018-01-23,0.47503900000000004,0.518281,0.43485799999999997,0.48618500000000003,207031000.0,8487840000
verge,2018-01-23,0.094389,0.098701,0.083965,0.093314,48633200.0,1368890000
zcash,2018-01-23,446.4,468.72,406.75,442.0,79187400.0,1390650000
bitcoin,2018-01-24,10903.4,11501.4,10639.8,11359.4,9940990000.0,183419000000
bitcoin-cash,2018-01-24,1622.15,1703.34,1575.42,1639.13,488161000.0,27460200000.0
bitcoin-gold,2018-01-24,189.04,201.15,184.05,190.79,89823400.0,3172510000.0
bitshares,2018-01-24,0.324263,0.41963999999999996,0.314207,0.408823,55699900.0,845500000
bytecoin-bcn,2018-01-24,0.00624,0.006701,0.006068,0.006558,6688380.0,1146220000
cardano,2018-01-24,0.563369,0.636009,0.5447529999999999,0.622208,689838000.0,14606500000.0
dash,2018-01-24,757.11,797.54,734.41,775.11,116898000.0,5932760000
dogecoin,2018-01-24,0.006642,0.007217,0.0064719999999999995,0.007083,17449900.0,749844000
ethereum,2018-01-24,987.48,1062.44,965.81,1058.78,3944040000.0,95952700000.0
ethereum-classic,2018-01-24,28.47,30.54,28.08,29.6,187789000.0,2828350000.0
iota,2018-01-24,2.52,2.57,2.37,2.43,73441600.0,6998060000
lisk,2018-01-24,21.88,22.85,21.3,22.16,44024700.0,2566650000.0
litecoin,2018-01-24,178.43,186.28,173.72,179.99,375949000.0,9793780000
monero,2018-01-24,308.93,323.19,299.46,317.4,92263600.0,4830950000
nano,2018-01-24,14.16,15.2,12.12,15.0,17505100.0,1886190000.0
nem,2018-01-24,0.9472149999999999,0.994965,0.9071370000000001,0.96375,57975100.0,8524940000
neo,2018-01-24,122.57,144.12,118.15,136.41,433360000.0,7966980000.0
qtum,2018-01-24,39.05,42.4,38.25,40.51,412605000.0,2883110000.0
ripple,2018-01-24,1.35,1.42,1.31,1.36,1853440000.0,52380100000
siacoin,2018-01-24,0.038911,0.041223,0.037273,0.039672000000000006,33308600.0,1221640000.0
steem,2018-01-24,4.35,6.05,4.13,6.05,205776000.0,1076920000
stellar,2018-01-24,0.48651700000000003,0.589589,0.47356499999999996,0.567014,669319000.0,8693050000
verge,2018-01-24,0.093213,0.099223,0.091843,0.09346900000000001,56160000.0,1352210000
zcash,2018-01-24,442.12,465.27,428.28,451.73,78432400.0,1380510000
bitcoin,2018-01-25,11421.7,11785.7,11057.4,11259.4,8873170000.0,192163000000
bitcoin-cash,2018-01-25,1661.04,1707.7,1611.04,1642.12,522194000.0,28121300000.0
bitcoin-gold,2018-01-25,193.06,195.91,182.91,187.04,65369400.0,3240300000.0
bitshares,2018-01-25,0.41188400000000003,0.444543,0.410537,0.428058,69736200.0,1073990000
bytecoin-bcn,2018-01-25,0.006657,0.0068709999999999995,0.006384,0.006591,6331000.0,1222740000
cardano,2018-01-25,0.629337,0.6830229999999999,0.62156,0.637495,654814000.0,16316900000.0
dash,2018-01-25,788.77,819.09,782.13,795.65,114378000.0,6182430000
dogecoin,2018-01-25,0.007155,0.007763,0.007123999999999999,0.007667,21329400.0,807855000
ethereum,2018-01-25,1063.22,1104.66,1034.74,1056.03,4050190000.0,103335000000.0
ethereum-classic,2018-01-25,29.89,30.39,28.79,29.19,162749000.0,2969790000.0
iota,2018-01-25,2.46,2.59,2.34,2.37,56586500.0,6845150000
lisk,2018-01-25,22.47,22.89,21.41,22.65,40204100.0,2637130000.0
litecoin,2018-01-25,181.56,185.42,176.35,180.27,363138000.0,9968750000
monero,2018-01-25,322.17,328.0,306.59,317.1,76537300.0,5039370000
nano,2018-01-25,15.25,15.27,12.62,12.83,17288700.0,2032490000.0
nem,2018-01-25,0.9733860000000001,1.0,0.924831,0.9491,57845600.0,8760480000
neo,2018-01-25,138.09,146.94,134.58,138.0,315010000.0,8976150000.0
qtum,2018-01-25,40.93,41.98,39.68,40.72,330419000.0,3021830000.0
ripple,2018-01-25,1.36,1.38,1.29,1.31,986068000.0,52811100000
siacoin,2018-01-25,0.040139999999999995,0.041812,0.037587,0.041247000000000006,46005600.0,1260250000.0
steem,2018-01-25,6.08,6.89,5.69,6.51,318344000.0,1505570000
stellar,2018-01-25,0.567863,0.649971,0.5561649999999999,0.6082529999999999,627336000.0,10146600000
verge,2018-01-25,0.094816,0.097603,0.088849,0.090185,45742100.0,1375860000
zcash,2018-01-25,457.58,475.46,451.97,472.97,85020800.0,1432080000
bitcoin,2018-01-26,11256.0,11656.7,10470.3,11171.4,9746200000.0,189398000000
bitcoin-cash,2018-01-26,1637.19,1678.63,1500.37,1603.9,594667000.0,27720500000.0
bitcoin-gold,2018-01-26,186.69,194.84,170.06,180.85,90095700.0,3133810000.0
bitshares,2018-01-26,0.427596,0.481754,0.388181,0.45847200000000005,55541300.0,1114960000
bytecoin-bcn,2018-01-26,0.006586,0.007615,0.006324000000000001,0.0071790000000000005,8430710.0,1209720000
cardano,2018-01-26,0.633903,0.652848,0.566218,0.623382,810062000.0,16435300000.0
dash,2018-01-26,793.92,815.83,741.85,782.41,100517000.0,6224310000
dogecoin,2018-01-26,0.007702,0.007982,0.006795000000000001,0.007237,19572300.0,869786000
ethereum,2018-01-26,1052.7,1080.6,996.78,1055.17,3617690000.0,102334000000.0
ethereum-classic,2018-01-26,29.1,29.69,26.82,28.8,198045000.0,2892380000.0
iota,2018-01-26,2.36,2.45,2.2,2.37,62216500.0,6558110000
lisk,2018-01-26,22.56,24.2,19.2,21.4,83297100.0,2648570000.0
litecoin,2018-01-26,179.82,182.89,167.08,176.73,375477000.0,9875590000
monero,2018-01-26,316.6,328.78,292.48,323.69,91052800.0,4953260000
nano,2018-01-26,12.79,17.84,12.79,17.47,30987700.0,1703590000.0
nem,2018-01-26,0.944931,1.02,0.765609,0.839974,174749000.0,8504380000
neo,2018-01-26,137.75,141.13,126.53,137.89,324067000.0,8953600000.0
qtum,2018-01-26,40.41,41.73,35.83,39.7,378512000.0,2983480000.0
ripple,2018-01-26,1.31,1.33,1.14,1.22,2037570000.0,50706400000
siacoin,2018-01-26,0.040432,0.042128,0.035834,0.039947,46952700.0,1269420000.0
steem,2018-01-26,6.62,6.65,5.38,6.22,228966000.0,1639840000
stellar,2018-01-26,0.602163,0.64578,0.553197,0.633916,787644000.0,10759400000
verge,2018-01-26,0.089551,0.094452,0.07900399999999999,0.088158,64874700.0,1299830000
zcash,2018-01-26,473.68,491.47,429.65,456.94,87992700.0,1485840000
bitcoin,2018-01-27,11174.9,11614.9,10989.2,11440.7,7583270000.0,188054000000
bitcoin-cash,2018-01-27,1602.5,1665.81,1567.78,1628.63,441742000.0,27136100000.0
bitcoin-gold,2018-01-27,181.63,185.68,177.38,185.46,55528300.0,3049250000.0
bitshares,2018-01-27,0.461099,0.5336350000000001,0.461099,0.515717,69867500.0,1202310000
bytecoin-bcn,2018-01-27,0.007070999999999999,0.007575,0.007025,0.007333,6410040.0,1298790000
cardano,2018-01-27,0.6234770000000001,0.6329560000000001,0.5952689999999999,0.616833,331309000.0,16164900000.0
dash,2018-01-27,782.87,788.67,753.37,773.84,115618000.0,6139280000
dogecoin,2018-01-27,0.007240000000000001,0.0075450000000000005,0.007168000000000001,0.007373,11672900.0,817646000
ethereum,2018-01-27,1055.75,1121.98,1042.12,1107.07,3002870000.0,102651000000.0
ethereum-classic,2018-01-27,28.76,30.13,28.15,29.49,127839000.0,2858610000.0
iota,2018-01-27,2.38,2.49,2.37,2.45,43333600.0,6607670000
lisk,2018-01-27,21.36,23.6,20.75,23.25,55110400.0,2507910000.0
litecoin,2018-01-27,176.66,183.15,174.88,180.89,291633000.0,9705020000
monero,2018-01-27,325.31,332.83,310.44,321.36,66614100.0,5090880000
nano,2018-01-27,17.39,19.49,16.89,18.77,25774700.0,2317700000.0
nem,2018-01-27,0.843234,1.11,0.817192,1.06,237529000.0,7589110000
neo,2018-01-27,138.14,142.07,134.35,140.2,207868000.0,8979150000.0
qtum,2018-01-27,39.77,40.48,38.15,39.58,228016000.0,2936640000.0
ripple,2018-01-27,1.22,1.24,1.19,1.22,689101000.0,47180200000
siacoin,2018-01-27,0.039508,0.041905,0.037985000000000005,0.041128,28439100.0,1240400000.0
steem,2018-01-27,6.25,6.34,5.82,6.07,81736000.0,1547320000
stellar,2018-01-27,0.631495,0.63945,0.610086,0.613061,216913000.0,11283600000
verge,2018-01-27,0.08792699999999999,0.096731,0.084198,0.094201,47387500.0,1276620000
zcash,2018-01-27,456.53,465.78,437.08,451.69,71220400.0,1435350000
bitcoin,2018-01-28,11475.3,12040.3,11475.3,11786.3,8350360000.0,193133000000
bitcoin-cash,2018-01-28,1636.41,1762.34,1636.41,1746.25,580544000.0,27713300000.0
bitcoin-gold,2018-01-28,186.81,195.62,186.22,189.16,130075000.0,3136400000.0
bitshares,2018-01-28,0.5171060000000001,0.5486979999999999,0.48561800000000005,0.505791,39216700.0,1348360000
bytecoin-bcn,2018-01-28,0.007379000000000001,0.007591,0.00728,0.007370999999999999,6975970.0,1355520000
cardano,2018-01-28,0.62056,0.681946,0.62056,0.6702859999999999,325146000.0,16089300000.0
dash,2018-01-28,777.05,815.91,767.28,812.24,122949000.0,6095130000
dogecoin,2018-01-28,0.007409000000000001,0.007681,0.007337000000000001,0.007465,14070700.0,836842000
ethereum,2018-01-28,1111.78,1257.77,1111.78,1246.01,5372330000.0,108122000000.0
ethereum-classic,2018-01-28,29.62,34.4,29.62,32.9,350799000.0,2945280000.0
iota,2018-01-28,2.46,2.56,2.46,2.52,47752200.0,6830550000
lisk,2018-01-28,23.33,24.11,23.27,23.29,37791200.0,2740090000.0
litecoin,2018-01-28,181.42,194.68,181.42,193.87,363515000.0,9969420000
monero,2018-01-28,322.96,337.16,322.96,332.17,75700900.0,5055340000
nano,2018-01-28,18.88,20.96,17.64,19.7,24068400.0,2515620000.0
nem,2018-01-28,1.06,1.06,1.01,1.03,83612400.0,9506630000
neo,2018-01-28,140.37,153.61,140.37,152.16,246175000.0,9124100000.0
qtum,2018-01-28,39.74,44.08,39.74,43.76,346952000.0,2934440000.0
ripple,2018-01-28,1.22,1.44,1.22,1.4,1327360000.0,47412500000
siacoin,2018-01-28,0.041199,0.047510000000000004,0.041199,0.045107999999999995,99650000.0,1293500000.0
steem,2018-01-28,6.07,6.49,5.95,6.49,78270000.0,1502920000
stellar,2018-01-28,0.615916,0.640046,0.615448,0.634421,194610000.0,11005200000
verge,2018-01-28,0.0945,0.095058,0.090789,0.09187000000000001,47936600.0,1372430000
zcash,2018-01-28,453.47,476.91,453.47,471.99,74527600.0,1428950000
bitcoin,2018-01-29,11755.5,11875.6,11179.2,11296.4,7107360000.0,197871000000
bitcoin-cash,2018-01-29,1745.36,1763.24,1638.33,1657.14,362213000.0,29561500000.0
bitcoin-gold,2018-01-29,188.89,193.03,178.63,181.59,49388600.0,3171780000.0
bitshares,2018-01-29,0.5062989999999999,0.507772,0.45291499999999996,0.457007,23254100.0,1320180000
bytecoin-bcn,2018-01-29,0.0073420000000000004,0.007465,0.006847,0.007014,8559280.0,1348690000
cardano,2018-01-29,0.669373,0.669373,0.6207600000000001,0.623204,238318000.0,17354900000.0
dash,2018-01-29,811.84,818.31,747.13,767.69,114750000.0,6369620000
dogecoin,2018-01-29,0.0074010000000000005,0.007522,0.006862999999999999,0.006967,13073100.0,836111000
ethereum,2018-01-29,1246.7,1256.7,1169.08,1182.36,3715080000.0,121269000000.0
ethereum-classic,2018-01-29,33.21,33.66,30.97,31.71,197076000.0,3303240000.0
iota,2018-01-29,2.52,2.58,2.4,2.58,60210600.0,7007530000
lisk,2018-01-29,23.28,23.55,22.3,22.55,34448300.0,2734540000.0
litecoin,2018-01-29,193.75,194.39,179.23,181.66,303561000.0,10649800000
monero,2018-01-29,331.77,336.69,314.05,316.63,55323000.0,5194670000
nano,2018-01-29,19.73,20.17,17.89,18.52,16057000.0,2629040000.0
nem,2018-01-29,1.03,1.03,0.923629,0.9354309999999999,47381700.0,9253430000
neo,2018-01-29,152.08,168.14,151.46,168.14,602514000.0,9885260000.0
qtum,2018-01-29,43.84,45.51,42.33,43.41,412998000.0,3236940000.0
ripple,2018-01-29,1.4,1.41,1.3,1.32,1073680000.0,54204300000
siacoin,2018-01-29,0.045051,0.045105,0.039885000000000004,0.041061,41660300.0,1414420000.0
steem,2018-01-29,6.37,6.37,5.82,5.93,43932600.0,1576440000
stellar,2018-01-29,0.632602,0.632602,0.583512,0.589283,118507000.0,11303400000
verge,2018-01-29,0.09158999999999999,0.092058,0.084012,0.084969,32948000.0,1330540000
zcash,2018-01-29,471.43,476.64,443.14,448.62,75045800.0,1489000000
bitcoin,2018-01-30,11306.8,11307.2,10036.2,10106.3,8637860000.0,190339000000
bitcoin-cash,2018-01-30,1657.69,1662.07,1468.17,1470.55,649823000.0,28079700000.0
bitcoin-gold,2018-01-30,182.33,182.33,158.49,159.13,47888900.0,3061920000.0
bitshares,2018-01-30,0.45741899999999996,0.470737,0.346955,0.392933,43440200.0,1192720000
bytecoin-bcn,2018-01-30,0.006993000000000001,0.007014,0.005832,0.006063000000000001,6197140.0,1284580000
cardano,2018-01-30,0.624799,0.624799,0.523418,0.531913,359622000.0,16199200000.0
dash,2018-01-30,767.73,781.68,675.32,676.91,112419000.0,6025040000
dogecoin,2018-01-30,0.0069689999999999995,0.006992,0.005942,0.006024,15855900.0,787316000
ethereum,2018-01-30,1184.13,1184.63,1058.97,1071.13,4107860000.0,115207000000.0
ethereum-classic,2018-01-30,31.77,31.77,26.98,27.13,235160000.0,3160490000.0
iota,2018-01-30,2.59,2.64,2.2,2.22,94218100.0,7195220000
lisk,2018-01-30,22.58,23.47,20.88,21.71,50405900.0,2653910000.0
litecoin,2018-01-30,181.44,181.52,163.03,165.28,433227000.0,9976170000
monero,2018-01-30,317.36,318.01,268.68,274.02,93182600.0,4970190000
nano,2018-01-30,18.62,19.05,12.89,16.05,56878700.0,2481590000.0
nem,2018-01-30,0.935732,0.935732,0.7761170000000001,0.7764909999999999,47194000.0,8421590000
neo,2018-01-30,168.86,173.75,140.13,146.28,670295000.0,10976100000.0
qtum,2018-01-30,43.6,43.64,36.71,37.33,275840000.0,3219350000.0
ripple,2018-01-30,1.33,1.33,1.13,1.14,1134640000.0,51452400000
siacoin,2018-01-30,0.040986,0.041911000000000004,0.033094,0.033257,36564500.0,1286800000.0
steem,2018-01-30,5.91,5.91,4.66,4.75,40389600.0,1462650000
stellar,2018-01-30,0.590831,0.590831,0.475736,0.48964799999999997,178893000.0,10557100000
verge,2018-01-30,0.085387,0.085651,0.066962,0.06840800000000001,43002700.0,1240790000
zcash,2018-01-30,448.92,448.92,381.45,383.47,77962100.0,1421050000
bitcoin,2018-01-31,10108.2,10381.6,9777.42,10221.1,8041160000.0,170183000000
bitcoin-cash,2018-01-31,1470.74,1522.87,1406.25,1486.89,729209000.0,24915700000.0
bitcoin-gold,2018-01-31,158.34,159.12,146.5,156.96,56636600.0,2659440000.0
bitshares,2018-01-31,0.39262600000000003,0.45875200000000005,0.365753,0.441546,40743700.0,1023860000
bytecoin-bcn,2018-01-31,0.006033,0.006056000000000001,0.005622,0.005925,6734050.0,1108270000
cardano,2018-01-31,0.527598,0.5502520000000001,0.471337,0.519315,505904000.0,13679100000.0
dash,2018-01-31,678.93,699.31,654.86,697.46,97657100.0,5329560000
dogecoin,2018-01-31,0.006000999999999999,0.006219,0.005752,0.00601,14754700.0,678023000
ethereum,2018-01-31,1071.09,1128.66,1034.5,1118.31,3757560000.0,104231000000.0
ethereum-classic,2018-01-31,27.21,28.76,25.96,28.76,271852000.0,2707440000.0
iota,2018-01-31,2.22,2.34,2.18,2.31,48505200.0,6162980000
lisk,2018-01-31,21.75,35.26,20.58,26.34,309340000.0,2556440000.0
litecoin,2018-01-31,165.3,167.07,157.65,163.35,363293000.0,9090870000
monero,2018-01-31,274.9,284.02,265.28,272.89,67649500.0,4306290000
nano,2018-01-31,16.04,20.21,14.91,20.03,47128200.0,2137840000.0
nem,2018-01-31,0.785675,0.787938,0.7379359999999999,0.779857,50105100.0,7071080000
neo,2018-01-31,145.4,148.18,133.32,145.76,357309000.0,9451090000.0
qtum,2018-01-31,37.3,42.38,34.62,42.12,437472000.0,2754250000.0
ripple,2018-01-31,1.13,1.19,1.04,1.16,1264030000.0,43800800000
siacoin,2018-01-31,0.033862,0.035381,0.03165,0.033911000000000004,26700900.0,1063150000.0
steem,2018-01-31,4.65,5.43,4.05,5.15,89015000.0,1151950000
stellar,2018-01-31,0.488731,0.555212,0.44051999999999997,0.539797,288693000.0,8732980000
verge,2018-01-31,0.06890299999999999,0.071016,0.063568,0.069787,27155800.0,1001540000
zcash,2018-01-31,383.87,398.27,362.6,397.88,77064800.0,1217890000
bitcoin,2018-02-01,10237.3,10288.8,8812.28,9170.54,9959400000.0,172372000000
bitcoin-cash,2018-02-01,1491.12,1503.3,1214.88,1274.35,678020000.0,25263200000.0
bitcoin-gold,2018-02-01,156.89,158.49,122.87,127.57,51720700.0,2635290000.0
bitshares,2018-02-01,0.44367,0.455812,0.370398,0.391917,41127300.0,1157000000
bytecoin-bcn,2018-02-01,0.005961,0.006052,0.0048270000000000006,0.005076,4635950.0,1095000000
cardano,2018-02-01,0.515912,0.5353220000000001,0.412045,0.42167200000000005,595624000.0,13376100000.0
dash,2018-02-01,698.79,704.55,582.21,617.04,109256000.0,5486820000
dogecoin,2018-02-01,0.006021,0.00609,0.004790999999999999,0.005029,18748700.0,680468000
ethereum,2018-02-01,1119.37,1161.35,984.82,1036.79,5261680000.0,108952000000.0
ethereum-classic,2018-02-01,28.77,28.88,23.74,24.97,251254000.0,2863780000.0
iota,2018-02-01,2.31,2.33,1.75,1.91,108876000.0,6419970000
lisk,2018-02-01,26.37,26.46,20.65,22.34,87605500.0,3101040000.0
litecoin,2018-02-01,163.68,165.81,131.55,142.3,539880000.0,9004330000
monero,2018-02-01,273.88,279.78,228.39,240.97,73082700.0,4291340000
nano,2018-02-01,20.13,20.13,14.64,16.41,36449200.0,2681840000.0
nem,2018-02-01,0.791554,0.804491,0.614392,0.618265,46639300.0,7123980000
neo,2018-02-01,145.96,147.16,115.27,126.0,356495000.0,9487200000.0
qtum,2018-02-01,42.1,42.1,34.71,35.68,371498000.0,3108800000.0
ripple,2018-02-01,1.16,1.16,0.930378,0.9625299999999999,1410420000.0,44971500000
siacoin,2018-02-01,0.034004,0.034895999999999996,0.026152999999999996,0.028110000000000003,34324300.0,1094310000.0
steem,2018-02-01,5.12,5.9,4.56,4.96,181524000.0,1269210000
stellar,2018-02-01,0.540834,0.54297,0.42968,0.456455,172407000.0,9967480000
verge,2018-02-01,0.069766,0.07520800000000001,0.05361900000000001,0.058035,39407700.0,1014360000
zcash,2018-02-01,399.26,409.4,367.09,400.74,117572000.0,1269550000
bitcoin,2018-02-02,9142.28,9142.28,7796.49,8830.75,12726900000.0,153953000000
bitcoin-cash,2018-02-02,1272.5,1272.5,980.78,1191.14,896666000.0,21561700000.0
bitcoin-gold,2018-02-02,127.89,127.89,89.15,110.22,84321300.0,2148410000.0
bitshares,2018-02-02,0.391533,0.391533,0.24007399999999998,0.316421,63091900.0,1021050000
bytecoin-bcn,2018-02-02,0.005052,0.005052,0.0036780000000000003,0.004582999999999999,4928310.0,928028000
cardano,2018-02-02,0.41946000000000006,0.41946000000000006,0.27473400000000003,0.390534,1438810000.0,10875400000.0
dash,2018-02-02,616.62,616.62,453.43,586.88,143263000.0,4842830000
dogecoin,2018-02-02,0.005023,0.005023,0.00331,0.004475,29913700.0,567659000
ethereum,2018-02-02,1035.77,1035.77,757.98,915.78,6713290000.0,100836000000.0
ethereum-classic,2018-02-02,24.95,24.95,18.37,23.07,340095000.0,2484190000.0
iota,2018-02-02,1.9,1.92,1.41,1.81,118068000.0,5280740000
lisk,2018-02-02,22.25,22.25,16.0,21.41,75701400.0,2616560000.0
litecoin,2018-02-02,142.56,142.56,105.35,131.38,815540000.0,7844710000
monero,2018-02-02,240.84,249.27,184.94,235.63,122696000.0,3774700000
nano,2018-02-02,16.43,18.22,12.57,16.51,83454300.0,2189520000.0
nem,2018-02-02,0.613639,0.621158,0.44036099999999995,0.5826520000000001,54511900.0,5522750000
neo,2018-02-02,125.64,129.19,91.96,120.13,552639000.0,8166710000.0
qtum,2018-02-02,35.56,35.56,22.31,30.26,566508000.0,2626060000.0
ripple,2018-02-02,0.960642,0.960642,0.635185,0.884784,3529760000.0,37473900000
siacoin,2018-02-02,0.028127,0.028127,0.01876,0.027381,45103800.0,905201000.0
steem,2018-02-02,5.02,5.02,3.08,4.34,121981000.0,1245360000
stellar,2018-02-02,0.45508699999999996,0.45508699999999996,0.285878,0.405075,396784000.0,8387820000
verge,2018-02-02,0.058315,0.058682000000000005,0.039393,0.054197,46633700.0,848117000
zcash,2018-02-02,398.83,398.83,306.53,383.55,113633000.0,1270100000
bitcoin,2018-02-03,8852.12,9430.75,8251.63,9174.91,7263790000.0,149085000000
bitcoin-cash,2018-02-03,1194.23,1314.43,1072.83,1272.5,453101000.0,20237400000.0
bitcoin-gold,2018-02-03,110.16,116.97,97.99,114.48,42576100.0,1850860000.0
bitshares,2018-02-03,0.31859499999999996,0.354304,0.282331,0.334895,22302200.0,830838000
bytecoin-bcn,2018-02-03,0.004599,0.005224,0.004219,0.005065,3513880.0,844862000
cardano,2018-02-03,0.400965,0.5016390000000001,0.330815,0.43883599999999995,1404500000.0,10395800000.0
dash,2018-02-03,589.17,645.85,533.25,637.37,83763700.0,4631430000
dogecoin,2018-02-03,0.004501,0.005495,0.004159,0.005164,18018100.0,508803000
ethereum,2018-02-03,919.21,991.94,847.69,964.02,3243480000.0,89507600000.0
ethereum-classic,2018-02-03,23.15,24.74,20.76,24.2,179081000.0,2305470000.0
iota,2018-02-03,1.81,2.02,1.63,1.99,64062000.0,5023050000
lisk,2018-02-03,21.6,23.84,19.51,23.08,48285400.0,2540940000.0
litecoin,2018-02-03,131.4,165.56,121.17,160.25,687676000.0,7232410000
monero,2018-02-03,236.51,256.98,215.6,251.59,55887100.0,3707610000
nano,2018-02-03,16.9,17.1,14.18,16.58,44094300.0,2251310000.0
nem,2018-02-03,0.584534,0.652762,0.512837,0.628795,42520900.0,5260800000
neo,2018-02-03,121.03,127.28,106.91,122.97,255707000.0,7867210000.0
qtum,2018-02-03,30.39,31.62,25.77,29.93,305047000.0,2244470000.0
ripple,2018-02-03,0.891992,0.974799,0.7616350000000001,0.9240430000000001,1988960000.0,34795900000
siacoin,2018-02-03,0.027648000000000002,0.030985000000000002,0.023216,0.029120999999999998,27955100.0,889763000.0
steem,2018-02-03,4.53,4.71,3.61,4.52,76445000.0,1124740000
stellar,2018-02-03,0.40595,0.478678,0.345184,0.43005600000000005,282349000.0,7482160000
verge,2018-02-03,0.054480999999999995,0.068427,0.049717000000000004,0.064728,49307900.0,792570000
zcash,2018-02-03,384.51,405.03,345.66,388.55,53483300.0,1228180000
bitcoin,2018-02-04,9175.7,9334.87,8031.22,8277.01,7073550000.0,154553000000
bitcoin-cash,2018-02-04,1273.17,1286.98,1101.31,1165.38,656034000.0,21577500000.0
bitcoin-gold,2018-02-04,113.64,121.31,99.12,100.56,52606600.0,1909450000.0
bitshares,2018-02-04,0.333039,0.34082199999999996,0.25948699999999997,0.268479,24899100.0,868506000
bytecoin-bcn,2018-02-04,0.00507,0.005241,0.004192,0.004361,2709190.0,931295000
cardano,2018-02-04,0.43386499999999995,0.48013999999999996,0.369823,0.379303,814754000.0,11248900000.0
dash,2018-02-04,637.01,649.37,533.99,549.96,80706600.0,5008820000
dogecoin,2018-02-04,0.005182,0.0053170000000000005,0.004176,0.004399,12961600.0,585833000
ethereum,2018-02-04,964.67,969.03,805.06,834.68,2997090000.0,93953400000.0
ethereum-classic,2018-02-04,24.19,24.73,19.91,21.04,218348000.0,2409210000.0
iota,2018-02-04,1.98,2.07,1.64,1.74,59380900.0,5503780000
lisk,2018-02-04,23.15,23.2,18.85,20.01,34650700.0,2724380000.0
litecoin,2018-02-04,160.38,173.8,139.69,148.03,1006080000.0,8829970000
monero,2018-02-04,251.97,257.39,214.79,221.05,48981700.0,3951030000
nano,2018-02-04,16.57,16.57,11.7,12.87,26667900.0,2207510000.0
nem,2018-02-04,0.627271,0.6648189999999999,0.536007,0.55087,41394700.0,5645440000
neo,2018-02-04,122.22,124.01,102.03,107.45,203674000.0,7943970000.0
qtum,2018-02-04,29.72,30.68,25.38,26.19,219327000.0,2195080000.0
ripple,2018-02-04,0.9134180000000001,0.952947,0.796821,0.815703,1190960000.0,35631700000
siacoin,2018-02-04,0.028988999999999997,0.029869999999999997,0.02241,0.023707,19509300.0,932931000.0
steem,2018-02-04,4.38,4.65,3.74,3.88,44028700.0,1088860000
stellar,2018-02-04,0.42596999999999996,0.467492,0.366818,0.377231,231808000.0,7851160000
verge,2018-02-04,0.06483799999999999,0.067106,0.050717,0.054085,28513800.0,943517000
zcash,2018-02-04,388.73,404.1,333.99,346.91,45202600.0,1244410000
bitcoin,2018-02-05,8270.54,8364.84,6756.68,6955.27,9285290000.0,139325000000
bitcoin-cash,2018-02-05,1159.89,1172.7,839.95,887.41,568117000.0,19659800000.0
bitcoin-gold,2018-02-05,100.92,102.27,81.6,84.62,33394900.0,1696000000.0
bitshares,2018-02-05,0.267844,0.292925,0.195244,0.20049,77308100.0,698489000
bytecoin-bcn,2018-02-05,0.004338,0.0044340000000000004,0.003346,0.003472,2329860.0,797003000
cardano,2018-02-05,0.385044,0.399523,0.319646,0.327371,658548000.0,9983060000.0
dash,2018-02-05,545.32,553.6,435.42,451.43,78015400.0,4288890000
dogecoin,2018-02-05,0.004397,0.00447,0.0033759999999999997,0.0035329999999999997,12489400.0,497115000
ethereum,2018-02-05,834.96,856.65,644.6,697.95,4269530000.0,81337400000.0
ethereum-classic,2018-02-05,20.76,21.19,15.89,16.53,171500000.0,2068330000.0
iota,2018-02-05,1.75,1.77,1.35,1.45,69213800.0,4867820000
lisk,2018-02-05,19.72,20.43,14.46,15.13,45445800.0,2322130000.0
litecoin,2018-02-05,148.73,153.52,118.15,125.33,844678000.0,8190580000
monero,2018-02-05,219.04,221.74,167.14,179.49,77454500.0,3435450000
nano,2018-02-05,12.65,13.12,7.34,8.93,43062700.0,1685450000.0
nem,2018-02-05,0.54898,0.559763,0.44033999999999995,0.449672,28590400.0,4940820000
neo,2018-02-05,107.58,108.97,75.75,82.37,312096000.0,6992380000.0
qtum,2018-02-05,26.24,26.76,19.64,20.54,200730000.0,1937850000.0
ripple,2018-02-05,0.825943,0.833866,0.6758270000000001,0.6917989999999999,1286180000.0,32219400000
siacoin,2018-02-05,0.023569999999999997,0.024283000000000002,0.016909999999999998,0.018043,17642200.0,758544000.0
steem,2018-02-05,3.89,4.12,3.21,3.3,37719200.0,967012000
stellar,2018-02-05,0.383191,0.42533999999999994,0.312975,0.331192,339507000.0,7064590000
verge,2018-02-05,0.053833000000000006,0.055230999999999995,0.039145,0.042611,23695200.0,783589000
zcash,2018-02-05,343.02,349.36,281.14,303.61,56414800.0,1100550000
bitcoin,2018-02-06,7051.75,7850.7,6048.26,7754.0,13999800000.0,118810000000
bitcoin-cash,2018-02-06,890.97,978.91,764.02,974.52,777420000.0,15103100000.0
bitcoin-gold,2018-02-06,85.27,94.24,72.12,92.99,47319600.0,1433170000.0
bitshares,2018-02-06,0.201382,0.23135100000000003,0.16309200000000001,0.22780599999999998,90730900.0,525232000
bytecoin-bcn,2018-02-06,0.0034939999999999997,0.004295,0.002837,0.004288,3422330.0,641825000
cardano,2018-02-06,0.33120900000000003,0.37871900000000003,0.266523,0.369753,1338390000.0,8587280000.0
dash,2018-02-06,454.17,533.55,383.97,528.5,114171000.0,3572920000
dogecoin,2018-02-06,0.003544,0.0044210000000000005,0.003036,0.004361,19139100.0,400769000
ethereum,2018-02-06,707.74,796.44,574.42,793.12,6518270000.0,68958700000.0
ethereum-classic,2018-02-06,16.75,19.42,14.06,19.39,318212000.0,1669530000.0
iota,2018-02-06,1.48,1.7,1.2,1.62,101327000.0,4104810000
lisk,2018-02-06,15.2,18.34,11.97,18.26,55712200.0,1790490000.0
litecoin,2018-02-06,127.52,146.11,106.94,142.99,1148410000.0,7024630000
monero,2018-02-06,180.87,213.46,149.41,212.29,100344000.0,2837430000
nano,2018-02-06,9.16,11.31,6.54,10.84,53479100.0,1220280000.0
nem,2018-02-06,0.45596099999999995,0.5842,0.397361,0.5842,50311400.0,4103650000
neo,2018-02-06,84.07,109.21,64.88,105.95,659946000.0,5464510000.0
qtum,2018-02-06,20.93,24.32,16.67,24.05,386634000.0,1545600000.0
ripple,2018-02-06,0.705121,0.786004,0.58836,0.776393,2361140000.0,27506200000
siacoin,2018-02-06,0.018216,0.022974,0.014741999999999998,0.022786,31345200.0,586242000.0
steem,2018-02-06,3.33,4.02,2.62,3.88,93548900.0,828410000
stellar,2018-02-06,0.33673800000000004,0.374247,0.266352,0.370811,518085000.0,6208170000
verge,2018-02-06,0.043242,0.053266999999999995,0.033773000000000004,0.052022000000000006,39727000.0,629594000
zcash,2018-02-06,307.35,375.39,262.31,372.38,140867000.0,988334000
bitcoin,2018-02-07,7755.49,8509.11,7236.79,7621.3,9169280000.0,130683000000
bitcoin-cash,2018-02-07,971.08,1040.49,902.49,957.96,866222000.0,16462900000.0
bitcoin-gold,2018-02-07,92.59,98.43,84.76,87.55,35079700.0,1556440000.0
bitshares,2018-02-07,0.226248,0.257103,0.200071,0.214035,43528600.0,590101000
bytecoin-bcn,2018-02-07,0.004233,0.004787,0.003846,0.004175,3125680.0,777619000
cardano,2018-02-07,0.367267,0.377219,0.332507,0.340447,679744000.0,9522150000.0
dash,2018-02-07,524.7,584.48,493.67,521.99,79763600.0,4128770000
dogecoin,2018-02-07,0.004314,0.0048,0.003934,0.004297,12990100.0,487888000
ethereum,2018-02-07,790.43,851.2,723.43,757.07,3896180000.0,77032000000.0
ethereum-classic,2018-02-07,19.18,20.45,17.45,18.16,212987000.0,1912010000.0
iota,2018-02-07,1.62,1.88,1.53,1.6,65922600.0,4491550000
lisk,2018-02-07,18.06,20.94,16.45,18.31,44932000.0,2126900000.0
litecoin,2018-02-07,142.48,157.9,131.52,138.2,817808000.0,7851100000
monero,2018-02-07,210.73,231.25,191.86,207.28,64730900.0,3306780000
nano,2018-02-07,10.64,12.93,9.36,10.16,41359500.0,1417130000.0
nem,2018-02-07,0.582114,0.617025,0.5219699999999999,0.536718,59231300.0,5239020000
neo,2018-02-07,105.13,118.5,94.94,102.5,571724000.0,6833700000.0
qtum,2018-02-07,24.09,24.53,20.99,21.78,238850000.0,1779020000.0
ripple,2018-02-07,0.774576,0.805478,0.70695,0.723895,1133370000.0,30215600000
siacoin,2018-02-07,0.022213,0.024073,0.019504,0.020158000000000002,19505700.0,714856000.0
steem,2018-02-07,3.89,4.09,3.5,3.65,60622200.0,968166000
stellar,2018-02-07,0.368956,0.380924,0.337244,0.342125,188328000.0,6800610000
verge,2018-02-07,0.051515,0.05828099999999999,0.045923,0.047986,25558100.0,750269000
zcash,2018-02-07,368.75,391.06,327.84,354.35,95854600.0,1188410000
bitcoin,2018-02-08,7637.86,8558.77,7637.86,8265.59,9346750000.0,128714000000
bitcoin-cash,2018-02-08,951.57,1345.2,951.57,1284.56,2203710000.0,16133900000.0
bitcoin-gold,2018-02-08,87.58,111.19,87.58,104.09,95463000.0,1472270000.0
bitshares,2018-02-08,0.214133,0.245627,0.214133,0.23641700000000002,28156600.0,558517000
bytecoin-bcn,2018-02-08,0.004118,0.004787,0.004118,0.0045049999999999995,4176950.0,756510000
cardano,2018-02-08,0.344464,0.367504,0.33682199999999995,0.356584,346383000.0,8930940000.0
dash,2018-02-08,520.91,609.47,520.91,605.0,90716700.0,4100000000
dogecoin,2018-02-08,0.004263,0.004872,0.004263,0.004566,9462680.0,482167000
ethereum,2018-02-08,755.84,845.09,755.84,817.81,3708190000.0,73676900000.0
ethereum-classic,2018-02-08,18.15,21.96,18.15,21.79,265155000.0,1809300000.0
iota,2018-02-08,1.61,1.85,1.61,1.78,51576300.0,4475690000
lisk,2018-02-08,18.24,23.83,18.24,23.09,83927600.0,2148840000.0
litecoin,2018-02-08,138.34,151.08,138.34,149.47,869207000.0,7624630000
monero,2018-02-08,207.78,253.12,207.78,247.22,81312200.0,3261220000
nano,2018-02-08,10.16,11.85,10.16,11.28,35820700.0,1354240000.0
nem,2018-02-08,0.536245,0.594279,0.525279,0.543094,42640900.0,4826200000
neo,2018-02-08,104.06,117.0,104.06,112.43,546733000.0,6763560000.0
qtum,2018-02-08,21.95,27.38,21.95,26.48,276759000.0,1621640000.0
ripple,2018-02-08,0.729252,0.80697,0.722611,0.8052630000000001,947315000.0,28447500000
siacoin,2018-02-08,0.020040000000000002,0.022792,0.020040000000000002,0.022075,14746600.0,644922000.0
steem,2018-02-08,3.65,4.05,3.63,3.95,44784000.0,908483000
stellar,2018-02-08,0.34493,0.373893,0.34493,0.363565,121448000.0,6357810000
verge,2018-02-08,0.047908,0.055726,0.047908,0.052262,22484500.0,697936000
zcash,2018-02-08,355.69,437.83,355.69,435.91,113216000.0,1148880000
bitcoin,2018-02-09,8271.84,8736.98,7884.71,8736.98,6784820000.0,139412000000
bitcoin-cash,2018-02-09,1273.87,1342.41,1206.39,1312.11,1133760000.0,21601200000.0
bitcoin-gold,2018-02-09,103.91,168.04,99.87,166.09,110290000.0,1747090000.0
bitshares,2018-02-09,0.23671999999999999,0.26234,0.21835300000000002,0.26234,22926300.0,617447000
bytecoin-bcn,2018-02-09,0.004504,0.004971,0.004294,0.0049369999999999995,6140460.0,827421000
cardano,2018-02-09,0.352848,0.394133,0.342911,0.391602,401271000.0,9148310000.0
dash,2018-02-09,606.76,638.33,577.45,637.82,93581200.0,4776920000
dogecoin,2018-02-09,0.00456,0.005011,0.004313,0.005,11190100.0,515803000
ethereum,2018-02-09,818.48,884.0,788.83,883.87,2495820000.0,79799300000.0
ethereum-classic,2018-02-09,21.89,26.21,21.0,26.0,393049000.0,2182530000.0
iota,2018-02-09,1.78,1.97,1.7,1.96,45992000.0,4953720000
lisk,2018-02-09,23.08,27.28,22.07,27.25,84338000.0,2720310000.0
litecoin,2018-02-09,149.73,163.98,142.59,163.95,722205000.0,8254980000
monero,2018-02-09,247.82,260.84,233.44,260.43,77557200.0,3890810000
nano,2018-02-09,11.32,12.0,9.54,10.05,9677960.0,1508320000.0
nem,2018-02-09,0.544268,0.590486,0.517372,0.590486,60340000.0,4898410000
neo,2018-02-09,111.99,117.65,108.84,117.57,212450000.0,7279310000.0
qtum,2018-02-09,27.79,31.59,25.98,31.16,618154000.0,2052790000.0
ripple,2018-02-09,0.79714,0.954428,0.77154,0.954428,1690340000.0,31095800000
siacoin,2018-02-09,0.022088999999999998,0.025141999999999998,0.020584,0.024825999999999997,16923100.0,710883000.0
steem,2018-02-09,3.94,4.36,3.89,4.34,68772100.0,982198000
stellar,2018-02-09,0.360711,0.40232399999999996,0.34887199999999996,0.401068,144231000.0,6648690000
verge,2018-02-09,0.052246,0.058311,0.049136,0.058098000000000004,14679200.0,761343000
zcash,2018-02-09,437.1,476.12,401.43,475.72,109467000.0,1414970000
bitcoin,2018-02-10,8720.08,9122.55,8295.47,8621.9,7780960000.0,146981000000
bitcoin-cash,2018-02-10,1311.99,1394.81,1215.72,1257.31,734606000.0,22249700000.0
bitcoin-gold,2018-02-10,165.33,168.52,125.7,129.42,72058400.0,2779920000.0
bitshares,2018-02-10,0.260845,0.283525,0.23236199999999999,0.246743,29982000.0,680391000
bytecoin-bcn,2018-02-10,0.004947999999999999,0.0052899999999999996,0.0043950000000000005,0.004675,6272280.0,909051000
cardano,2018-02-10,0.386671,0.462766,0.385368,0.40587199999999996,951824000.0,10025200000.0
dash,2018-02-10,639.42,672.16,604.84,634.1,116397000.0,5035300000
dogecoin,2018-02-10,0.004982,0.005441,0.004744,0.004989,16717300.0,563597000
ethereum,2018-02-10,882.47,917.4,825.58,860.41,2930530000.0,86055600000.0
ethereum-classic,2018-02-10,25.95,26.65,23.08,24.52,256181000.0,2588640000.0
iota,2018-02-10,1.96,2.13,1.79,1.86,68051900.0,5437920000
lisk,2018-02-10,27.36,30.87,25.15,27.26,105683000.0,3225960000.0
litecoin,2018-02-10,163.49,169.33,149.14,155.59,576328000.0,9015890000
monero,2018-02-10,260.59,271.82,243.91,250.03,76435300.0,4092070000
nano,2018-02-10,10.36,10.67,8.57,9.44,72980000.0,1380630000.0
nem,2018-02-10,0.598384,0.6449199999999999,0.55753,0.590511,74166200.0,5385460000
neo,2018-02-10,117.21,122.84,104.98,110.63,355323000.0,7618880000.0
qtum,2018-02-10,30.83,34.59,29.09,30.27,421275000.0,2277460000.0
ripple,2018-02-10,0.9472510000000001,1.3,0.9472510000000001,1.07,4682010000.0,36951500000
siacoin,2018-02-10,0.024952000000000002,0.027817,0.022629,0.024183,33739700.0,807709000.0
steem,2018-02-10,4.3,5.08,4.08,4.49,123352000.0,1071030000
stellar,2018-02-10,0.39844,0.45392,0.38495300000000005,0.406856,227551000.0,7344120000
verge,2018-02-10,0.057698,0.064967,0.05324500000000001,0.05694,40634900.0,841023000
zcash,2018-02-10,475.1,511.75,460.09,483.42,124973000.0,1541400000
bitcoin,2018-02-11,8616.13,8616.13,7931.1,8129.97,6122190000.0,145245000000
bitcoin-cash,2018-02-11,1255.59,1306.2,1197.87,1217.64,651555000.0,21295600000.0
bitcoin-gold,2018-02-11,129.86,133.75,113.86,123.26,53976000.0,2183780000.0
bitshares,2018-02-11,0.247007,0.25246,0.22378499999999998,0.236442,19805800.0,644312000
bytecoin-bcn,2018-02-11,0.004666,0.004666,0.004226,0.00435,3846800.0,857198000
cardano,2018-02-11,0.405104,0.405196,0.363624,0.369769,331944000.0,10503200000.0
dash,2018-02-11,633.43,633.43,561.91,580.02,81111400.0,4989410000
dogecoin,2018-02-11,0.004968,0.005183,0.004606,0.004956,11309800.0,562156000
ethereum,2018-02-11,859.29,859.29,788.22,814.66,2486650000.0,83813000000.0
ethereum-classic,2018-02-11,24.53,26.0,21.42,24.13,378189000.0,2447400000.0
iota,2018-02-11,1.86,1.86,1.62,1.7,45356200.0,5165180000
lisk,2018-02-11,27.35,27.35,23.36,25.28,58193200.0,3225830000.0
litecoin,2018-02-11,155.39,155.73,142.61,148.99,495720000.0,8571530000
monero,2018-02-11,249.44,249.44,219.23,229.49,51680100.0,3917970000
nano,2018-02-11,9.49,9.57,8.08,8.31,25861000.0,1264390000.0
nem,2018-02-11,0.589823,0.589823,0.514947,0.52864,28515100.0,5308410000
neo,2018-02-11,110.45,113.19,96.78,103.4,257944000.0,7179000000.0
qtum,2018-02-11,30.21,30.21,26.26,27.48,258212000.0,2231910000.0
ripple,2018-02-11,1.07,1.08,0.929767,1.0,2555310000.0,41635500000
siacoin,2018-02-11,0.024059,0.024097999999999998,0.021088,0.022077,11496800.0,779255000.0
steem,2018-02-11,4.51,4.51,3.81,3.99,29617900.0,1123340000
stellar,2018-02-11,0.406615,0.406615,0.357825,0.37000500000000003,85791700.0,7494820000
verge,2018-02-11,0.056624,0.056624,0.04886,0.051087,15679700.0,825599000
zcash,2018-02-11,482.73,482.73,412.92,434.16,87156000.0,1569620000
bitcoin,2018-02-12,8141.43,8985.92,8141.43,8926.57,6256440000.0,137258000000
bitcoin-cash,2018-02-12,1222.43,1302.66,1222.43,1283.91,466213000.0,20735400000.0
bitcoin-gold,2018-02-12,123.46,138.2,112.07,115.49,32417600.0,2076470000.0
bitshares,2018-02-12,0.236452,0.25474,0.236231,0.24629099999999998,15172900.0,616799000
bytecoin-bcn,2018-02-12,0.004381,0.004882,0.00435,0.004797,2267450.0,804924000
cardano,2018-02-12,0.372595,0.393307,0.372595,0.384315,243039000.0,9660290000.0
dash,2018-02-12,582.83,626.77,582.83,620.56,76646200.0,4591910000
dogecoin,2018-02-12,0.004964,0.005508,0.004964,0.005472,11124300.0,561776000
ethereum,2018-02-12,817.51,875.94,817.51,868.71,2243450000.0,79754400000.0
ethereum-classic,2018-02-12,24.31,30.33,24.31,29.88,541766000.0,2425800000.0
iota,2018-02-12,1.71,1.91,1.71,1.87,36974300.0,4763780000
lisk,2018-02-12,25.52,28.83,25.51,28.12,58563000.0,3010810000.0
litecoin,2018-02-12,150.1,163.35,150.1,161.57,535710000.0,8282050000
monero,2018-02-12,229.87,251.41,229.87,247.57,45760100.0,3611420000
nano,2018-02-12,8.42,10.15,8.41,9.75,34023300.0,1122140000.0
nem,2018-02-12,0.532219,0.561441,0.530871,0.557894,22479700.0,4789980000
neo,2018-02-12,104.18,115.85,104.18,113.25,272089000.0,6771600000.0
qtum,2018-02-12,27.58,30.81,27.58,30.13,212954000.0,2037250000.0
ripple,2018-02-12,1.01,1.11,1.01,1.08,1756290000.0,39262700000
siacoin,2018-02-12,0.022322,0.024625,0.022322,0.023786,11534600.0,723590000.0
steem,2018-02-12,4.0,4.27,4.0,4.27,20931400.0,998022000
stellar,2018-02-12,0.374181,0.40181999999999995,0.374181,0.395649,61140000.0,6897000000
verge,2018-02-12,0.051609,0.057312,0.05160700000000001,0.056021,13958900.0,752690000
zcash,2018-02-12,436.66,472.46,436.66,462.24,73819900.0,1422980000
bitcoin,2018-02-13,8926.72,8958.47,8455.41,8598.31,5696720000.0,150516000000
bitcoin-cash,2018-02-13,1285.23,1289.42,1205.73,1231.98,442663000.0,21803000000.0
bitcoin-gold,2018-02-13,115.41,124.99,108.34,121.81,84443100.0,1941270000.0
bitshares,2018-02-13,0.24623699999999998,0.24704099999999998,0.230715,0.238774,14481500.0,642342000
bytecoin-bcn,2018-02-13,0.004828,0.00485,0.004411,0.004572,2017130.0,886968000
cardano,2018-02-13,0.383436,0.387018,0.35991999999999996,0.373314,225695000.0,9941370000.0
dash,2018-02-13,622.12,625.75,583.4,595.47,73287300.0,4902660000
dogecoin,2018-02-13,0.005475,0.005678,0.0052710000000000005,0.005638000000000001,14149700.0,619593000
ethereum,2018-02-13,869.29,870.71,828.84,845.26,2081170000.0,84824200000.0
ethereum-classic,2018-02-13,29.88,34.73,28.32,33.96,1135950000.0,2982730000.0
iota,2018-02-13,1.87,1.87,1.75,1.81,30056900.0,5211600000
lisk,2018-02-13,28.08,28.32,25.57,26.0,70524500.0,3313850000.0
litecoin,2018-02-13,161.78,162.37,153.51,159.55,483468000.0,8928360000
monero,2018-02-13,247.99,248.88,230.03,234.69,46476400.0,3897150000
nano,2018-02-13,9.78,9.88,8.82,8.91,21244500.0,1302880000.0
nem,2018-02-13,0.5601970000000001,0.5677449999999999,0.52682,0.5331859999999999,36379100.0,5041770000
neo,2018-02-13,113.64,114.93,108.64,111.17,176966000.0,7386420000.0
qtum,2018-02-13,30.21,30.46,28.55,30.11,242714000.0,2231570000.0
ripple,2018-02-13,1.08,1.08,1.01,1.03,921100000.0,42119800000
siacoin,2018-02-13,0.023908000000000002,0.024395,0.022477,0.023198,9319080.0,775497000.0
steem,2018-02-13,4.45,4.45,4.03,4.25,29812600.0,1107950000
stellar,2018-02-13,0.396419,0.435547,0.374388,0.41061400000000003,196175000.0,7306910000
verge,2018-02-13,0.055965999999999995,0.056378,0.051595,0.053203,10987200.0,816477000
zcash,2018-02-13,462.04,463.24,432.72,447.13,69848500.0,1509010000
bitcoin,2018-02-14,8599.92,9518.54,8599.92,9494.63,7909820000.0,145023000000
bitcoin-cash,2018-02-14,1229.18,1384.06,1229.18,1362.27,629852000.0,20854300000.0
bitcoin-gold,2018-02-14,121.63,129.65,120.76,128.91,84193700.0,2046050000.0
bitshares,2018-02-14,0.238037,0.276495,0.238037,0.275119,25371400.0,620967000
bytecoin-bcn,2018-02-14,0.004562,0.005461,0.004557,0.005437,6676900.0,838247000
cardano,2018-02-14,0.373766,0.401321,0.370393,0.396908,299009000.0,9690670000.0
dash,2018-02-14,593.59,685.12,593.59,678.98,138992000.0,4679080000
dogecoin,2018-02-14,0.00563,0.006786,0.00563,0.00673,40527400.0,637324000
ethereum,2018-02-14,844.28,926.43,844.28,923.56,2818370000.0,82400600000.0
ethereum-classic,2018-02-14,34.32,36.44,33.4,35.04,1055340000.0,3426860000.0
iota,2018-02-14,1.82,2.03,1.79,2.03,53007600.0,5052450000
lisk,2018-02-14,25.96,28.66,25.96,28.28,68051000.0,3064760000.0
litecoin,2018-02-14,159.58,218.23,159.58,213.36,2383340000.0,8809590000
monero,2018-02-14,234.34,276.66,234.34,276.66,116137000.0,3683460000
nano,2018-02-14,8.91,9.67,8.56,9.04,34637300.0,1186850000.0
nem,2018-02-14,0.53192,0.570553,0.528626,0.570005,73477500.0,4787280000
neo,2018-02-14,110.86,123.03,110.86,122.52,228693000.0,7206140000.0
qtum,2018-02-14,30.04,32.62,29.99,32.55,334300000.0,2219240000.0
ripple,2018-02-14,1.03,1.17,1.02,1.14,1457600000.0,40026500000
siacoin,2018-02-14,0.023059,0.026019,0.022183,0.025981,13644100.0,748472000.0
steem,2018-02-14,4.21,4.46,4.15,4.46,25653800.0,1049020000
stellar,2018-02-14,0.409872,0.457474,0.402079,0.453888,192629000.0,7554980000
verge,2018-02-14,0.052964,0.059002,0.052867,0.058619000000000004,18815500.0,772900000
zcash,2018-02-14,445.52,485.37,445.52,483.79,95177000.0,1458170000
bitcoin,2018-02-15,9488.32,10234.8,9395.58,10166.4,9062540000.0,160025000000
bitcoin-cash,2018-02-15,1358.65,1400.71,1330.18,1375.81,502454000.0,23053300000.0
bitcoin-gold,2018-02-15,128.19,133.02,126.15,132.59,52837400.0,2156780000.0
bitshares,2018-02-15,0.275097,0.277118,0.25909499999999996,0.271683,19625000.0,717668000
bytecoin-bcn,2018-02-15,0.005456,0.005952000000000001,0.005323,0.005871,6699430.0,1002510000
cardano,2018-02-15,0.394671,0.416687,0.389937,0.409368,348342000.0,10232700000.0
dash,2018-02-15,679.79,705.67,667.21,703.86,116822000.0,5359910000
dogecoin,2018-02-15,0.006717,0.007948,0.006714,0.007347,43275000.0,760418000
ethereum,2018-02-15,923.73,951.95,911.11,936.98,2900100000.0,90173300000.0
ethereum-classic,2018-02-15,34.83,35.65,32.83,34.53,635228000.0,3477970000.0
iota,2018-02-15,2.03,2.17,2.0,2.13,65315300.0,5635360000
lisk,2018-02-15,28.3,31.97,28.15,31.37,95799000.0,3340920000.0
litecoin,2018-02-15,212.35,237.88,211.17,225.43,2087290000.0,11725700000
monero,2018-02-15,276.08,304.78,269.32,303.25,85772700.0,4340620000
nano,2018-02-15,9.02,9.43,8.07,9.4,57244300.0,1202200000.0
nem,2018-02-15,0.569045,0.588881,0.544115,0.561359,67295600.0,5121400000
neo,2018-02-15,122.0,125.76,118.79,123.29,218616000.0,7930300000.0
qtum,2018-02-15,32.42,33.53,31.91,33.06,222910000.0,2394940000.0
ripple,2018-02-15,1.14,1.16,1.11,1.15,1188530000.0,44433600000
siacoin,2018-02-15,0.026052999999999996,0.027668,0.025266,0.026837,13515800.0,846227000.0
steem,2018-02-15,4.55,4.61,4.33,4.6,32348200.0,1134020000
stellar,2018-02-15,0.45204799999999995,0.46362299999999995,0.44426000000000004,0.453556,106142000.0,8334660000
verge,2018-02-15,0.058570000000000004,0.060103,0.05596,0.059384000000000006,19776800.0,865811000
zcash,2018-02-15,483.83,489.54,465.38,486.75,91880100.0,1587070000
bitcoin,2018-02-16,10135.7,10324.1,9824.82,10233.9,7296160000.0,170960000000
bitcoin-cash,2018-02-16,1373.16,1558.66,1369.68,1552.2,961010000.0,23302000000.0
bitcoin-gold,2018-02-16,132.26,144.19,131.59,141.77,83658700.0,2225460000.0
bitshares,2018-02-16,0.271496,0.27879299999999996,0.252434,0.275096,18504800.0,708265000
bytecoin-bcn,2018-02-16,0.005836,0.005856,0.005338,0.0056359999999999995,5979350.0,1072160000
cardano,2018-02-16,0.410142,0.412404,0.392676,0.40381,192420000.0,10633800000.0
dash,2018-02-16,702.53,722.02,684.28,698.86,100343000.0,5540570000
dogecoin,2018-02-16,0.007295,0.0074849999999999995,0.006529000000000001,0.007034,26553900.0,825924000
ethereum,2018-02-16,934.79,950.0,917.85,944.21,2369450000.0,91272100000.0
ethereum-classic,2018-02-16,34.43,35.34,32.9,35.03,456754000.0,3439180000.0
iota,2018-02-16,2.12,2.18,2.0,2.1,44770200.0,5894520000
lisk,2018-02-16,32.0,32.42,30.98,32.01,72607000.0,3779450000.0
litecoin,2018-02-16,225.5,236.09,212.33,230.12,1300090000.0,12455300000
monero,2018-02-16,301.01,302.1,280.22,296.48,64320200.0,4733640000
nano,2018-02-16,9.36,10.02,8.59,9.64,48616300.0,1247070000.0
nem,2018-02-16,0.560086,0.598202,0.548458,0.568887,90028500.0,5040780000
neo,2018-02-16,123.02,130.62,119.94,128.85,194878000.0,7996380000.0
qtum,2018-02-16,33.03,33.95,31.99,33.02,166522000.0,2440380000.0
ripple,2018-02-16,1.14,1.15,1.11,1.14,568339000.0,44663300000
siacoin,2018-02-16,0.026725,0.027119,0.025214,0.026682,9178350.0,868666000.0
steem,2018-02-16,4.57,4.59,4.38,4.58,16317000.0,1140190000
stellar,2018-02-16,0.45179600000000003,0.45832700000000004,0.44177700000000003,0.455446,53289200.0,8330000000
verge,2018-02-16,0.059213,0.071386,0.058913,0.06906,48604700.0,875593000
zcash,2018-02-16,484.19,495.66,465.98,481.52,81125600.0,1591700000
bitcoin,2018-02-17,10207.5,11139.5,10149.4,11112.7,8660880000.0,172191000000
bitcoin-cash,2018-02-17,1548.48,1568.64,1517.14,1551.39,641719000.0,26280100000.0
bitcoin-gold,2018-02-17,141.13,145.46,138.44,143.16,53976000.0,2374740000.0
bitshares,2018-02-17,0.275118,0.287607,0.270073,0.281891,20419900.0,717733000
bytecoin-bcn,2018-02-17,0.0056240000000000005,0.0060409999999999995,0.005575,0.005972,4659480.0,1033270000
cardano,2018-02-17,0.402403,0.42807399999999995,0.40105599999999997,0.419883,341415000.0,10433100000.0
dash,2018-02-17,699.13,748.89,693.64,742.16,116106000.0,5515090000
dogecoin,2018-02-17,0.007064,0.0073219999999999995,0.006853,0.007049,18333100.0,799810000
ethereum,2018-02-17,944.75,976.6,940.75,974.12,2525720000.0,92264000000.0
ethereum-classic,2018-02-17,34.97,35.4,34.38,34.99,418534000.0,3493650000.0
iota,2018-02-17,2.1,2.21,2.08,2.2,42149700.0,5842140000
lisk,2018-02-17,32.05,35.87,31.53,33.22,160432000.0,3786520000.0
litecoin,2018-02-17,229.5,233.45,225.6,229.47,863401000.0,12679700000
monero,2018-02-17,296.0,334.71,293.13,325.67,134269000.0,4655820000
nano,2018-02-17,9.62,10.03,9.38,9.45,29657400.0,1282460000.0
nem,2018-02-17,0.565686,0.602952,0.560204,0.59888,147788000.0,5091170000
neo,2018-02-17,131.03,139.8,129.42,136.75,286385000.0,8516620000.0
qtum,2018-02-17,33.17,33.69,32.67,33.56,178525000.0,2450940000.0
ripple,2018-02-17,1.14,1.22,1.13,1.2,1186730000.0,44370200000
siacoin,2018-02-17,0.026628,0.031298,0.026295,0.030927,59039600.0,866129000.0
steem,2018-02-17,4.54,4.69,4.43,4.68,22745700.0,1131160000
stellar,2018-02-17,0.455103,0.48324399999999995,0.451585,0.479075,104733000.0,8390980000
verge,2018-02-17,0.068229,0.091904,0.066564,0.089996,349131000.0,1009220000
zcash,2018-02-17,480.43,495.78,475.58,490.84,89428000.0,1582800000
bitcoin,2018-02-18,11123.4,11349.8,10326.0,10551.8,8744010000.0,187663000000
bitcoin-cash,2018-02-18,1552.1,1641.4,1428.49,1487.46,907873000.0,26344200000.0
bitcoin-gold,2018-02-18,143.5,147.56,128.05,131.27,65481300.0,2415210000.0
bitshares,2018-02-18,0.282589,0.283844,0.252373,0.257463,17434100.0,737242000
bytecoin-bcn,2018-02-18,0.005988,0.006157999999999999,0.005339,0.005527000000000001,1074360.0,1100240000
cardano,2018-02-18,0.41835500000000003,0.42001000000000005,0.380787,0.38561799999999996,251314000.0,10846700000.0
dash,2018-02-18,744.09,747.42,673.57,689.28,96752600.0,5871020000
dogecoin,2018-02-18,0.007114,0.007144,0.00633,0.006423999999999999,15291500.0,805583000
ethereum,2018-02-18,973.35,982.93,915.45,923.92,2567290000.0,95077100000.0
ethereum-classic,2018-02-18,35.01,35.08,31.52,34.88,456829000.0,3498390000.0
iota,2018-02-18,2.2,2.21,1.98,1.98,43653800.0,6121620000
lisk,2018-02-18,33.22,33.22,28.45,29.69,120072000.0,3925290000.0
litecoin,2018-02-18,230.51,232.64,214.46,215.74,1011120000.0,12738800000
monero,2018-02-18,325.96,327.77,294.42,300.12,68135100.0,5128420000
nano,2018-02-18,9.45,9.73,8.61,8.64,23568500.0,1259080000.0
nem,2018-02-18,0.595298,0.595298,0.5275989999999999,0.530407,95781300.0,5357680000
neo,2018-02-18,136.4,137.95,124.32,127.38,207624000.0,8866100000.0
qtum,2018-02-18,33.47,33.68,29.97,31.24,181070000.0,2473010000.0
ripple,2018-02-18,1.2,1.21,1.09,1.12,1113650000.0,46997500000
siacoin,2018-02-18,0.03053,0.03185,0.027112999999999998,0.028062,36405400.0,993723000.0
steem,2018-02-18,4.66,4.66,4.14,4.29,17560500.0,1163140000
stellar,2018-02-18,0.47985500000000003,0.48616499999999996,0.441988,0.450399,74452000.0,8847360000
verge,2018-02-18,0.089199,0.089199,0.074366,0.07566,111774000.0,1303040000
zcash,2018-02-18,491.61,492.31,447.43,451.02,75407700.0,1623190000
bitcoin,2018-02-19,10552.6,11273.8,10513.2,11225.3,7652090000.0,178055000000
bitcoin-cash,2018-02-19,1483.34,1553.81,1483.34,1534.77,578906000.0,25179700000.0
bitcoin-gold,2018-02-19,131.54,141.65,131.21,141.41,43253800.0,2214220000.0
bitshares,2018-02-19,0.256535,0.27569,0.255371,0.267527,12585100.0,669289000
bytecoin-bcn,2018-02-19,0.005469,0.00599,0.005447,0.005926,2480580.0,1004780000
cardano,2018-02-19,0.38693,0.396608,0.38622399999999996,0.391472,169966000.0,10032000000.0
dash,2018-02-19,687.7,731.11,687.22,728.73,89328600.0,5427640000
dogecoin,2018-02-19,0.006409999999999999,0.006938,0.006340999999999999,0.006697,13019200.0,725931000
ethereum,2018-02-19,921.67,957.78,921.55,943.87,2169020000.0,90047700000.0
ethereum-classic,2018-02-19,34.69,40.26,33.93,39.29,992256000.0,3467860000.0
iota,2018-02-19,1.99,2.14,1.99,2.09,32581400.0,5521610000
lisk,2018-02-19,29.69,30.86,29.3,30.37,118805000.0,3510240000.0
litecoin,2018-02-19,215.41,226.97,215.38,223.06,767597000.0,11907900000
monero,2018-02-19,299.7,319.73,297.65,316.49,67482400.0,4716460000
nano,2018-02-19,8.62,9.11,8.49,8.59,31236200.0,1148330000.0
nem,2018-02-19,0.528994,0.5377270000000001,0.518834,0.529261,91007400.0,4760950000
neo,2018-02-19,127.23,138.52,126.7,137.47,201551000.0,8270290000.0
qtum,2018-02-19,31.41,32.93,31.19,32.66,197224000.0,2321060000.0
ripple,2018-02-19,1.12,1.17,1.12,1.14,556304000.0,43813300000
siacoin,2018-02-19,0.02792,0.029505,0.027644,0.028743,15312700.0,909395000.0
steem,2018-02-19,4.23,4.57,4.18,4.55,23922700.0,1055850000
stellar,2018-02-19,0.450437,0.46175299999999997,0.448995,0.45293199999999995,57015400.0,8318460000
verge,2018-02-19,0.075448,0.08590199999999999,0.075448,0.08226900000000001,86298800.0,1102440000
zcash,2018-02-19,449.52,486.84,447.04,472.97,89904700.0,1487380000
bitcoin,2018-02-20,11231.8,11958.5,11231.8,11403.7,9926540000.0,189536000000
bitcoin-cash,2018-02-20,1543.27,1569.03,1414.35,1418.73,820947000.0,26199800000.0
bitcoin-gold,2018-02-20,141.19,142.89,132.8,133.12,52897600.0,2376920000.0
bitshares,2018-02-20,0.26805500000000004,0.270194,0.244952,0.246748,20455000.0,699363000
bytecoin-bcn,2018-02-20,0.005927,0.006202,0.005508,0.005524,6571130.0,1088940000
cardano,2018-02-20,0.390942,0.404329,0.377539,0.378779,281250000.0,10136000000.0
dash,2018-02-20,728.99,738.74,685.04,685.04,126208000.0,5754970000
dogecoin,2018-02-20,0.006679000000000001,0.008288,0.006399,0.007094,107911000.0,756518000
ethereum,2018-02-20,943.57,965.26,892.95,895.37,2545260000.0,92206500000.0
ethereum-classic,2018-02-20,39.41,43.96,38.23,38.47,1175890000.0,3940010000.0
iota,2018-02-20,2.09,2.12,1.88,1.91,49930400.0,5800510000
lisk,2018-02-20,30.08,32.41,25.86,26.19,246763000.0,3068380000.0
litecoin,2018-02-20,223.09,253.9,222.51,232.85,1739670000.0,12335100000
monero,2018-02-20,317.0,321.73,303.79,304.4,71114700.0,4989710000
nano,2018-02-20,8.61,8.7,6.94,7.0,43477200.0,1146850000.0
nem,2018-02-20,0.529133,0.529133,0.48109799999999997,0.484397,66039700.0,4762190000
neo,2018-02-20,137.95,142.01,127.86,128.36,239238000.0,8966490000.0
qtum,2018-02-20,32.72,33.41,31.02,31.11,203359000.0,2417680000.0
ripple,2018-02-20,1.14,1.17,1.08,1.09,806673000.0,44648100000
siacoin,2018-02-20,0.028783999999999997,0.029318,0.024567,0.024567,28558300.0,938177000.0
steem,2018-02-20,4.53,4.53,4.18,4.21,20141900.0,1130050000
stellar,2018-02-20,0.452845,0.45537299999999997,0.39931500000000003,0.402289,104842000.0,8362940000
verge,2018-02-20,0.082414,0.083053,0.068712,0.069615,58246300.0,1204580000
zcash,2018-02-20,474.24,482.53,436.72,438.57,92509400.0,1572610000
bitcoin,2018-02-21,11372.2,11418.5,10479.1,10690.4,9405340000.0,191927000000
bitcoin-cash,2018-02-21,1412.85,1423.94,1293.47,1308.46,575354000.0,23988100000.0
bitcoin-gold,2018-02-21,132.13,133.82,120.61,123.64,40865000.0,2224630000.0
bitshares,2018-02-21,0.24751599999999999,0.24751599999999999,0.21679299999999999,0.218266,19621600.0,645791000
bytecoin-bcn,2018-02-21,0.005527000000000001,0.005683,0.00496,0.00505,4952220.0,1015580000
cardano,2018-02-21,0.375593,0.383513,0.363394,0.36444099999999996,242378000.0,9738030000.0
dash,2018-02-21,688.38,721.25,667.52,670.38,132954000.0,5435710000
dogecoin,2018-02-21,0.007087,0.007391,0.0063490000000000005,0.006581,36813100.0,802828000
ethereum,2018-02-21,894.13,912.38,830.56,849.97,2531730000.0,87394200000.0
ethereum-classic,2018-02-21,38.07,40.26,34.98,36.63,904092000.0,3807360000.0
iota,2018-02-21,1.9,1.96,1.74,1.76,50765900.0,5270980000
lisk,2018-02-21,26.06,26.26,21.87,22.41,115332000.0,2658780000.0
litecoin,2018-02-21,230.95,235.41,208.93,213.35,1195820000.0,12773200000
monero,2018-02-21,302.39,339.69,287.72,322.61,169590000.0,4761040000
nano,2018-02-21,6.96,8.3,6.8,7.81,48948300.0,927731000.0
nem,2018-02-21,0.48214799999999997,0.510921,0.458362,0.46443900000000005,70518000.0,4339330000
neo,2018-02-21,127.67,130.21,118.08,120.96,207330000.0,8298400000.0
qtum,2018-02-21,30.88,30.92,27.85,28.56,176591000.0,2281560000.0
ripple,2018-02-21,1.08,1.1,0.9988809999999999,1.02,871526000.0,42207600000
siacoin,2018-02-21,0.024587,0.028806000000000002,0.023424,0.023967,49351800.0,801953000.0
steem,2018-02-21,4.14,4.14,3.78,3.89,11213400.0,1033440000
stellar,2018-02-21,0.39971799999999996,0.433562,0.379845,0.39676500000000003,132189000.0,7381920000
verge,2018-02-21,0.06994600000000001,0.075561,0.06287899999999999,0.06514199999999999,40620700.0,1022620000
zcash,2018-02-21,438.75,463.42,418.26,434.8,98094200.0,1458040000
bitcoin,2018-02-22,10660.4,11039.1,9939.09,10005.0,8040080000.0,179936000000
bitcoin-cash,2018-02-22,1304.66,1350.34,1194.05,1219.49,475079000.0,22153600000.0
bitcoin-gold,2018-02-22,123.28,128.36,113.13,119.73,42122500.0,2075830000.0
bitshares,2018-02-22,0.21809800000000001,0.252661,0.209641,0.22464099999999998,23681500.0,569052000
bytecoin-bcn,2018-02-22,0.005058,0.005265,0.004640999999999999,0.00471,5388700.0,929335000
cardano,2018-02-22,0.362651,0.372116,0.330518,0.337871,208342000.0,9402480000.0
dash,2018-02-22,669.85,687.65,599.44,632.96,102483000.0,5290720000
dogecoin,2018-02-22,0.006568000000000001,0.006869,0.006082,0.006259000000000001,20365500.0,744078000
ethereum,2018-02-22,849.26,875.93,802.67,812.85,2150370000.0,83025800000.0
ethereum-classic,2018-02-22,36.46,37.63,31.93,32.81,711134000.0,3646740000.0
iota,2018-02-22,1.75,1.86,1.58,1.62,53125800.0,4865110000
lisk,2018-02-22,22.36,24.33,20.51,21.48,85276200.0,2283080000.0
litecoin,2018-02-22,212.84,222.77,191.81,195.31,974379000.0,11774800000
monero,2018-02-22,320.63,327.28,279.8,282.76,103123000.0,5049380000
nano,2018-02-22,7.98,10.0,7.91,9.28,144422000.0,1062760000.0
nem,2018-02-22,0.463822,0.47563999999999995,0.41567200000000004,0.432245,26603200.0,4174390000
neo,2018-02-22,120.62,126.93,111.89,114.08,193746000.0,7840040000.0
qtum,2018-02-22,28.53,29.11,25.56,26.37,135016000.0,2108060000.0
ripple,2018-02-22,1.01,1.05,0.922458,0.941788,889707000.0,39487400000
siacoin,2018-02-22,0.024187,0.026225,0.021465,0.021909,15988100.0,789449000.0
steem,2018-02-22,3.79,3.88,3.37,3.51,7228190.0,946128000
stellar,2018-02-22,0.393891,0.408898,0.358483,0.36644699999999997,69561100.0,7274300000
verge,2018-02-22,0.064739,0.069385,0.057828,0.059128999999999994,28040700.0,946758000
zcash,2018-02-22,441.61,449.35,396.53,397.79,70323100.0,1470670000
bitcoin,2018-02-23,9937.07,10487.3,9734.56,10301.1,7739500000.0,167746000000
bitcoin-cash,2018-02-23,1217.36,1319.33,1161.42,1270.71,492542000.0,20673300000.0
bitcoin-gold,2018-02-23,118.7,126.05,118.52,124.31,46248700.0,1999050000.0
bitshares,2018-02-23,0.224579,0.235394,0.216613,0.227106,12785300.0,585979000
bytecoin-bcn,2018-02-23,0.0047090000000000005,0.005029,0.004601,0.00483,4088340.0,865234000
cardano,2018-02-23,0.334758,0.35124,0.322811,0.345258,222509000.0,8679300000.0
dash,2018-02-23,631.64,650.14,607.84,631.66,83578600.0,4990200000
dogecoin,2018-02-23,0.006253,0.0069489999999999994,0.006038,0.006648,19390500.0,708510000
ethereum,2018-02-23,811.59,886.32,794.79,864.19,2334820000.0,79358900000.0
ethereum-classic,2018-02-23,32.5,38.11,31.32,38.04,1132690000.0,3251620000.0
iota,2018-02-23,1.61,1.81,1.58,1.75,39323100.0,4480180000
lisk,2018-02-23,21.39,23.52,20.5,22.6,67264300.0,2184640000.0
litecoin,2018-02-23,194.19,216.13,184.07,209.31,1065680000.0,10746100000
monero,2018-02-23,280.41,299.44,269.35,285.71,89026300.0,4416890000
nano,2018-02-23,9.31,13.28,9.12,12.99,234659000.0,1240680000.0
nem,2018-02-23,0.42842399999999997,0.449053,0.41752799999999995,0.439576,24689500.0,3855810000
neo,2018-02-23,113.39,123.85,110.86,121.65,189394000.0,7370080000.0
qtum,2018-02-23,26.25,28.1,25.04,28.1,127678000.0,1940130000.0
ripple,2018-02-23,0.934176,1.03,0.898286,0.9988549999999999,896404000.0,36441500000
siacoin,2018-02-23,0.021751,0.023282,0.021006999999999998,0.022598,12192500.0,710439000.0
steem,2018-02-23,3.5,3.8,3.29,3.69,14502800.0,875309000
stellar,2018-02-23,0.364134,0.390408,0.352623,0.38198499999999996,56829000.0,6724760000
verge,2018-02-23,0.059073,0.065071,0.05615,0.061564999999999995,26140000.0,864133000
zcash,2018-02-23,396.84,424.32,382.68,416.32,65084700.0,1324440000
bitcoin,2018-02-24,10287.7,10597.2,9546.97,9813.07,6917930000.0,173682000000
bitcoin-cash,2018-02-24,1266.56,1309.38,1149.48,1193.27,413263000.0,21511100000.0
bitcoin-gold,2018-02-24,123.89,126.78,115.43,118.03,24640700.0,2086510000.0
bitshares,2018-02-24,0.226998,0.23313000000000003,0.213508,0.215549,11762500.0,592307000
bytecoin-bcn,2018-02-24,0.004823,0.004984000000000001,0.004375,0.004518,4139610.0,886249000
cardano,2018-02-24,0.343668,0.352488,0.316064,0.322966,133524000.0,8910300000.0
dash,2018-02-24,631.36,645.01,579.09,595.01,85813200.0,4989210000
dogecoin,2018-02-24,0.006666,0.0068980000000000005,0.006131,0.006324000000000001,15687300.0,755429000
ethereum,2018-02-24,861.59,879.53,818.55,840.51,1926580000.0,84266700000.0
ethereum-classic,2018-02-24,37.83,40.71,36.92,38.84,1324420000.0,3785310000.0
iota,2018-02-24,1.75,1.8,1.65,1.78,41594100.0,4867920000
lisk,2018-02-24,22.48,23.01,20.08,20.82,49191700.0,2297060000.0
litecoin,2018-02-24,210.64,220.31,197.88,209.42,937312000.0,11659200000
monero,2018-02-24,285.68,295.49,265.23,273.79,62206300.0,4500970000
nano,2018-02-24,13.14,17.08,11.8,14.22,396790000.0,1751010000.0
nem,2018-02-24,0.438945,0.447432,0.398284,0.406426,19614000.0,3950510000
neo,2018-02-24,121.42,126.89,114.41,118.57,157950000.0,7892470000.0
qtum,2018-02-24,28.11,28.88,25.75,26.6,109964000.0,2077340000.0
ripple,2018-02-24,0.997659,1.01,0.929456,0.9544020000000001,489920000.0,39003300000
siacoin,2018-02-24,0.022574,0.023369,0.02037,0.021028,9997190.0,737769000.0
steem,2018-02-24,3.73,3.74,3.38,3.49,6532180.0,932862000
stellar,2018-02-24,0.382687,0.386899,0.346156,0.355163,34738100.0,7067390000
verge,2018-02-24,0.061315999999999996,0.06666799999999999,0.055591999999999996,0.057184000000000006,15957400.0,897200000
zcash,2018-02-24,415.35,423.3,379.9,392.28,57684200.0,1389200000
bitcoin,2018-02-25,9796.42,9923.22,9407.06,9664.73,5706940000.0,165407000000
bitcoin-cash,2018-02-25,1191.35,1210.2,1143.07,1178.1,362665000.0,20235800000.0
bitcoin-gold,2018-02-25,117.83,120.42,111.6,114.9,19969000.0,1984790000.0
bitshares,2018-02-25,0.215973,0.218646,0.208655,0.21530100000000002,6867630.0,563546000
bytecoin-bcn,2018-02-25,0.004515,0.004594,0.004399,0.004523,2247380.0,829706000
cardano,2018-02-25,0.322152,0.354572,0.314411,0.344033,247808000.0,8352460000.0
dash,2018-02-25,594.43,602.26,578.82,591.69,71436300.0,4698530000
dogecoin,2018-02-25,0.006321,0.006411,0.005997,0.006142,11758800.0,716439000
ethereum,2018-02-25,839.46,853.15,822.38,844.81,1646960000.0,82119100000.0
ethereum-classic,2018-02-25,38.57,38.77,34.88,36.41,685424000.0,3861100000.0
iota,2018-02-25,1.77,1.98,1.75,1.82,103799000.0,4916700000
lisk,2018-02-25,20.81,20.9,19.38,20.01,38564100.0,2127040000.0
litecoin,2018-02-25,208.13,225.55,202.37,220.47,1028590000.0,11523500000
monero,2018-02-25,273.03,284.04,266.26,281.02,33676300.0,4302820000
nano,2018-02-25,13.99,14.44,10.78,12.21,156706000.0,1864400000.0
nem,2018-02-25,0.40504,0.406462,0.380739,0.398644,18213400.0,3645360000
neo,2018-02-25,118.29,120.0,114.56,118.46,114914000.0,7689080000.0
qtum,2018-02-25,26.51,26.58,25.02,25.94,74345300.0,1959450000.0
ripple,2018-02-25,0.9519770000000001,0.9675969999999999,0.9152790000000001,0.9434870000000001,360271000.0,37217300000
siacoin,2018-02-25,0.021126,0.021633000000000003,0.020124,0.021089,8595780.0,690907000.0
steem,2018-02-25,3.48,3.57,3.33,3.51,5088700.0,872530000
stellar,2018-02-25,0.354549,0.36694,0.336719,0.357302,42268800.0,6547760000
verge,2018-02-25,0.057264999999999996,0.06023,0.055531,0.058436,20605800.0,838163000
zcash,2018-02-25,391.6,396.78,382.17,391.25,50147900.0,1312580000
bitcoin,2018-02-26,9669.43,10475.0,9501.73,10366.7,7287690000.0,163283000000
bitcoin-cash,2018-02-26,1177.58,1274.86,1149.44,1250.56,460182000.0,20004000000.0
bitcoin-gold,2018-02-26,115.21,120.36,112.87,119.82,24567900.0,1940900000.0
bitshares,2018-02-26,0.214863,0.223617,0.20901599999999998,0.22124499999999997,6292130.0,560647000
bytecoin-bcn,2018-02-26,0.004526,0.005007,0.004403,0.004850999999999999,889552.0,831588000
cardano,2018-02-26,0.34527199999999997,0.346955,0.32221,0.338335,201813000.0,8951880000.0
dash,2018-02-26,591.43,629.42,581.29,621.27,73748300.0,4676020000
dogecoin,2018-02-26,0.006169,0.006499,0.005961999999999999,0.006339,12068600.0,699210000
ethereum,2018-02-26,845.28,880.39,842.32,869.32,2044480000.0,82705400000.0
ethereum-classic,2018-02-26,36.85,37.11,34.67,36.08,622099000.0,3689630000.0
iota,2018-02-26,1.82,1.9,1.77,1.87,43478500.0,5049480000
lisk,2018-02-26,19.95,21.25,19.35,20.65,43196600.0,2039330000.0
litecoin,2018-02-26,222.14,234.42,218.74,220.96,1297080000.0,12302000000
monero,2018-02-26,282.28,300.33,271.47,293.61,53939200.0,4449610000
nano,2018-02-26,12.39,14.59,11.32,13.92,147488000.0,1651070000.0
nem,2018-02-26,0.398861,0.40670100000000003,0.385481,0.402877,17511200.0,3589750000
neo,2018-02-26,118.91,137.1,117.91,134.17,292700000.0,7729170000.0
qtum,2018-02-26,25.99,29.94,25.01,28.81,263836000.0,1921130000.0
ripple,2018-02-26,0.9437040000000001,0.9709059999999999,0.9134030000000001,0.956859,458613000.0,36893900000
siacoin,2018-02-26,0.020995,0.022525,0.020838,0.022123,9791580.0,687075000.0
steem,2018-02-26,3.47,3.62,3.34,3.62,5721390.0,870424000
stellar,2018-02-26,0.358687,0.371765,0.346502,0.364579,42535600.0,6624170000
verge,2018-02-26,0.058428999999999995,0.062961,0.056355999999999996,0.060978,16848800.0,855437000
zcash,2018-02-26,391.65,414.7,384.44,404.24,56278600.0,1315560000
bitcoin,2018-02-27,10393.9,10878.5,10246.1,10725.6,6966180000.0,175536000000
bitcoin-cash,2018-02-27,1255.45,1297.69,1231.99,1246.66,420912000.0,21329300000.0
bitcoin-gold,2018-02-27,119.85,124.55,118.57,121.31,36913200.0,2019350000.0
bitshares,2018-02-27,0.22064499999999998,0.22635500000000003,0.21708000000000002,0.22029,10929600.0,575735000
bytecoin-bcn,2018-02-27,0.004866,0.005148,0.004744,0.005053,2951000.0,894054000
cardano,2018-02-27,0.339132,0.34118899999999996,0.330971,0.335536,106757000.0,8792710000.0
dash,2018-02-27,622.41,644.3,608.42,615.85,93478200.0,4922170000
dogecoin,2018-02-27,0.006363000000000001,0.006573999999999999,0.00627,0.006291,12201900.0,721302000
ethereum,2018-02-27,870.37,896.26,867.1,878.26,2053980000.0,85177800000.0
ethereum-classic,2018-02-27,36.24,37.47,35.51,36.25,513290000.0,3628860000.0
iota,2018-02-27,1.88,2.08,1.82,1.97,63311700.0,5217570000
lisk,2018-02-27,20.69,20.73,19.64,20.12,40475100.0,2115900000.0
litecoin,2018-02-27,221.71,224.21,215.84,216.6,856454000.0,12281600000
monero,2018-02-27,295.06,309.1,288.24,302.54,64821400.0,4652030000
nano,2018-02-27,13.84,16.37,13.51,15.48,161309000.0,1844470000.0
nem,2018-02-27,0.403094,0.405143,0.393397,0.401762,12956100.0,3627850000
neo,2018-02-27,134.84,146.34,132.92,142.5,427505000.0,8764490000.0
qtum,2018-02-27,28.98,29.5,27.91,28.0,152214000.0,2142110000.0
ripple,2018-02-27,0.9593020000000001,0.9725799999999999,0.9449770000000001,0.947305,312713000.0,37503700000
siacoin,2018-02-27,0.02219,0.022433,0.02115,0.02204,8828730.0,726709000.0
steem,2018-02-27,3.61,3.61,3.44,3.51,6209110.0,905382000
stellar,2018-02-27,0.364632,0.37245,0.35483400000000004,0.362051,38136100.0,6733960000
verge,2018-02-27,0.061082000000000004,0.06218200000000001,0.058398,0.060123,17610400.0,894523000
zcash,2018-02-27,405.05,418.4,400.2,408.97,44954300.0,1363480000
bitcoin,2018-02-28,10687.2,11089.8,10393.1,10397.9,6936190000.0,180510000000
bitcoin-cash,2018-02-28,1243.26,1275.66,1204.16,1204.16,375301000.0,21124100000.0
bitcoin-gold,2018-02-28,120.36,121.95,113.0,113.18,21112300.0,2028150000.0
bitshares,2018-02-28,0.220248,0.234316,0.213312,0.221125,15923400.0,574755000
bytecoin-bcn,2018-02-28,0.005055,0.005226,0.004482,0.004482,4663650.0,928829000
cardano,2018-02-28,0.334486,0.336163,0.31256300000000004,0.312581,114757000.0,8672230000.0
dash,2018-02-28,615.0,621.4,584.29,584.29,99014400.0,4864750000
dogecoin,2018-02-28,0.00627,0.006451,0.006006,0.006018,13227600.0,710879000
ethereum,2018-02-28,877.93,890.11,855.12,855.2,1963980000.0,85936400000.0
ethereum-classic,2018-02-28,36.0,36.42,33.41,33.69,501651000.0,3606200000.0
iota,2018-02-28,1.97,2.02,1.85,1.86,39190300.0,5478340000
lisk,2018-02-28,20.09,20.23,18.34,18.34,38836200.0,2055330000.0
litecoin,2018-02-28,217.28,223.51,202.71,202.9,761322000.0,12039200000
monero,2018-02-28,301.54,305.75,285.58,285.7,47981800.0,4755310000
nano,2018-02-28,15.35,15.42,13.56,14.29,109393000.0,2044930000.0
nem,2018-02-28,0.400721,0.425237,0.399354,0.401794,27179700.0,3606490000
neo,2018-02-28,142.38,144.62,132.06,133.24,315822000.0,9254660000.0
qtum,2018-02-28,27.94,28.4,26.19,26.22,98749300.0,2065060000.0
ripple,2018-02-28,0.9446969999999999,0.95555,0.9037870000000001,0.904583,329530000.0,36932700000
siacoin,2018-02-28,0.021922999999999998,0.022203999999999998,0.019267,0.019284,8767140.0,718485000.0
steem,2018-02-28,3.49,3.52,3.27,3.28,4713170.0,875765000
stellar,2018-02-28,0.36041,0.364738,0.333916,0.333916,38961000.0,6656080000
verge,2018-02-28,0.06010700000000001,0.062274,0.053547000000000004,0.053547000000000004,18267000.0,880480000
zcash,2018-02-28,408.52,416.71,382.03,382.03,53379100.0,1378080000
bitcoin,2018-03-01,10385.0,11052.3,10352.7,10951.0,7317280000.0,175427000000
bitcoin-cash,2018-03-01,1204.84,1303.45,1195.03,1291.92,482240000.0,20473600000.0
bitcoin-gold,2018-03-01,113.07,118.99,111.58,113.58,26936600.0,1905440000.0
bitshares,2018-03-01,0.220915,0.24584,0.220598,0.239448,20483300.0,576511000
bytecoin-bcn,2018-03-01,0.004490999999999999,0.004841,0.004357,0.004647,6813990.0,825331000
cardano,2018-03-01,0.311973,0.311973,0.288392,0.304397,184691000.0,8088540000.0
dash,2018-03-01,584.14,622.67,582.31,617.53,104167000.0,4621820000
dogecoin,2018-03-01,0.0060420000000000005,0.00632,0.005945000000000001,0.006215,15518400.0,685115000
ethereum,2018-03-01,856.01,880.3,851.92,872.2,1868520000.0,83808200000.0
ethereum-classic,2018-03-01,33.64,34.8,32.11,33.76,514648000.0,3370090000.0
iota,2018-03-01,1.85,2.01,1.84,1.97,41523600.0,5152710000
lisk,2018-03-01,18.34,21.43,17.76,20.12,68475900.0,1877400000.0
litecoin,2018-03-01,203.12,214.7,201.54,209.75,678542000.0,11257600000
monero,2018-03-01,286.03,315.67,284.23,314.04,62044300.0,4511850000
nano,2018-03-01,14.41,17.38,14.4,17.09,163130000.0,1920730000.0
nem,2018-03-01,0.399489,0.416245,0.392158,0.416245,19529000.0,3595400000
neo,2018-03-01,133.65,136.15,126.57,129.05,282388000.0,8687140000.0
qtum,2018-03-01,26.31,26.97,25.93,26.82,95387700.0,1944900000.0
ripple,2018-03-01,0.9041309999999999,0.9537959999999999,0.8906299999999999,0.9283469999999999,475257000.0,35346800000
siacoin,2018-03-01,0.019203,0.023155000000000002,0.019084,0.02169,27037500.0,629803000.0
steem,2018-03-01,3.28,3.47,3.15,3.43,6248000.0,821323000
stellar,2018-03-01,0.33411799999999997,0.347566,0.321558,0.339314,46631800.0,6170520000
verge,2018-03-01,0.053702,0.065946,0.052975,0.058374,72097200.0,786877000
zcash,2018-03-01,382.62,402.42,381.24,400.28,44341900.0,1293470000
bitcoin,2018-03-02,10977.4,11189.0,10850.1,11086.4,7620590000.0,185456000000
bitcoin-cash,2018-03-02,1284.95,1303.66,1255.37,1275.18,421498000.0,21837400000.0
bitcoin-gold,2018-03-02,113.57,115.1,110.33,111.68,30317000.0,1914130000.0
bitshares,2018-03-02,0.23880500000000002,0.240513,0.22728600000000002,0.229927,10685700.0,623214000
bytecoin-bcn,2018-03-02,0.004645000000000001,0.004675,0.004309,0.004335,4941490.0,853488000
cardano,2018-03-02,0.304424,0.307058,0.288875,0.293504,107240000.0,7892830000.0
dash,2018-03-02,616.47,620.54,597.55,603.63,102460000.0,4878820000
dogecoin,2018-03-02,0.006174,0.006232,0.005447,0.005482,22498100.0,700188000
ethereum,2018-03-02,871.76,876.38,852.42,856.85,1894420000.0,85368100000.0
ethereum-classic,2018-03-02,33.75,34.02,30.43,30.77,556804000.0,3382540000.0
iota,2018-03-02,1.98,2.01,1.86,1.92,27602600.0,5507790000
lisk,2018-03-02,20.08,20.33,18.87,19.21,34726800.0,2056140000.0
litecoin,2018-03-02,209.56,213.13,204.88,212.56,627142000.0,11617300000
monero,2018-03-02,313.52,351.39,310.82,344.73,170634000.0,4946550000
nano,2018-03-02,17.16,17.3,15.89,16.2,88114800.0,2286130000.0
nem,2018-03-02,0.41831899999999994,0.42379399999999995,0.393694,0.39515900000000004,17893800.0,3764870000
neo,2018-03-02,129.95,130.3,122.59,124.24,148930000.0,8446710000.0
qtum,2018-03-02,26.84,27.07,25.5,26.08,76210100.0,1983610000.0
ripple,2018-03-02,0.926638,0.9339120000000001,0.902286,0.9101440000000001,271036000.0,36226700000
siacoin,2018-03-02,0.021588,0.022262999999999998,0.020528,0.020912,13311300.0,708481000.0
steem,2018-03-02,3.44,3.44,3.23,3.35,6777470.0,862774000
stellar,2018-03-02,0.33869099999999996,0.340805,0.31885,0.32010700000000003,38378100.0,6254990000
verge,2018-03-02,0.05889,0.064675,0.058359,0.05996,52483700.0,863144000
zcash,2018-03-02,399.43,402.19,375.42,387.84,54698000.0,1353130000
bitcoin,2018-03-03,11101.9,11528.2,11002.4,11489.7,6690570000.0,187581000000
bitcoin-cash,2018-03-03,1274.67,1302.8,1257.76,1270.38,371664000.0,21664900000.0
bitcoin-gold,2018-03-03,111.61,113.93,110.34,111.75,19943900.0,1881290000.0
bitshares,2018-03-03,0.22986700000000002,0.234551,0.20774099999999998,0.216669,17722500.0,599882000
bytecoin-bcn,2018-03-03,0.004312,0.004519,0.004186,0.004257,4456850.0,792335000
cardano,2018-03-03,0.292952,0.309129,0.292507,0.297106,115320000.0,7595380000.0
dash,2018-03-03,602.16,615.06,595.72,610.52,111384000.0,4766800000
dogecoin,2018-03-03,0.005494,0.005756,0.005181,0.005301,21545000.0,623085000
ethereum,2018-03-03,856.71,868.45,855.21,857.23,1699370000.0,83911700000.0
ethereum-classic,2018-03-03,30.79,32.0,28.62,29.19,699657000.0,3086730000.0
iota,2018-03-03,1.91,1.96,1.85,1.86,25861200.0,5305170000
lisk,2018-03-03,19.31,19.53,18.55,18.87,28552100.0,1977910000.0
litecoin,2018-03-03,213.84,217.76,209.54,210.64,681866000.0,11858000000
monero,2018-03-03,346.02,374.72,344.2,352.95,196022000.0,5460590000
nano,2018-03-03,16.16,16.2,14.58,14.92,85812700.0,2153600000.0
nem,2018-03-03,0.394581,0.405506,0.37432,0.377967,35009700.0,3551230000
neo,2018-03-03,124.26,128.06,121.54,122.14,132602000.0,8076610000.0
qtum,2018-03-03,26.1,26.63,25.69,25.79,76812600.0,1929580000.0
ripple,2018-03-03,0.9087860000000001,0.9265120000000001,0.9036040000000001,0.907804,280853000.0,35526200000
siacoin,2018-03-03,0.020736,0.021333,0.020030000000000003,0.020198,6888900.0,680965000.0
steem,2018-03-03,3.34,3.66,3.3,3.66,9083810.0,837008000
stellar,2018-03-03,0.319021,0.350168,0.313368,0.350168,52827100.0,5891720000
verge,2018-03-03,0.059608,0.059868,0.055483000000000005,0.055917999999999995,18436600.0,873904000
zcash,2018-03-03,387.02,406.22,382.61,387.67,61064800.0,1313900000
bitcoin,2018-03-04,11497.4,11512.6,11136.1,11512.6,6084150000.0,194289000000
bitcoin-cash,2018-03-04,1267.86,1289.72,1225.1,1289.08,367584000.0,21551400000.0
bitcoin-gold,2018-03-04,111.65,113.08,108.75,113.08,19616800.0,1882260000.0
bitshares,2018-03-04,0.216346,0.22772699999999998,0.209579,0.22772699999999998,8802090.0,564615000
bytecoin-bcn,2018-03-04,0.00425,0.004274,0.004,0.004265,4916610.0,780960000
cardano,2018-03-04,0.29628499999999997,0.303588,0.286193,0.30078699999999997,94436000.0,7681810000.0
dash,2018-03-04,610.0,621.47,594.71,620.49,118065000.0,4830050000
dogecoin,2018-03-04,0.005234,0.005502,0.005164,0.005502,12133500.0,593765000
ethereum,2018-03-04,856.19,867.95,840.28,866.68,1697940000.0,83877800000.0
ethereum-classic,2018-03-04,29.16,31.35,28.78,29.69,647562000.0,2923270000.0
iota,2018-03-04,1.86,1.91,1.81,1.89,28452300.0,5179190000
lisk,2018-03-04,18.9,18.95,18.2,18.92,23813000.0,1936630000.0
litecoin,2018-03-04,210.24,214.12,205.36,213.8,574675000.0,11661400000
monero,2018-03-04,351.75,369.07,338.75,368.97,123113000.0,5552320000
nano,2018-03-04,14.98,15.72,14.35,14.91,59556700.0,1996730000.0
nem,2018-03-04,0.377368,0.377368,0.351159,0.356651,49838900.0,3396310000
neo,2018-03-04,121.83,125.13,115.99,119.36,177840000.0,7919120000.0
qtum,2018-03-04,25.86,26.52,25.01,26.43,75106700.0,1911850000.0
ripple,2018-03-04,0.906008,1.03,0.895618,1.01,797226000.0,35417600000
siacoin,2018-03-04,0.020173,0.020245,0.019025,0.020017,5738800.0,662971000.0
steem,2018-03-04,3.67,3.67,3.42,3.55,7073280.0,920252000
stellar,2018-03-04,0.354031,0.363792,0.342398,0.36193000000000003,99892700.0,6538290000
verge,2018-03-04,0.055704,0.057338,0.05396,0.05653300000000001,13547200.0,816890000
zcash,2018-03-04,386.92,409.29,384.1,409.29,63635000.0,1316320000
bitcoin,2018-03-05,11532.4,11704.1,11443.9,11573.3,6468540000.0,194903000000
bitcoin-cash,2018-03-05,1287.1,1291.88,1268.03,1268.03,350078000.0,21880600000.0
bitcoin-gold,2018-03-05,113.06,113.19,109.57,111.03,22328900.0,1906270000.0
bitshares,2018-03-05,0.22778600000000002,0.230372,0.214232,0.214232,9874860.0,594495000
bytecoin-bcn,2018-03-05,0.004275999999999999,0.004539,0.0039770000000000005,0.004535,4781850.0,785788000
cardano,2018-03-05,0.29989699999999997,0.317723,0.291055,0.297622,202675000.0,7775450000.0
dash,2018-03-05,620.88,621.26,608.79,614.58,121584000.0,4921520000
dogecoin,2018-03-05,0.005462,0.005535,0.005157,0.0052179999999999995,13627700.0,619624000
ethereum,2018-03-05,866.85,869.92,853.52,853.68,1898490000.0,84939700000.0
ethereum-classic,2018-03-05,29.65,30.25,26.51,26.84,637222000.0,2973110000.0
iota,2018-03-05,1.9,1.9,1.86,1.88,24413600.0,5272230000
lisk,2018-03-05,19.0,19.04,18.41,18.46,29052100.0,1946670000.0
litecoin,2018-03-05,213.74,215.98,209.25,211.18,594829000.0,11858800000
monero,2018-03-05,369.06,379.68,355.99,373.25,130898000.0,5827040000
nano,2018-03-05,14.89,15.59,14.73,14.74,53509100.0,1984290000.0
nem,2018-03-05,0.354704,0.37499,0.336002,0.353482,63880400.0,3192330000
neo,2018-03-05,120.12,120.12,111.76,113.02,212735000.0,7808080000.0
qtum,2018-03-05,26.52,27.48,26.02,26.61,108682000.0,1960710000.0
ripple,2018-03-05,1.01,1.08,0.956116,0.959368,1706820000.0,39650700000
siacoin,2018-03-05,0.019891,0.020538,0.019625,0.020404,6560710.0,654152000.0
steem,2018-03-05,3.54,3.65,3.43,3.51,7246750.0,887771000
stellar,2018-03-05,0.363777,0.39822399999999997,0.352031,0.352031,98523700.0,6718270000
verge,2018-03-05,0.056107000000000004,0.057071000000000004,0.054315999999999996,0.05442999999999999,14381500.0,823028000
zcash,2018-03-05,408.78,409.77,391.87,391.87,57656400.0,1393620000
bitcoin,2018-03-06,11500.1,11500.1,10694.3,10779.9,6832170000.0,194378000000
bitcoin-cash,2018-03-06,1264.19,1264.19,1179.85,1206.04,401782000.0,21493500000.0
bitcoin-gold,2018-03-06,110.76,110.76,101.79,103.13,25065500.0,1867670000.0
bitshares,2018-03-06,0.213351,0.215692,0.18859,0.189021,18815600.0,556840000
bytecoin-bcn,2018-03-06,0.004554,0.004554,0.003857,0.003965,4337760.0,836890000
cardano,2018-03-06,0.29594699999999996,0.303019,0.283993,0.285357,110305000.0,7673040000.0
dash,2018-03-06,613.68,613.68,564.19,578.51,118674000.0,4865670000
dogecoin,2018-03-06,0.005122,0.005136,0.0045579999999999996,0.00461,14766900.0,581174000
ethereum,2018-03-06,853.82,853.82,809.93,816.95,1943070000.0,83680400000.0
ethereum-classic,2018-03-06,26.82,27.29,24.91,25.1,387811000.0,2690760000.0
iota,2018-03-06,1.87,1.89,1.66,1.7,61796200.0,5201320000
lisk,2018-03-06,18.42,18.42,16.42,16.9,27948900.0,1888330000.0
litecoin,2018-03-06,210.51,210.51,193.16,196.6,661078000.0,11683000000
monero,2018-03-06,368.88,368.89,342.47,346.4,93212700.0,5825450000
nano,2018-03-06,14.71,14.71,12.79,13.41,56847700.0,1960100000.0
nem,2018-03-06,0.352065,0.35834099999999997,0.33408699999999997,0.339163,26655100.0,3168580000
neo,2018-03-06,112.27,114.94,103.56,105.11,203770000.0,7297530000.0
qtum,2018-03-06,26.44,26.97,24.99,25.1,98457100.0,1954670000.0
ripple,2018-03-06,0.954448,0.9913059999999999,0.9168629999999999,0.9228870000000001,875180000.0,37311200000
siacoin,2018-03-06,0.020268,0.020268,0.017662,0.017894999999999998,5984640.0,666972000.0
steem,2018-03-06,3.46,3.46,3.22,3.24,4678310.0,868481000
stellar,2018-03-06,0.35175300000000004,0.366554,0.335254,0.337911,44141000.0,6496220000
verge,2018-03-06,0.054755,0.054755,0.048673,0.049115,12829900.0,803432000
zcash,2018-03-06,392.39,392.39,376.93,384.43,57546200.0,1340600000
bitcoin,2018-03-07,10803.9,10929.5,9692.12,9965.57,8797910000.0,182631000000
bitcoin-cash,2018-03-07,1205.84,1218.84,1043.7,1092.16,455225000.0,20503500000.0
bitcoin-gold,2018-03-07,103.09,104.19,88.62,91.6,28628100.0,1738570000.0
bitshares,2018-03-07,0.19025,0.19925299999999999,0.165035,0.176598,18907400.0,496566000
bytecoin-bcn,2018-03-07,0.003961,0.004001,0.0033909999999999995,0.003393,2994280.0,727931000
cardano,2018-03-07,0.284674,0.287598,0.236256,0.247281,190793000.0,7380750000.0
dash,2018-03-07,578.14,586.74,501.81,513.74,108981000.0,4584990000
dogecoin,2018-03-07,0.004618,0.004704,0.004011,0.004024,17585500.0,524046000
ethereum,2018-03-07,816.27,825.61,726.55,752.83,2175420000.0,80017300000.0
ethereum-classic,2018-03-07,25.06,25.48,21.05,22.12,417289000.0,2514490000.0
iota,2018-03-07,1.7,1.71,1.38,1.53,68445500.0,4721900000
lisk,2018-03-07,16.83,17.4,14.61,15.62,34286700.0,1725680000.0
litecoin,2018-03-07,196.83,199.28,175.65,185.84,755925000.0,10926500000
monero,2018-03-07,346.24,364.75,320.85,339.15,162103000.0,5469110000
nano,2018-03-07,13.54,13.93,10.94,11.93,59894600.0,1804050000.0
nem,2018-03-07,0.338929,0.34341,0.28629899999999997,0.297047,24605000.0,3050360000
neo,2018-03-07,105.38,113.65,91.03,100.44,297579000.0,6849680000.0
qtum,2018-03-07,25.1,25.57,21.1,21.93,116397000.0,1855620000.0
ripple,2018-03-07,0.924378,0.930659,0.824895,0.87121,809598000.0,36135700000
siacoin,2018-03-07,0.017835,0.018119,0.014241,0.015438,12180500.0,587295000.0
steem,2018-03-07,3.23,3.29,2.59,2.77,6464230.0,809829000
stellar,2018-03-07,0.337814,0.349137,0.300388,0.32910300000000003,62389100.0,6238880000
verge,2018-03-07,0.049088,0.051380999999999996,0.038952999999999995,0.043275,23510800.0,720479000
zcash,2018-03-07,384.21,387.0,332.48,347.58,59469300.0,1315370000
bitcoin,2018-03-08,9951.44,10147.4,9335.87,9395.01,7186090000.0,168241000000
bitcoin-cash,2018-03-08,1094.64,1113.61,1006.86,1040.21,446519000.0,18614800000.0
bitcoin-gold,2018-03-08,91.5,94.0,86.44,87.27,22878700.0,1543260000.0
bitshares,2018-03-08,0.17658,0.185804,0.162967,0.164952,12021900.0,460904000
bytecoin-bcn,2018-03-08,0.003393,0.003665,0.003297,0.003297,4342560.0,623551000
cardano,2018-03-08,0.24816,0.25435399999999997,0.221131,0.221743,167809000.0,6434060000.0
dash,2018-03-08,511.74,531.48,484.65,493.82,104108000.0,4059470000
dogecoin,2018-03-08,0.0040149999999999995,0.004418,0.0038950000000000005,0.004025,15499400.0,455646000
ethereum,2018-03-08,752.57,773.77,696.17,704.6,1891640000.0,73788400000.0
ethereum-classic,2018-03-08,22.19,25.17,21.18,22.67,619477000.0,2226360000.0
iota,2018-03-08,1.53,1.55,1.39,1.4,35024800.0,4256700000
lisk,2018-03-08,15.59,17.4,14.82,15.07,36030300.0,1599530000.0
litecoin,2018-03-08,185.7,188.15,176.17,176.51,612509000.0,10311600000
monero,2018-03-08,338.13,338.13,276.95,278.64,128424000.0,5342310000
nano,2018-03-08,11.91,12.06,9.87,9.9,45483500.0,1586670000.0
nem,2018-03-08,0.296244,0.360421,0.283055,0.341636,65751000.0,2666190000
neo,2018-03-08,100.53,102.14,90.87,91.57,158917000.0,6534770000.0
qtum,2018-03-08,21.82,22.35,19.92,20.03,153725000.0,1612900000.0
ripple,2018-03-08,0.872508,0.8885620000000001,0.8253870000000001,0.825857,499496000.0,34108000000
siacoin,2018-03-08,0.015321000000000001,0.016123,0.014024000000000002,0.014188999999999998,6111220.0,504863000.0
steem,2018-03-08,2.79,2.95,2.63,2.65,4427050.0,701018000
stellar,2018-03-08,0.329847,0.341127,0.306218,0.311938,47233100.0,6091740000
verge,2018-03-08,0.043104,0.043716000000000005,0.038421,0.038908,10226700.0,632813000
zcash,2018-03-08,347.68,350.47,315.54,318.39,57779600.0,1192750000
bitcoin,2018-03-09,9414.69,9466.35,8513.03,9337.55,8704190000.0,159185000000
bitcoin-cash,2018-03-09,1034.69,1071.65,937.97,1067.02,510887000.0,17597200000.0
bitcoin-gold,2018-03-09,86.96,87.73,77.02,85.73,27151600.0,1466930000.0
bitshares,2018-03-09,0.164652,0.168923,0.15071400000000001,0.168227,11478600.0,429785000
bytecoin-bcn,2018-03-09,0.003275,0.0033880000000000004,0.002914,0.003372,3853310.0,601840000
cardano,2018-03-09,0.221286,0.225115,0.191804,0.22220700000000002,246849000.0,5737300000.0
dash,2018-03-09,492.66,499.86,440.97,499.5,113806000.0,3909040000
dogecoin,2018-03-09,0.004006,0.004146,0.003618,0.004146,13624400.0,454720000
ethereum,2018-03-09,702.2,729.16,648.11,728.92,2233020000.0,68863600000.0
ethereum-classic,2018-03-09,22.71,23.26,20.51,22.48,499609000.0,2279350000.0
iota,2018-03-09,1.4,1.41,1.2,1.39,58591300.0,3881080000
lisk,2018-03-09,14.93,15.62,13.82,15.49,30244000.0,1532040000.0
litecoin,2018-03-09,176.48,189.91,160.43,187.17,943364000.0,9802410000
monero,2018-03-09,277.61,288.09,243.51,288.09,155072000.0,4387040000
nano,2018-03-09,9.85,11.79,8.69,11.65,68018400.0,1312500000.0
nem,2018-03-09,0.340783,0.36301100000000003,0.320117,0.33807,57774800.0,3067050000
neo,2018-03-09,91.7,93.78,80.85,92.67,216976000.0,5960480000.0
qtum,2018-03-09,19.88,20.14,17.34,19.53,170261000.0,1469470000.0
ripple,2018-03-09,0.8261219999999999,0.856182,0.7514850000000001,0.8497610000000001,989203000.0,32294700000
siacoin,2018-03-09,0.014140999999999999,0.014371,0.011849,0.01375,6668280.0,466316000.0
steem,2018-03-09,2.65,2.66,2.18,2.57,5228660.0,665206000
stellar,2018-03-09,0.311237,0.31544,0.26745399999999997,0.311859,56838800.0,5757390000
verge,2018-03-09,0.038541000000000006,0.039392,0.032264,0.039227,13440500.0,565992000
zcash,2018-03-09,316.96,320.25,282.48,310.95,75390500.0,1089670000
bitcoin,2018-03-10,9350.59,9531.32,8828.47,8866.0,5386320000.0,158119000000
bitcoin-cash,2018-03-10,1071.15,1087.3,994.19,1005.93,370367000.0,18219100000.0
bitcoin-gold,2018-03-10,85.72,87.81,80.46,81.38,19514900.0,1446160000.0
bitshares,2018-03-10,0.168647,0.177056,0.160923,0.160923,8245420.0,440230000
bytecoin-bcn,2018-03-10,0.003382,0.0034579999999999997,0.003154,0.003175,3533720.0,621533000
cardano,2018-03-10,0.22521599999999997,0.22655799999999998,0.20885900000000002,0.209873,129138000.0,5839200000.0
dash,2018-03-10,499.36,528.35,479.01,484.35,91266100.0,3963220000
dogecoin,2018-03-10,0.004137,0.004379,0.00395,0.003973,9880540.0,469620000
ethereum,2018-03-10,730.16,748.03,682.7,686.89,1532960000.0,71620700000.0
ethereum-classic,2018-03-10,22.51,22.93,20.78,20.91,262771000.0,2260360000.0
iota,2018-03-10,1.4,1.47,1.29,1.31,31847500.0,3892330000
lisk,2018-03-10,15.44,15.8,14.13,14.2,17287800.0,1584870000.0
litecoin,2018-03-10,188.11,194.65,176.54,177.73,625808000.0,10451000000
monero,2018-03-10,290.72,295.79,255.81,257.04,78431700.0,4595400000
nano,2018-03-10,11.77,12.99,10.56,10.86,78827900.0,1568370000.0
nem,2018-03-10,0.33875700000000003,0.357122,0.33764299999999997,0.341924,24086700.0,3048810000
neo,2018-03-10,93.32,94.43,85.52,85.58,123154000.0,6065720000.0
qtum,2018-03-10,19.57,20.15,18.13,18.21,118137000.0,1447140000.0
ripple,2018-03-10,0.854872,0.8604430000000001,0.793736,0.7966270000000001,402670000.0,33418600000
siacoin,2018-03-10,0.013585,0.014140999999999999,0.01287,0.013003,2799510.0,448282000.0
steem,2018-03-10,2.58,2.68,2.37,2.4,3231450.0,649994000
stellar,2018-03-10,0.315618,0.320392,0.29007,0.292661,21963200.0,5838430000
verge,2018-03-10,0.039218,0.042399,0.035577,0.036487,11953300.0,576083000
zcash,2018-03-10,310.89,318.73,286.84,288.51,51613200.0,1071010000
bitcoin,2018-03-11,8852.78,9711.89,8607.12,9578.63,6296370000.0,149716000000
bitcoin-cash,2018-03-11,1002.55,1157.07,973.36,1145.17,514167000.0,17054300000.0
bitcoin-gold,2018-03-11,81.08,85.71,78.7,84.71,18510800.0,1368070000.0
bitshares,2018-03-11,0.16112,0.179255,0.153101,0.16966900000000001,8714740.0,420597000
bytecoin-bcn,2018-03-11,0.003175,0.0034729999999999995,0.003031,0.003372,3599780.0,583438000
cardano,2018-03-11,0.209721,0.22732199999999997,0.198153,0.223498,161362000.0,5437450000.0
dash,2018-03-11,483.6,548.4,469.99,531.8,100122000.0,3839100000
dogecoin,2018-03-11,0.003959000000000001,0.00432,0.003843,0.00421,9251440.0,449499000
ethereum,2018-03-11,685.31,735.83,668.12,723.34,1562680000.0,67235700000.0
ethereum-classic,2018-03-11,20.88,21.85,19.97,21.58,278368000.0,2096350000.0
iota,2018-03-11,1.31,1.43,1.28,1.39,31315700.0,3629610000
lisk,2018-03-11,14.16,15.1,13.59,14.92,20241700.0,1453750000.0
litecoin,2018-03-11,177.51,193.48,172.47,188.95,669378000.0,9864710000
monero,2018-03-11,256.67,287.17,248.41,282.35,73755400.0,4058010000
nano,2018-03-11,10.79,12.11,10.25,11.58,59846300.0,1437620000.0
nem,2018-03-11,0.340915,0.36135100000000003,0.334325,0.350379,29528800.0,3068230000
neo,2018-03-11,85.44,92.49,82.31,91.19,120665000.0,5553470000.0
qtum,2018-03-11,18.38,19.97,17.57,19.71,115316000.0,1359220000.0
ripple,2018-03-11,0.795765,0.840407,0.775737,0.8311219999999999,472972000.0,31108000000
siacoin,2018-03-11,0.012875,0.014365000000000001,0.012385,0.013944999999999999,2377630.0,425138000.0
steem,2018-03-11,2.39,2.64,2.25,2.55,4152590.0,602696000
stellar,2018-03-11,0.29186799999999996,0.306688,0.280042,0.304217,26023900.0,5399090000
verge,2018-03-11,0.036216000000000005,0.039858,0.034626,0.039274,7920510.0,532268000
zcash,2018-03-11,287.68,318.36,278.95,309.7,55436800.0,993100000
bitcoin,2018-03-12,9602.93,9937.5,8956.43,9205.12,6457400000.0,162421000000
bitcoin-cash,2018-03-12,1143.94,1152.56,1022.03,1051.28,425558000.0,19461500000.0
bitcoin-gold,2018-03-12,84.67,86.44,77.84,80.07,16334300.0,1428880000.0
bitshares,2018-03-12,0.16989300000000002,0.176811,0.157579,0.163777,6631400.0,443513000
bytecoin-bcn,2018-03-12,0.003363,0.003547,0.00314,0.003257,3960160.0,618019000
cardano,2018-03-12,0.224104,0.237342,0.219654,0.22372199999999998,184250000.0,5810350000.0
dash,2018-03-12,531.15,549.33,486.33,501.3,85381400.0,4217570000
dogecoin,2018-03-12,0.004207,0.004273,0.0038350000000000003,0.004032,7601500.0,477642000
ethereum,2018-03-12,724.41,742.51,683.27,699.83,1765000000.0,71086000000.0
ethereum-classic,2018-03-12,21.57,21.79,20.14,20.5,222694000.0,2166290000.0
iota,2018-03-12,1.39,1.42,1.28,1.34,27739400.0,3863920000
lisk,2018-03-12,14.84,15.2,13.86,14.16,21335400.0,1524490000.0
litecoin,2018-03-12,189.02,193.34,175.88,178.23,567629000.0,10506700000
monero,2018-03-12,282.43,287.09,251.83,259.42,66680300.0,4466340000
nano,2018-03-12,11.55,12.0,10.22,10.72,43352800.0,1538770000.0
nem,2018-03-12,0.35035,0.41271899999999995,0.345692,0.39067199999999996,90235500.0,3153150000
neo,2018-03-12,91.49,92.98,84.26,85.91,125997000.0,5947140000.0
qtum,2018-03-12,19.56,19.95,18.03,18.46,122222000.0,1446380000.0
ripple,2018-03-12,0.8321270000000001,0.8383280000000001,0.787882,0.801048,355031000.0,32529500000
siacoin,2018-03-12,0.013951,0.016075,0.013685,0.014338,9126530.0,460824000.0
steem,2018-03-12,2.56,2.64,2.37,2.44,3170950.0,645451000
stellar,2018-03-12,0.30430100000000004,0.312193,0.28633200000000003,0.291765,29443200.0,5629090000
verge,2018-03-12,0.039077999999999995,0.040894,0.035862,0.037688,8081210.0,574353000
zcash,2018-03-12,308.76,314.98,280.21,291.69,51763700.0,1068090000
bitcoin,2018-03-13,9173.04,9470.38,8958.19,9194.85,5991140000.0,155168000000
bitcoin-cash,2018-03-13,1051.07,1100.07,999.75,1064.03,458028000.0,17883400000.0
bitcoin-gold,2018-03-13,79.72,80.94,77.66,79.15,17303400.0,1345500000.0
bitshares,2018-03-13,0.163392,0.170901,0.159276,0.164237,5362620.0,426561000
bytecoin-bcn,2018-03-13,0.003235,0.00336,0.003031,0.0030629999999999998,4532290.0,594596000
cardano,2018-03-13,0.22311,0.22914600000000002,0.215402,0.22302600000000003,98868700.0,5784580000.0
dash,2018-03-13,499.24,514.01,479.87,487.37,83317100.0,3965160000
dogecoin,2018-03-13,0.00402,0.004234,0.003879,0.00396,6006560.0,456475000
ethereum,2018-03-13,698.15,713.74,682.35,690.83,1425960000.0,68524000000.0
ethereum-classic,2018-03-13,20.46,20.84,19.74,19.92,178296000.0,2055300000.0
iota,2018-03-13,1.34,1.35,1.29,1.31,22675600.0,3712760000
lisk,2018-03-13,14.1,14.66,13.63,14.03,16983600.0,1449250000.0
litecoin,2018-03-13,177.6,181.87,172.26,175.78,468094000.0,9874530000
monero,2018-03-13,258.22,266.35,246.19,248.07,69264500.0,4084440000
nano,2018-03-13,10.65,11.11,10.12,10.85,44709800.0,1419250000.0
nem,2018-03-13,0.390232,0.477692,0.390232,0.465787,144069000.0,3512090000
neo,2018-03-13,85.57,88.39,82.19,83.38,118017000.0,5562220000.0
qtum,2018-03-13,18.35,18.8,17.87,18.18,102287000.0,1357120000.0
ripple,2018-03-13,0.798451,0.805729,0.778471,0.7897109999999999,279679000.0,31213000000
siacoin,2018-03-13,0.01436,0.014788999999999998,0.013590000000000001,0.013778,4523810.0,474314000.0
steem,2018-03-13,2.46,2.58,2.29,2.5,8677410.0,620608000
stellar,2018-03-13,0.29015100000000005,0.301183,0.28229,0.290193,24814700.0,5367350000
verge,2018-03-13,0.037394,0.038807999999999995,0.035825,0.036173000000000004,6449030.0,549755000
zcash,2018-03-13,290.44,301.77,279.99,284.37,46337600.0,1006780000
bitcoin,2018-03-14,9214.65,9355.85,8068.59,8269.81,6438230000.0,155891000000
bitcoin-cash,2018-03-14,1071.5,1073.12,924.41,949.47,406616000.0,18233000000.0
bitcoin-gold,2018-03-14,79.1,80.25,66.88,68.64,23511600.0,1335080000.0
bitshares,2018-03-14,0.163615,0.167048,0.136855,0.145028,7881060.0,427157000
bytecoin-bcn,2018-03-14,0.0030600000000000002,0.003173,0.0026030000000000003,0.0026739999999999997,3848380.0,562392000
cardano,2018-03-14,0.22343000000000002,0.233147,0.19600499999999998,0.199562,144156000.0,5792890000.0
dash,2018-03-14,487.36,493.49,419.03,426.25,96938400.0,3871810000
dogecoin,2018-03-14,0.003954,0.004018,0.003423,0.0035240000000000002,7532350.0,449121000
ethereum,2018-03-14,691.22,702.78,594.1,614.29,1810560000.0,67857600000.0
ethereum-classic,2018-03-14,19.95,20.22,16.25,17.15,201571000.0,2004500000.0
iota,2018-03-14,1.31,1.37,1.11,1.12,45727000.0,3640500000
lisk,2018-03-14,14.01,14.26,11.35,11.73,22923900.0,1440370000.0
litecoin,2018-03-14,175.94,177.55,158.63,161.1,480653000.0,9785030000
monero,2018-03-14,248.31,251.83,208.29,215.56,75383300.0,3928670000
nano,2018-03-14,10.86,11.07,8.83,9.1,36232400.0,1447440000.0
nem,2018-03-14,0.472692,0.5243369999999999,0.39103499999999997,0.399253,164630000.0,4254230000
neo,2018-03-14,83.42,85.03,69.1,71.67,146277000.0,5422360000.0
qtum,2018-03-14,18.19,18.73,15.87,16.19,96771400.0,1344980000.0
ripple,2018-03-14,0.789569,0.79908,0.67601,0.701902,479149000.0,30865600000
siacoin,2018-03-14,0.013659000000000001,0.014346000000000001,0.01181,0.012166,3853260.0,451166000.0
steem,2018-03-14,2.51,2.71,2.17,2.23,14376300.0,635358000
stellar,2018-03-14,0.29185,0.297763,0.240711,0.248689,49138300.0,5398850000
verge,2018-03-14,0.036160000000000005,0.037727,0.030236000000000002,0.031377999999999996,8475110.0,531762000
zcash,2018-03-14,284.55,289.24,246.13,250.69,52691100.0,793127000
bitcoin,2018-03-15,8290.76,8428.35,7783.05,8300.86,6834430000.0,140275000000
bitcoin-cash,2018-03-15,949.77,954.41,877.1,943.64,374741000.0,16163200000.0
bitcoin-gold,2018-03-15,68.53,68.86,62.87,66.2,31260500.0,1156830000.0
bitshares,2018-03-15,0.144808,0.154313,0.134489,0.149526,11560000.0,378071000
bytecoin-bcn,2018-03-15,0.002673,0.002718,0.0024649999999999997,0.002659,3222970.0,491311000
cardano,2018-03-15,0.198755,0.20161099999999998,0.172485,0.18570899999999999,204233000.0,5153130000.0
dash,2018-03-15,425.95,431.43,393.74,418.24,93514000.0,3384790000
dogecoin,2018-03-15,0.0035210000000000003,0.003619,0.0032670000000000004,0.003536,9316740.0,399947000
ethereum,2018-03-15,614.84,620.62,579.5,611.3,1770460000.0,60371800000.0
ethereum-classic,2018-03-15,17.19,19.31,15.94,18.41,368178000.0,1727880000.0
iota,2018-03-15,1.12,1.14,1.04,1.09,43235400.0,3119630000
lisk,2018-03-15,11.73,13.63,10.6,13.35,35374200.0,1205890000.0
litecoin,2018-03-15,161.2,167.33,151.48,164.48,564609000.0,8967720000
monero,2018-03-15,215.84,225.96,198.73,213.31,75798000.0,3415550000
nano,2018-03-15,9.1,9.21,8.3,8.78,27434400.0,1213180000.0
nem,2018-03-15,0.420145,0.42730100000000004,0.3387,0.37652800000000003,96351900.0,3781310000
neo,2018-03-15,71.83,72.95,65.49,69.57,173336000.0,4669040000.0
qtum,2018-03-15,16.12,16.49,14.49,15.72,134349000.0,1192180000.0
ripple,2018-03-15,0.702913,0.7306729999999999,0.643845,0.6972689999999999,888345000.0,27478100000
siacoin,2018-03-15,0.012091,0.012218000000000001,0.010804000000000001,0.011648,3922380.0,400317000.0
steem,2018-03-15,2.28,2.28,1.92,2.11,4759340.0,576847000
stellar,2018-03-15,0.248854,0.250575,0.21706399999999998,0.240655,54358800.0,4603470000
verge,2018-03-15,0.031363,0.031776,0.027721,0.031201,9724440.0,461339000
zcash,2018-03-15,250.25,253.67,233.76,242.99,45521300.0,871062000
bitcoin,2018-03-16,8322.91,8585.15,8005.31,8338.35,5289380000.0,140834000000
bitcoin-cash,2018-03-16,943.6,1053.63,902.78,977.03,472033000.0,16059900000.0
bitcoin-gold,2018-03-16,66.25,68.34,62.44,63.15,28649700.0,1118530000.0
bitshares,2018-03-16,0.149341,0.157907,0.145459,0.148263,7742360.0,389920000
bytecoin-bcn,2018-03-16,0.0026579999999999998,0.002763,0.002553,0.002691,2159820.0,488558000
cardano,2018-03-16,0.186788,0.186788,0.175057,0.178878,97455300.0,4842870000.0
dash,2018-03-16,418.54,432.67,402.88,425.52,97572200.0,3326680000
dogecoin,2018-03-16,0.003542,0.003655,0.0034409999999999996,0.00351,6407110.0,402362000
ethereum,2018-03-16,611.78,623.17,587.86,601.67,1417350000.0,60083700000.0
ethereum-classic,2018-03-16,18.5,18.51,17.33,17.78,201541000.0,1859700000.0
iota,2018-03-16,1.1,1.15,1.03,1.1,29977700.0,3061520000
lisk,2018-03-16,13.23,14.3,12.34,13.1,30103400.0,1360300000.0
litecoin,2018-03-16,164.82,171.26,158.99,165.45,436628000.0,9171160000
monero,2018-03-16,213.21,222.38,203.91,215.7,62972500.0,3374770000
nano,2018-03-16,8.77,9.5,8.23,8.82,30442600.0,1168030000.0
nem,2018-03-16,0.381054,0.386193,0.336487,0.338381,47704200.0,3429490000
neo,2018-03-16,69.66,71.49,65.91,68.25,114395000.0,4527870000.0
qtum,2018-03-16,15.77,15.88,14.66,14.98,105734000.0,1166070000.0
ripple,2018-03-16,0.699063,0.71178,0.674463,0.68926,502740000.0,27327600000
siacoin,2018-03-16,0.01178,0.012145,0.011262999999999999,0.011521,2022010.0,390350000.0
steem,2018-03-16,2.12,2.15,1.98,2.05,2065890.0,536550000
stellar,2018-03-16,0.240988,0.24154499999999998,0.22754499999999997,0.22999099999999997,23756700.0,4457950000
verge,2018-03-16,0.031613999999999996,0.034847,0.030282999999999997,0.032892000000000005,14059300.0,465157000
zcash,2018-03-16,243.08,247.62,233.75,236.75,43510900.0,847849000
bitcoin,2018-03-17,8321.91,8346.53,7812.82,7916.88,4426150000.0,140834000000
bitcoin-cash,2018-03-17,974.7,1028.73,930.44,949.78,411316000.0,16591000000.0
bitcoin-gold,2018-03-17,63.2,66.28,58.36,58.97,15795900.0,1067120000.0
bitshares,2018-03-17,0.148256,0.154514,0.135231,0.137167,4655430.0,387100000
bytecoin-bcn,2018-03-17,0.0026920000000000004,0.0026920000000000004,0.002334,0.002461,2464030.0,494696000
cardano,2018-03-17,0.17877,0.17915999999999999,0.153132,0.154763,81096600.0,4634990000.0
dash,2018-03-17,426.3,427.39,383.16,387.28,95970500.0,3389250000
dogecoin,2018-03-17,0.003505,0.00355,0.003249,0.0032990000000000003,6231110.0,398199000
ethereum,2018-03-17,601.68,609.15,549.1,552.78,1267810000.0,59104200000.0
ethereum-classic,2018-03-17,17.76,17.97,16.09,16.32,154703000.0,1785600000.0
iota,2018-03-17,1.1,1.15,1.07,1.14,38853100.0,3066750000
lisk,2018-03-17,13.12,13.18,11.88,12.17,20557200.0,1349570000.0
litecoin,2018-03-17,165.19,165.22,151.06,152.97,403809000.0,9194360000
monero,2018-03-17,215.49,215.84,193.9,197.91,48877500.0,3411600000
nano,2018-03-17,8.87,8.91,7.8,7.84,25861100.0,1182380000.0
nem,2018-03-17,0.34071399999999996,0.34071399999999996,0.279494,0.281779,55729900.0,3066430000
neo,2018-03-17,68.3,69.11,61.02,61.53,95221700.0,4439520000.0
qtum,2018-03-17,14.95,15.1,13.08,13.57,97763200.0,1105950000.0
ripple,2018-03-17,0.6877449999999999,0.689434,0.626709,0.6378560000000001,319824000.0,26885100000
siacoin,2018-03-17,0.011594,0.011594,0.009628,0.009733,2347350.0,384419000.0
steem,2018-03-17,2.06,2.06,1.78,1.82,1518520.0,521876000
stellar,2018-03-17,0.230277,0.234321,0.200989,0.206731,33001800.0,4259820000
verge,2018-03-17,0.033076,0.03308,0.028069999999999998,0.028408,6718990.0,486805000
zcash,2018-03-17,236.82,236.82,219.43,220.48,41086300.0,827714000
bitcoin,2018-03-18,7890.52,8245.51,7397.99,8223.68,6639190000.0,133547000000
bitcoin-cash,2018-03-18,948.28,948.28,851.61,938.12,435070000.0,16143000000.0
bitcoin-gold,2018-03-18,58.61,59.89,52.54,59.45,26012900.0,989679000.0
bitshares,2018-03-18,0.136521,0.136521,0.11373699999999999,0.132417,10667800.0,356474000
bytecoin-bcn,2018-03-18,0.002428,0.002531,0.002189,0.002531,2619080.0,446193000
cardano,2018-03-18,0.15393099999999998,0.161959,0.127046,0.156155,189689000.0,3990970000.0
dash,2018-03-18,388.19,394.15,342.51,394.15,117296000.0,3086950000
dogecoin,2018-03-18,0.00328,0.00328,0.00279,0.0031899999999999997,9029610.0,372740000
ethereum,2018-03-18,551.64,551.64,460.09,538.64,2685500000.0,54200100000.0
ethereum-classic,2018-03-18,16.25,16.91,14.48,16.79,233157000.0,1634110000.0
iota,2018-03-18,1.14,1.29,1.06,1.23,111700000.0,3168980000
lisk,2018-03-18,12.25,12.37,10.19,12.25,26947100.0,1260670000.0
litecoin,2018-03-18,152.54,156.15,138.02,154.07,595955000.0,8492470000
monero,2018-03-18,197.43,209.63,175.08,209.63,75859900.0,3126390000
nano,2018-03-18,7.79,8.58,5.97,8.31,54951800.0,1037530000.0
nem,2018-03-18,0.283261,0.28596,0.224753,0.28175900000000004,72757100.0,2549350000
neo,2018-03-18,61.18,66.7,49.39,65.5,249146000.0,3976490000.0
qtum,2018-03-18,13.54,13.73,11.18,13.48,134149000.0,1001320000.0
ripple,2018-03-18,0.634466,0.6775909999999999,0.5488149999999999,0.6587770000000001,923606000.0,24802400000
siacoin,2018-03-18,0.009713,0.011064000000000001,0.008956,0.010829,5498350.0,322280000.0
steem,2018-03-18,1.81,1.86,1.5,1.83,3499140.0,460567000
stellar,2018-03-18,0.206409,0.22282800000000003,0.158913,0.220473,91400500.0,3818300000
verge,2018-03-18,0.028406,0.030319,0.023956,0.02951,9843710.0,418196000
zcash,2018-03-18,220.19,247.4,204.01,244.38,59834200.0,771149000
bitcoin,2018-03-19,8344.12,8675.87,8182.4,8630.65,6729110000.0,141240000000
bitcoin-cash,2018-03-19,942.6,997.28,915.51,994.67,425419000.0,16048000000.0
bitcoin-gold,2018-03-19,59.83,69.32,58.56,68.43,42187500.0,1010310000.0
bitshares,2018-03-19,0.132717,0.149148,0.130287,0.14888099999999999,9026640.0,346553000
bytecoin-bcn,2018-03-19,0.002512,0.002628,0.002457,0.002616,2895080.0,461668000
cardano,2018-03-19,0.160749,0.197648,0.156935,0.197648,321964000.0,4167750000.0
dash,2018-03-19,392.32,409.32,368.52,409.32,113994000.0,3120600000
dogecoin,2018-03-19,0.003199,0.0035039999999999997,0.003144,0.00344,8278910.0,363521000
ethereum,2018-03-19,546.63,558.1,519.12,556.73,2046790000.0,53718600000.0
ethereum-classic,2018-03-19,16.91,19.65,16.33,19.65,315268000.0,1701120000.0
iota,2018-03-19,1.24,1.34,1.19,1.33,55966600.0,3437690000
lisk,2018-03-19,12.26,13.07,11.93,12.74,25454300.0,1261830000.0
litecoin,2018-03-19,155.47,163.05,151.66,161.14,504833000.0,8658190000
monero,2018-03-19,210.33,222.0,202.38,216.77,67314400.0,3331520000
nano,2018-03-19,8.53,8.8,7.56,8.28,44576800.0,1136690000.0
nem,2018-03-19,0.287236,0.31413800000000003,0.27526100000000003,0.30199299999999996,120826000.0,2585120000
neo,2018-03-19,67.19,73.44,62.74,73.44,274503000.0,4367610000.0
qtum,2018-03-19,13.44,20.7,13.31,20.29,445147000.0,994298000.0
ripple,2018-03-19,0.672126,0.74908,0.640012,0.74908,1096930000.0,26274600000
siacoin,2018-03-19,0.010926,0.012001000000000001,0.010683,0.011767,4838740.0,362791000.0
steem,2018-03-19,1.83,2.06,1.82,2.06,3775080.0,464744000
stellar,2018-03-19,0.22236799999999998,0.250226,0.212955,0.250226,93820800.0,4113520000
verge,2018-03-19,0.029720999999999997,0.031761000000000005,0.028707999999999997,0.031449,9011470.0,437676000
zcash,2018-03-19,244.59,252.62,228.66,252.62,58323800.0,858361000
bitcoin,2018-03-20,8619.67,9051.02,8389.89,8913.47,6361790000.0,145922000000
bitcoin-cash,2018-03-20,998.17,1072.42,958.51,1059.12,503262000.0,16996000000.0
bitcoin-gold,2018-03-20,68.39,69.52,61.94,66.19,42417800.0,1155150000.0
bitshares,2018-03-20,0.14964,0.16769900000000001,0.146384,0.16181600000000002,11605300.0,390758000
bytecoin-bcn,2018-03-20,0.002641,0.002806,0.002577,0.0027719999999999997,2676060.0,485428000
cardano,2018-03-20,0.193447,0.212004,0.180294,0.204947,249683000.0,5015520000.0
dash,2018-03-20,412.49,442.05,399.17,428.88,109677000.0,3281830000
dogecoin,2018-03-20,0.0034659999999999995,0.0037270000000000003,0.0033880000000000004,0.0036509999999999997,6638060.0,393936000
ethereum,2018-03-20,556.72,567.09,521.2,557.17,1833680000.0,54722100000.0
ethereum-classic,2018-03-20,19.61,21.07,18.01,20.21,432819000.0,1973450000.0
iota,2018-03-20,1.33,1.52,1.3,1.44,67039500.0,3697640000
lisk,2018-03-20,12.89,14.11,12.43,13.63,26259400.0,1328050000.0
litecoin,2018-03-20,161.52,173.3,156.81,168.82,492892000.0,8997260000
monero,2018-03-20,217.94,233.27,206.96,223.74,60005900.0,3452770000
nano,2018-03-20,8.37,9.54,7.87,9.15,46177400.0,1115080000.0
nem,2018-03-20,0.29483400000000004,0.344168,0.278131,0.310745,323806000.0,2653510000
neo,2018-03-20,73.85,79.56,67.59,76.03,255944000.0,4800040000.0
qtum,2018-03-20,21.14,22.08,18.51,20.77,681013000.0,1563690000.0
ripple,2018-03-20,0.736759,0.736759,0.673427,0.709808,814276000.0,28802900000
siacoin,2018-03-20,0.011902,0.013857,0.011045000000000001,0.013578,6491530.0,395437000.0
steem,2018-03-20,2.07,2.29,2.0,2.2,7643910.0,528036000
stellar,2018-03-20,0.24999200000000002,0.282082,0.23557399999999998,0.267968,88101600.0,4624530000
verge,2018-03-20,0.031633999999999995,0.035473000000000005,0.030077999999999997,0.03481,11984800.0,465980000
zcash,2018-03-20,255.75,267.1,237.73,259.24,54027600.0,899321000
bitcoin,2018-03-21,8937.48,9177.37,8846.33,8929.28,6043130000.0,151316000000
bitcoin-cash,2018-03-21,1066.03,1082.35,1016.37,1033.45,389291000.0,18153200000.0
bitcoin-gold,2018-03-21,66.36,68.67,64.47,66.03,32135500.0,1120950000.0
bitshares,2018-03-21,0.161575,0.171167,0.15483,0.160093,9552080.0,421938000
bytecoin-bcn,2018-03-21,0.002782,0.002921,0.002723,0.002745,2715860.0,511227000
cardano,2018-03-21,0.205315,0.227502,0.201448,0.213189,257686000.0,5323220000.0
dash,2018-03-21,429.15,450.64,424.79,434.51,115173000.0,3415280000
dogecoin,2018-03-21,0.0036509999999999997,0.003833,0.0036060000000000003,0.0036590000000000004,6711100.0,415066000
ethereum,2018-03-21,559.1,589.61,550.57,561.73,1781270000.0,54967300000.0
ethereum-classic,2018-03-21,20.29,21.52,19.29,19.8,295532000.0,2041930000.0
iota,2018-03-21,1.45,1.49,1.34,1.37,57554800.0,4037020000
lisk,2018-03-21,13.61,14.14,13.15,13.38,23682800.0,1401970000.0
litecoin,2018-03-21,169.56,175.26,166.62,169.05,462536000.0,9447220000
monero,2018-03-21,224.26,235.9,215.28,218.63,57121400.0,3553750000
nano,2018-03-21,9.12,9.7,8.35,8.63,53167500.0,1214990000.0
nem,2018-03-21,0.309843,0.314733,0.285323,0.290294,104430000.0,2788590000
neo,2018-03-21,76.41,77.79,71.52,72.95,177773000.0,4966720000.0
qtum,2018-03-21,20.99,21.27,18.93,19.77,298078000.0,1552570000.0
ripple,2018-03-21,0.713055,0.7206100000000001,0.679162,0.6936640000000001,527324000.0,27876200000
siacoin,2018-03-21,0.013651,0.014162000000000001,0.012842,0.013262000000000001,6628440.0,453853000.0
steem,2018-03-21,2.19,2.34,2.17,2.22,3132310.0,557444000
stellar,2018-03-21,0.27066999999999997,0.271789,0.249781,0.25463600000000003,93970500.0,5020630000
verge,2018-03-21,0.034894,0.036593,0.032496,0.033628,10398000.0,514135000
zcash,2018-03-21,259.76,280.69,254.88,260.07,69577100.0,915317000
bitcoin,2018-03-22,8939.44,9100.71,8564.9,8728.47,5530390000.0,151366000000
bitcoin-cash,2018-03-22,1033.26,1064.22,992.55,1011.52,344283000.0,17597100000.0
bitcoin-gold,2018-03-22,65.35,67.28,59.24,61.89,25006000.0,1104110000.0
bitshares,2018-03-22,0.159553,0.171216,0.152411,0.161576,8015820.0,416671000
bytecoin-bcn,2018-03-22,0.002742,0.002783,0.002571,0.002652,2792120.0,503893000
cardano,2018-03-22,0.215403,0.221969,0.192132,0.203481,201540000.0,5584770000.0
dash,2018-03-22,434.44,438.4,398.59,411.36,96356400.0,3458220000
dogecoin,2018-03-22,0.0036659999999999996,0.0037259999999999997,0.003443,0.0035280000000000003,5210480.0,416756000
ethereum,2018-03-22,562.1,577.57,523.09,539.7,1523460000.0,55273800000.0
ethereum-classic,2018-03-22,19.79,20.73,18.55,19.67,242384000.0,1992000000.0
iota,2018-03-22,1.37,1.41,1.27,1.33,35665500.0,3807750000
lisk,2018-03-22,13.44,13.71,12.04,12.5,24653700.0,1385640000.0
litecoin,2018-03-22,168.72,172.31,161.11,163.67,404997000.0,9403220000
monero,2018-03-22,218.56,223.68,204.9,212.71,40394500.0,3464170000
nano,2018-03-22,8.62,8.9,7.68,8.26,41036200.0,1149100000.0
nem,2018-03-22,0.293437,0.31100900000000004,0.28014,0.29749899999999996,87736000.0,2640940000
neo,2018-03-22,72.81,75.07,66.92,69.64,152648000.0,4732380000.0
qtum,2018-03-22,20.02,20.29,18.1,19.53,257545000.0,1770820000.0
ripple,2018-03-22,0.693145,0.7013510000000001,0.636741,0.6627430000000001,449042000.0,27097900000
siacoin,2018-03-22,0.01324,0.013903,0.012265999999999999,0.013222,5155100.0,440530000.0
steem,2018-03-22,2.21,2.27,1.99,2.13,2366880.0,562675000
stellar,2018-03-22,0.25517,0.259328,0.228713,0.24321199999999998,53777200.0,4733130000
verge,2018-03-22,0.033559,0.041068,0.030641,0.039266,46181500.0,494601000
zcash,2018-03-22,260.55,268.57,239.2,249.26,49773700.0,919961000
bitcoin,2018-03-23,8736.25,8879.62,8360.62,8879.62,5954120000.0,147941000000
bitcoin-cash,2018-03-23,1011.83,1019.43,966.4,1019.43,303600000.0,17233800000.0
bitcoin-gold,2018-03-23,61.85,62.01,57.93,60.27,25689800.0,1045030000.0
bitshares,2018-03-23,0.161676,0.167376,0.15243199999999998,0.167376,6303730.0,422230000
bytecoin-bcn,2018-03-23,0.002651,0.00275,0.0025329999999999997,0.00275,4539610.0,487309000
cardano,2018-03-23,0.202298,0.202812,0.181424,0.18925899999999998,148850000.0,5245000000.0
dash,2018-03-23,411.27,427.46,392.33,427.46,105668000.0,3274580000
dogecoin,2018-03-23,0.0035329999999999997,0.0035600000000000002,0.003341,0.0035600000000000002,6178530.0,401645000
ethereum,2018-03-23,539.86,540.49,512.13,539.62,1596350000.0,53098100000.0
ethereum-classic,2018-03-23,19.69,19.69,18.15,19.04,196326000.0,1982260000.0
iota,2018-03-23,1.33,1.34,1.25,1.34,30507500.0,3684080000
lisk,2018-03-23,12.5,12.54,11.4,12.03,23560700.0,1288720000.0
litecoin,2018-03-23,163.58,167.83,157.26,167.83,348056000.0,9118940000
monero,2018-03-23,212.47,214.33,199.17,213.91,39365700.0,3368360000
nano,2018-03-23,8.22,8.26,7.38,8.11,43246100.0,1095320000.0
nem,2018-03-23,0.296295,0.296295,0.268338,0.278787,50435000.0,2666660000
neo,2018-03-23,69.61,69.61,63.92,68.56,137021000.0,4524350000.0
qtum,2018-03-23,19.29,19.29,17.86,18.45,197627000.0,1706870000.0
ripple,2018-03-23,0.663111,0.663111,0.625258,0.643174,387164000.0,25923800000
siacoin,2018-03-23,0.013218,0.013268,0.012052,0.012555,4099130.0,440033000.0
steem,2018-03-23,2.12,2.13,1.89,1.97,3137480.0,537930000
stellar,2018-03-23,0.242993,0.242993,0.224581,0.23614699999999997,49937100.0,4507260000
verge,2018-03-23,0.03868,0.040044,0.034652999999999996,0.038361,54250800.0,570231000
wanchain,2018-03-23,4.37,4.45,3.97,4.21,189439000.0,
zcash,2018-03-23,249.54,256.87,231.01,256.87,49636800.0,882874000
bitcoin,2018-03-24,8901.95,8996.18,8665.7,8668.12,5664600000.0,150762000000
bitcoin-cash,2018-03-24,1028.12,1030.43,982.3,982.3,264080000.0,17513300000.0
bitcoin-gold,2018-03-24,60.72,64.17,59.37,60.85,24780300.0,1026140000.0
bitshares,2018-03-24,0.168396,0.170835,0.15878599999999998,0.16295,6356520.0,439796000
bytecoin-bcn,2018-03-24,0.002787,0.002845,0.002666,0.002696,3512780.0,512321000
cardano,2018-03-24,0.188844,0.20119,0.183017,0.189201,132660000.0,4896170000.0
dash,2018-03-24,432.18,459.2,424.61,424.61,111372000.0,3441790000
dogecoin,2018-03-24,0.003597,0.0037270000000000003,0.00351,0.00359,4461220.0,409043000
ethereum,2018-03-24,542.57,545.38,526.08,526.44,1300010000.0,53375400000.0
ethereum-classic,2018-03-24,19.13,19.39,18.45,18.5,137105000.0,1926730000.0
iota,2018-03-24,1.35,1.41,1.33,1.33,29655100.0,3762660000
lisk,2018-03-24,12.07,12.5,11.83,11.89,21880400.0,1244370000.0
litecoin,2018-03-24,168.53,168.65,159.63,159.63,290270000.0,9397290000
monero,2018-03-24,215.37,217.24,208.7,209.16,24099100.0,3415180000
nano,2018-03-24,8.14,8.4,7.68,7.7,34242500.0,1084220000.0
nem,2018-03-24,0.279302,0.29018299999999997,0.276706,0.282152,42879500.0,2513720000
neo,2018-03-24,69.07,70.24,65.73,65.73,102618000.0,4489330000.0
qtum,2018-03-24,18.62,19.27,17.97,18.07,204349000.0,1647170000.0
ripple,2018-03-24,0.6462140000000001,0.679608,0.640516,0.641265,390740000.0,25263200000
siacoin,2018-03-24,0.012841,0.014182,0.012528000000000001,0.013781999999999999,9565840.0,427742000.0
steem,2018-03-24,2.04,2.15,1.95,1.99,5871000.0,517678000
stellar,2018-03-24,0.23774499999999998,0.24577800000000002,0.234044,0.235422,37806800.0,4409910000
verge,2018-03-24,0.038876,0.048593,0.038624,0.044792,77655800.0,573290000
wanchain,2018-03-24,4.25,4.82,4.19,4.19,35446300.0,
zcash,2018-03-24,259.44,259.44,242.5,243.33,44876000.0,919738000
bitcoin,2018-03-25,8612.81,8682.01,8449.1,8495.78,4569880000.0,145882000000
bitcoin-cash,2018-03-25,973.6,991.07,965.52,966.88,237008000.0,16586300000.0
bitcoin-gold,2018-03-25,60.0,63.07,58.53,60.48,19231100.0,1014050000.0
bitshares,2018-03-25,0.162244,0.166219,0.155549,0.16251,5347140.0,423746000
bytecoin-bcn,2018-03-25,0.0026550000000000002,0.002715,0.002565,0.002643,4331750.0,487914000
cardano,2018-03-25,0.188396,0.189128,0.1817,0.184605,59349400.0,4884550000.0
dash,2018-03-25,420.01,423.19,409.39,411.79,102753000.0,3345720000
dogecoin,2018-03-25,0.00355,0.0035759999999999998,0.0034630000000000004,0.003505,3476340.0,403687000
ethereum,2018-03-25,522.7,535.82,515.66,524.29,1151170000.0,51431600000.0
ethereum-classic,2018-03-25,18.37,18.56,18.0,18.09,110957000.0,1850480000.0
iota,2018-03-25,1.31,1.35,1.28,1.32,26291200.0,3654020000
lisk,2018-03-25,11.79,12.02,11.44,11.63,17661400.0,1216510000.0
litecoin,2018-03-25,158.86,162.72,157.52,160.08,241431000.0,8860500000
monero,2018-03-25,207.32,214.4,203.02,211.78,23409900.0,3288230000
nano,2018-03-25,7.58,7.87,7.49,7.57,22741200.0,1010390000.0
nem,2018-03-25,0.279636,0.311647,0.27505100000000005,0.288878,71368900.0,2516730000
neo,2018-03-25,65.19,67.44,63.87,65.43,82989200.0,4237240000.0
qtum,2018-03-25,17.88,18.42,17.72,18.02,191429000.0,1581530000.0
ripple,2018-03-25,0.638632,0.657213,0.631901,0.641875,229352000.0,24966800000
siacoin,2018-03-25,0.013645,0.015991,0.013153999999999999,0.015131,17293900.0,454845000.0
steem,2018-03-25,1.98,2.08,1.95,2.02,2439650.0,504144000
stellar,2018-03-25,0.233062,0.24273899999999998,0.23037800000000003,0.239952,31527600.0,4323060000
verge,2018-03-25,0.044403,0.044403,0.039587,0.040701999999999995,31131800.0,654974000
wanchain,2018-03-25,4.12,4.31,4.09,4.15,11426400.0,
zcash,2018-03-25,240.83,243.5,237.17,239.36,41414800.0,855504000
bitcoin,2018-03-26,8498.47,8530.08,7921.43,8209.4,5921040000.0,143960000000
bitcoin-cash,2018-03-26,967.89,975.61,887.0,919.25,347366000.0,16490800000.0
bitcoin-gold,2018-03-26,60.51,61.9,52.96,56.44,20747400.0,1022780000.0
bitshares,2018-03-26,0.162596,0.164443,0.142512,0.15176800000000001,6004460.0,424681000
bytecoin-bcn,2018-03-26,0.002639,0.002665,0.002372,0.0024879999999999998,4264370.0,485069000
cardano,2018-03-26,0.18395999999999998,0.185421,0.161128,0.16780599999999998,117497000.0,4769560000.0
dash,2018-03-26,410.73,413.66,372.97,390.87,107776000.0,3272470000
dogecoin,2018-03-26,0.003498,0.0035409999999999994,0.003141,0.0032890000000000003,6061990.0,397845000
ethereum,2018-03-26,524.29,526.38,470.44,489.95,1638880000.0,51598000000.0
ethereum-classic,2018-03-26,18.09,18.13,15.52,16.48,189408000.0,1823050000.0
iota,2018-03-26,1.32,1.33,1.18,1.24,32849900.0,3675430000
lisk,2018-03-26,11.64,12.09,10.39,10.97,20994100.0,1201100000.0
litecoin,2018-03-26,160.16,160.99,143.12,149.22,407135000.0,8935560000
monero,2018-03-26,211.78,212.68,188.55,197.18,37329600.0,3359790000
nano,2018-03-26,7.56,7.64,6.41,6.98,27665300.0,1007160000.0
nem,2018-03-26,0.288446,0.289787,0.255252,0.2661,38184800.0,2596020000
neo,2018-03-26,65.4,65.94,55.92,59.74,144889000.0,4251170000.0
qtum,2018-03-26,18.02,18.24,15.31,16.24,251406000.0,1594290000.0
ripple,2018-03-26,0.642683,0.644121,0.585922,0.599463,384505000.0,25125200000
siacoin,2018-03-26,0.015087,0.01565,0.012692,0.013893,11356100.0,503242000.0
steem,2018-03-26,2.01,2.03,1.77,1.86,2466310.0,513016000
stellar,2018-03-26,0.239258,0.246144,0.21723800000000001,0.228861,44406300.0,4437990000
verge,2018-03-26,0.040831,0.046922000000000005,0.035033,0.044531,65555900.0,602454000
wanchain,2018-03-26,4.16,4.21,3.36,3.8,20263900.0,
zcash,2018-03-26,238.86,240.99,213.39,225.35,52425700.0,850197000
bitcoin,2018-03-27,8200.0,8232.78,7797.28,7833.04,5378250000.0,138919000000
bitcoin-cash,2018-03-27,916.99,926.38,876.33,876.33,339011000.0,15625100000.0
bitcoin-gold,2018-03-27,56.46,56.74,52.33,52.72,14757300.0,954445000.0
bitshares,2018-03-27,0.151746,0.155246,0.139967,0.144715,5892840.0,396355000
bytecoin-bcn,2018-03-27,0.002484,0.00253,0.0023420000000000003,0.002384,1944590.0,456576000
cardano,2018-03-27,0.168215,0.169225,0.15016400000000002,0.154926,107510000.0,4361310000.0
dash,2018-03-27,390.24,392.19,354.23,354.75,88373400.0,3109950000
dogecoin,2018-03-27,0.003276,0.003283,0.0031079999999999997,0.003145,5235300.0,372600000
ethereum,2018-03-27,489.59,491.46,449.97,450.12,1617940000.0,48193300000.0
ethereum-classic,2018-03-27,16.48,17.06,15.36,15.91,184083000.0,1660910000.0
iota,2018-03-27,1.23,1.24,1.16,1.17,29726700.0,3431480000
lisk,2018-03-27,10.94,10.95,9.83,9.85,20375100.0,1129230000.0
litecoin,2018-03-27,148.96,149.62,135.78,135.78,385104000.0,8312700000
monero,2018-03-27,196.85,197.9,184.58,187.93,53498800.0,3123560000
nano,2018-03-27,6.96,7.01,6.31,6.51,26060600.0,927361000.0
nem,2018-03-27,0.264836,0.266302,0.246689,0.249203,23645300.0,2383520000
neo,2018-03-27,59.49,60.02,52.51,55.53,145189000.0,3866570000.0
qtum,2018-03-27,16.16,16.94,14.76,15.31,158893000.0,1429790000.0
ripple,2018-03-27,0.5990260000000001,0.604332,0.565132,0.577917,351381000.0,23418400000
siacoin,2018-03-27,0.013802000000000002,0.014883,0.013234000000000001,0.013249,12238800.0,460691000.0
steem,2018-03-27,1.85,1.88,1.69,1.72,1592260.0,472038000
stellar,2018-03-27,0.22856500000000002,0.229138,0.20523000000000002,0.216033,37693300.0,4239960000
verge,2018-03-27,0.045505000000000004,0.054977,0.039841,0.039978,180361000.0,671591000
wanchain,2018-03-27,3.76,3.84,3.25,3.35,11789300.0,
zcash,2018-03-27,225.95,229.55,210.17,216.35,46729300.0,805876000
bitcoin,2018-03-28,7836.83,8122.89,7809.17,7954.48,4935290000.0,132781000000
bitcoin-cash,2018-03-28,876.36,897.63,852.88,860.52,337268000.0,14934500000.0
bitcoin-gold,2018-03-28,52.63,56.0,52.38,53.13,14219400.0,889812000.0
bitshares,2018-03-28,0.14418699999999998,0.152469,0.141045,0.143017,4479340.0,376625000
bytecoin-bcn,2018-03-28,0.0023829999999999997,0.002826,0.002361,0.002471,4637560.0,437980000
cardano,2018-03-28,0.155196,0.165599,0.15446500000000002,0.160058,60260800.0,4023780000.0
dash,2018-03-28,354.94,368.51,348.56,351.26,107592000.0,2829260000
dogecoin,2018-03-28,0.003134,0.003244,0.003114,0.003141,4912220.0,356584000
ethereum,2018-03-28,450.29,466.21,444.86,446.28,1514180000.0,44334000000.0
ethereum-classic,2018-03-28,15.87,16.84,15.84,16.1,144663000.0,1599710000.0
iota,2018-03-28,1.17,1.24,1.16,1.19,24150200.0,3258650000
lisk,2018-03-28,9.82,10.2,9.6,9.66,17676300.0,1013360000.0
litecoin,2018-03-28,135.49,140.13,131.03,131.75,328374000.0,7563030000
monero,2018-03-28,187.47,201.52,186.32,199.16,44833300.0,2975330000
nano,2018-03-28,6.5,6.87,6.45,6.58,22986000.0,865457000.0
nem,2018-03-28,0.249475,0.258299,0.24831999999999999,0.253923,17816400.0,2245270000
neo,2018-03-28,55.34,60.12,55.34,57.24,81977500.0,3596940000.0
qtum,2018-03-28,15.3,16.26,15.3,15.68,113916000.0,1353700000.0
ripple,2018-03-28,0.577511,0.594023,0.572828,0.578002,258298000.0,22577300000
siacoin,2018-03-28,0.013177000000000001,0.013859999999999999,0.012950999999999999,0.013177000000000001,3979810.0,440104000.0
steem,2018-03-28,1.73,1.94,1.7,1.89,2793970.0,440737000
stellar,2018-03-28,0.215889,0.225843,0.215086,0.21925100000000003,21717600.0,4004870000
verge,2018-03-28,0.039952,0.043453,0.039238,0.041806,29638700.0,589806000
wanchain,2018-03-28,3.34,3.53,3.27,3.42,9226000.0,
zcash,2018-03-28,216.23,220.65,209.44,210.86,65786200.0,772759000
bitcoin,2018-03-29,7979.07,7994.33,7081.38,7165.7,6361230000.0,135205000000
bitcoin-cash,2018-03-29,861.61,867.31,703.18,714.27,452656000.0,14684500000.0
bitcoin-gold,2018-03-29,53.2,53.28,45.38,45.7,16339100.0,899546000.0
bitshares,2018-03-29,0.14291900000000002,0.143878,0.123973,0.12804400000000002,8185460.0,373327000
bytecoin-bcn,2018-03-29,0.002478,0.002495,0.002132,0.002193,2271440.0,455511000
cardano,2018-03-29,0.160143,0.160614,0.14571199999999998,0.14688199999999998,103465000.0,4152040000.0
dash,2018-03-29,350.85,351.36,317.97,329.28,101243000.0,2797320000
dogecoin,2018-03-29,0.003171,0.003177,0.002758,0.002827,5630550.0,360761000
ethereum,2018-03-29,448.07,450.81,385.81,385.97,1970230000.0,44125000000.0
ethereum-classic,2018-03-29,16.11,16.17,14.56,14.68,172103000.0,1624140000.0
iota,2018-03-29,1.19,1.19,1.07,1.09,38707000.0,3315390000
lisk,2018-03-29,9.65,9.67,7.82,7.94,30227100.0,996561000.0
litecoin,2018-03-29,131.93,132.61,113.93,114.68,476804000.0,7365950000
monero,2018-03-29,199.31,200.83,174.64,176.86,53055600.0,3164030000
nano,2018-03-29,6.57,6.65,5.38,5.47,15316000.0,875090000.0
nem,2018-03-29,0.253712,0.25524600000000003,0.22122199999999997,0.22122199999999997,26252300.0,2283410000
neo,2018-03-29,57.31,57.4,51.45,51.88,110023000.0,3724950000.0
qtum,2018-03-29,15.71,15.77,14.13,14.34,112786000.0,1390300000.0
ripple,2018-03-29,0.577767,0.5786399999999999,0.5115109999999999,0.5115109999999999,420550000.0,22587400000
siacoin,2018-03-29,0.013193,0.013196000000000001,0.010879,0.011032,5296910.0,440887000.0
steem,2018-03-29,1.9,1.91,1.61,1.64,2132140.0,485319000
stellar,2018-03-29,0.21922600000000003,0.22146,0.187853,0.19081900000000002,44352600.0,4066780000
verge,2018-03-29,0.042066,0.042516000000000005,0.036156,0.036914999999999996,37122800.0,621181000
wanchain,2018-03-29,3.42,3.58,2.89,2.96,14919000.0,
zcash,2018-03-29,210.91,211.48,185.98,186.83,55324500.0,755263000
bitcoin,2018-03-30,7171.45,7276.66,6683.93,6890.52,6289510000.0,121534000000
bitcoin-cash,2018-03-30,712.4,766.97,677.53,697.01,416567000.0,12142900000.0
bitcoin-gold,2018-03-30,45.7,47.02,43.18,44.55,13761600.0,772804000.0
bitshares,2018-03-30,0.127878,0.13303399999999999,0.12144100000000001,0.126497,8922080.0,334049000
bytecoin-bcn,2018-03-30,0.00218,0.002248,0.002012,0.002098,1091930.0,400693000
cardano,2018-03-30,0.146654,0.151782,0.136317,0.14720899999999998,119874000.0,3802310000.0
dash,2018-03-30,328.65,331.36,303.44,311.12,83525600.0,2620920000
dogecoin,2018-03-30,0.002811,0.0028899999999999998,0.002648,0.002763,5378440.0,319932000
ethereum,2018-03-30,385.9,409.93,368.63,394.64,1878130000.0,38010600000.0
ethereum-classic,2018-03-30,14.64,15.08,13.89,14.39,171606000.0,1476720000.0
iota,2018-03-30,1.09,1.14,1.05,1.11,37597100.0,3034950000
lisk,2018-03-30,7.9,8.0,7.08,7.45,23652300.0,815689000.0
litecoin,2018-03-30,114.8,124.9,110.26,118.6,468439000.0,6411740000
monero,2018-03-30,176.0,180.41,162.99,172.36,41887500.0,2794560000
nano,2018-03-30,5.46,5.58,4.96,5.18,12605200.0,727920000.0
nem,2018-03-30,0.220175,0.231469,0.20629899999999998,0.22090100000000001,27991400.0,1981580000
neo,2018-03-30,51.85,53.58,49.1,50.31,114151000.0,3370350000.0
qtum,2018-03-30,14.28,14.96,13.54,14.38,116895000.0,1263480000.0
ripple,2018-03-30,0.5132680000000001,0.531276,0.484362,0.5095649999999999,518219000.0,20065800000
siacoin,2018-03-30,0.010968,0.011413,0.010047,0.010518000000000001,3388460.0,366798000.0
steem,2018-03-30,1.64,1.66,1.48,1.55,2315390.0,419648000
stellar,2018-03-30,0.190582,0.199357,0.17493399999999998,0.18873299999999998,37767000.0,3535400000
verge,2018-03-30,0.036743,0.037954,0.033957999999999995,0.035945,15139700.0,542732000
wanchain,2018-03-30,2.94,3.38,2.75,3.29,14111200.0,
zcash,2018-03-30,186.37,197.66,183.45,189.89,44308900.0,668727000
bitcoin,2018-03-31,6892.48,7207.85,6863.52,6973.53,4553270000.0,116820000000
bitcoin-cash,2018-03-31,697.62,735.82,683.99,685.25,306972000.0,11892100000.0
bitcoin-gold,2018-03-31,44.52,46.58,44.04,44.34,7037180.0,752990000.0
bitshares,2018-03-31,0.12644,0.13278099999999998,0.12644,0.12804100000000002,4803920.0,330305000
bytecoin-bcn,2018-03-31,0.002095,0.002227,0.0020870000000000003,0.002121,853854.0,385042000
cardano,2018-03-31,0.147115,0.16055899999999998,0.14485699999999999,0.155919,113124000.0,3814260000.0
dash,2018-03-31,310.91,328.29,304.43,305.76,72144400.0,2480030000
dogecoin,2018-03-31,0.002752,0.002897,0.002699,0.0028190000000000003,3505010.0,313147000
ethereum,2018-03-31,395.0,418.47,392.95,396.46,1323920000.0,38914900000.0
ethereum-classic,2018-03-31,14.4,14.94,14.29,14.37,123343000.0,1452690000.0
iota,2018-03-31,1.11,1.16,1.07,1.08,28350300.0,3088360000
lisk,2018-03-31,7.45,8.07,7.39,7.54,13183400.0,770176000.0
litecoin,2018-03-31,118.64,123.87,116.18,116.61,295439000.0,6627590000
monero,2018-03-31,172.53,181.97,171.54,179.56,22220300.0,2740000000
nano,2018-03-31,5.19,5.88,5.17,5.62,15159800.0,691962000.0
nem,2018-03-31,0.221387,0.229381,0.21869699999999997,0.221104,17615800.0,1992490000
neo,2018-03-31,50.43,52.91,49.97,50.13,68031800.0,3278240000.0
qtum,2018-03-31,14.34,14.88,14.18,14.25,85937600.0,1268940000.0
ripple,2018-03-31,0.510617,0.529406,0.505167,0.512353,293208000.0,19962300000
siacoin,2018-03-31,0.010531,0.011129,0.010502,0.010753,2380560.0,352429000.0
steem,2018-03-31,1.55,1.61,1.5,1.52,1239310.0,396556000
stellar,2018-03-31,0.189039,0.22078000000000003,0.189039,0.20677800000000002,82895900.0,3506780000
verge,2018-03-31,0.035998,0.040617,0.035941,0.038975,26716800.0,531869000
wanchain,2018-03-31,3.28,3.45,3.18,3.27,11831300.0,
zcash,2018-03-31,189.87,197.44,185.53,185.53,46055900.0,682607000
bitcoin,2018-04-01,7003.06,7060.95,6526.87,6844.23,4532100000.0,118705000000
bitcoin-cash,2018-04-01,688.01,699.05,629.93,643.03,318440000.0,11729600000.0
bitcoin-gold,2018-04-01,44.4,44.88,39.18,41.22,8668900.0,750955000.0
bitshares,2018-04-01,0.128021,0.1304,0.120344,0.128162,4290330.0,334447000
bytecoin-bcn,2018-04-01,0.0021149999999999997,0.002187,0.0020350000000000004,0.0021609999999999997,858187.0,388703000
cardano,2018-04-01,0.15659700000000001,0.160825,0.141343,0.150768,100833000.0,4060110000.0
dash,2018-04-01,306.21,311.11,285.68,291.53,84000100.0,2443110000
dogecoin,2018-04-01,0.0028179999999999998,0.002869,0.002595,0.002719,3373820.0,320792000
ethereum,2018-04-01,397.25,400.53,363.81,379.61,1256930000.0,39144700000.0
ethereum-classic,2018-04-01,14.41,14.52,13.14,13.58,122407000.0,1453370000.0
iota,2018-04-01,1.08,1.1,0.956615,0.994798,35953200.0,3004660000
lisk,2018-04-01,7.54,7.77,6.73,7.07,12966000.0,779836000.0
litecoin,2018-04-01,116.91,117.83,110.52,115.22,274182000.0,6532610000
monero,2018-04-01,178.78,182.11,165.25,175.51,31024200.0,2839980000
nano,2018-04-01,5.64,5.76,4.89,5.19,8988260.0,751580000.0
nem,2018-04-01,0.221523,0.224177,0.19816199999999998,0.20879,15920600.0,1993710000
neo,2018-04-01,50.34,50.59,45.3,47.3,73349000.0,3272060000.0
qtum,2018-04-01,14.26,14.4,12.79,13.46,91857800.0,1261700000.0
ripple,2018-04-01,0.513854,0.515437,0.46622299999999994,0.48508100000000004,297869000.0,20088900000
siacoin,2018-04-01,0.010711,0.010854,0.009401999999999999,0.010206999999999999,3329020.0,358669000.0
steem,2018-04-01,1.52,1.54,1.37,1.44,1046950.0,390948000
stellar,2018-04-01,0.207723,0.21339,0.19068800000000002,0.20658200000000002,43075500.0,3853390000
verge,2018-04-01,0.038901,0.046525,0.038005000000000004,0.043729000000000004,71479300.0,574927000
wanchain,2018-04-01,3.27,3.3,2.87,3.08,6716460.0,
zcash,2018-04-01,185.63,191.78,174.96,182.48,44314700.0,668694000
bitcoin,2018-04-02,6844.86,7135.47,6816.58,7083.8,4333440000.0,116037000000
bitcoin-cash,2018-04-02,644.46,686.02,641.43,662.77,282036000.0,10988300000.0
bitcoin-gold,2018-04-02,41.42,43.51,41.02,42.94,8366690.0,700666000.0
bitshares,2018-04-02,0.128486,0.15063800000000002,0.128486,0.14774,15182400.0,335673000
bytecoin-bcn,2018-04-02,0.002166,0.002229,0.002127,0.002189,825353.0,398217000
cardano,2018-04-02,0.15169100000000002,0.158797,0.14859,0.156385,102697000.0,3932900000.0
dash,2018-04-02,292.63,311.81,288.98,311.81,72383600.0,2335340000
dogecoin,2018-04-02,0.002731,0.002814,0.002704,0.002797,5034000.0,310901000
ethereum,2018-04-02,379.7,395.17,377.59,386.43,1102260000.0,37422500000.0
ethereum-classic,2018-04-02,13.62,14.33,13.52,14.13,123715000.0,1374140000.0
iota,2018-04-02,0.9951760000000001,1.06,0.990856,1.03,26124500.0,2766120000
lisk,2018-04-02,7.12,7.96,7.06,7.83,18870600.0,735881000.0
litecoin,2018-04-02,115.24,121.42,114.72,119.31,271703000.0,6441120000
monero,2018-04-02,175.87,181.52,175.06,177.51,27927800.0,2794350000
nano,2018-04-02,5.19,5.46,5.16,5.36,7461480.0,691573000.0
nem,2018-04-02,0.209004,0.228825,0.20791300000000001,0.226911,28985500.0,1881040000
neo,2018-04-02,47.34,50.3,46.79,48.82,62854800.0,3077220000.0
qtum,2018-04-02,13.53,14.65,13.37,14.39,118403000.0,1196880000.0
ripple,2018-04-02,0.486067,0.510446,0.478596,0.500688,262342000.0,19002500000
siacoin,2018-04-02,0.010314,0.010911,0.010139,0.010454999999999999,3758220.0,345588000.0
steem,2018-04-02,1.44,1.69,1.43,1.69,5488810.0,370347000
stellar,2018-04-02,0.20713099999999998,0.23338299999999998,0.204698,0.22487800000000002,70195700.0,3842400000
verge,2018-04-02,0.043886,0.048372000000000005,0.042516000000000005,0.047822,46758500.0,648765000
wanchain,2018-04-02,3.08,3.3,3.03,3.19,5889880.0,
zcash,2018-04-02,183.07,200.96,181.81,193.89,44433600.0,660806000
bitcoin,2018-04-03,7102.26,7530.94,7072.49,7456.11,5499700000.0,120415000000
bitcoin-cash,2018-04-03,664.15,719.77,660.35,712.88,303771000.0,11325100000.0
bitcoin-gold,2018-04-03,43.02,48.09,42.6,46.97,21330600.0,727917000.0
bitshares,2018-04-03,0.148162,0.163223,0.148162,0.152023,15691500.0,387091000
bytecoin-bcn,2018-04-03,0.002172,0.002345,0.002156,0.002345,1017640.0,399163000
cardano,2018-04-03,0.157864,0.173438,0.155254,0.172447,155987000.0,4092940000.0
dash,2018-04-03,312.64,342.02,311.93,339.85,90557500.0,2495600000
dogecoin,2018-04-03,0.002794,0.002993,0.00278,0.00298,6618080.0,318112000
ethereum,2018-04-03,387.31,418.97,383.53,416.89,1363400000.0,38180800000.0
ethereum-classic,2018-04-03,14.16,15.27,14.02,15.16,140058000.0,1428840000.0
iota,2018-04-03,1.03,1.12,1.03,1.11,30602800.0,2872410000
lisk,2018-04-03,7.85,10.68,7.66,10.16,60680700.0,812111000.0
litecoin,2018-04-03,119.51,136.45,118.58,134.47,375409000.0,6681650000
monero,2018-04-03,177.57,191.1,177.57,189.53,36809600.0,2821900000
nano,2018-04-03,5.37,6.12,5.3,6.0,11377700.0,715482000.0
nem,2018-04-03,0.226965,0.261529,0.22594,0.26069200000000003,74217500.0,2042680000
neo,2018-04-03,48.98,54.13,48.63,53.64,84566300.0,3183760000.0
qtum,2018-04-03,14.43,15.24,14.29,15.23,126352000.0,1276670000.0
ripple,2018-04-03,0.501533,0.5626979999999999,0.499658,0.558044,578239000.0,19607200000
siacoin,2018-04-03,0.010418,0.012428,0.010327,0.012395,9892000.0,349308000.0
steem,2018-04-03,1.7,2.45,1.62,2.06,59563800.0,437016000
stellar,2018-04-03,0.225992,0.23984499999999997,0.22506900000000002,0.23569099999999998,76510100.0,4192290000
verge,2018-04-03,0.047869,0.076481,0.047869,0.071145,352602000.0,707853000
wanchain,2018-04-03,3.2,3.53,3.13,3.52,7611090.0,
zcash,2018-04-03,194.07,208.67,193.32,206.18,48698900.0,701891000
bitcoin,2018-04-04,7456.41,7469.88,6803.88,6853.84,4936000000.0,126434000000
bitcoin-cash,2018-04-04,710.47,711.27,638.01,649.2,282960000.0,12116300000.0
bitcoin-gold,2018-04-04,46.84,47.0,42.05,42.2,11470400.0,792658000.0
bitshares,2018-04-04,0.151866,0.15195899999999998,0.134961,0.137514,7175230.0,396782000
bytecoin-bcn,2018-04-04,0.002337,0.00236,0.002089,0.0021149999999999997,1812510.0,429585000
cardano,2018-04-04,0.171158,0.179172,0.153626,0.155356,154801000.0,4437630000.0
dash,2018-04-04,339.84,340.33,298.09,299.85,74811700.0,2715410000
dogecoin,2018-04-04,0.002982,0.003006,0.0027170000000000002,0.00277,5330250.0,339583000
ethereum,2018-04-04,416.49,417.47,375.31,380.54,1287730000.0,41065100000.0
ethereum-classic,2018-04-04,15.12,15.12,13.53,13.64,106000000.0,1526030000.0
iota,2018-04-04,1.11,1.11,0.970967,0.990158,20877700.0,3079660000
lisk,2018-04-04,9.9,10.44,8.11,8.41,45243300.0,1024120000.0
litecoin,2018-04-04,133.91,134.61,116.58,118.41,380351000.0,7488700000
monero,2018-04-04,189.4,189.47,169.1,170.1,39301200.0,3010550000
nano,2018-04-04,5.99,6.17,5.11,5.14,10886800.0,798615000.0
nem,2018-04-04,0.258314,0.26658899999999996,0.224548,0.227384,36788000.0,2324830000
neo,2018-04-04,53.38,53.63,46.95,47.55,73956800.0,3469680000.0
qtum,2018-04-04,15.19,15.21,13.3,13.64,94847800.0,1343870000.0
ripple,2018-04-04,0.554569,0.563117,0.498487,0.501631,415258000.0,21680600000
siacoin,2018-04-04,0.012327,0.012327,0.010415,0.010527,5199960.0,413600000.0
steem,2018-04-04,2.02,2.17,1.81,1.92,14419100.0,518361000
stellar,2018-04-04,0.233729,0.236577,0.20238,0.20410799999999998,58482100.0,4335890000
verge,2018-04-04,0.070133,0.071391,0.056322000000000004,0.056866,175829000.0,1037350000
wanchain,2018-04-04,3.54,3.54,3.02,3.04,6714370.0,
zcash,2018-04-04,206.06,206.23,182.04,183.41,38157200.0,746749000
bitcoin,2018-04-05,6848.65,6933.82,6644.8,6811.47,5639320000.0,116142000000
bitcoin-cash,2018-04-05,648.63,655.52,620.1,646.04,243989000.0,11062800000.0
bitcoin-gold,2018-04-05,42.14,43.34,39.8,41.59,15492900.0,713158000.0
bitshares,2018-04-05,0.13761800000000002,0.148057,0.134668,0.14441400000000001,8183290.0,359587000
bytecoin-bcn,2018-04-05,0.002118,0.002132,0.002034,0.002092,1636150.0,389289000
cardano,2018-04-05,0.155592,0.156204,0.143742,0.148758,113407000.0,4034050000.0
dash,2018-04-05,300.25,304.66,290.07,301.65,66728700.0,2399570000
dogecoin,2018-04-05,0.002785,0.002791,0.002654,0.0027140000000000003,4829150.0,317139000
ethereum,2018-04-05,379.95,387.72,369.82,383.23,1210680000.0,37470200000.0
ethereum-classic,2018-04-05,13.65,13.81,13.24,13.72,97405600.0,1377950000.0
iota,2018-04-05,0.9902489999999999,0.9909479999999999,0.9411450000000001,0.9829530000000001,19414000.0,2752430000
lisk,2018-04-05,8.37,8.88,7.54,8.61,30392700.0,866125000.0
litecoin,2018-04-05,118.21,121.29,114.47,119.13,294022000.0,6612510000
monero,2018-04-05,170.05,174.89,164.8,173.31,40641000.0,2703660000
nano,2018-04-05,5.13,5.25,4.97,5.15,6559640.0,683610000.0
nem,2018-04-05,0.237,0.241623,0.214718,0.224768,46090300.0,2133000000
neo,2018-04-05,47.46,47.85,45.85,47.2,63650600.0,3084660000.0
qtum,2018-04-05,13.63,13.72,12.99,13.52,97377600.0,1206610000.0
ripple,2018-04-05,0.50195,0.5058819999999999,0.48449,0.49580100000000005,358755000.0,19623500000
siacoin,2018-04-05,0.010532,0.011463,0.010094,0.011056,10810800.0,353594000.0
steem,2018-04-05,1.91,1.91,1.67,1.75,3980430.0,488904000
stellar,2018-04-05,0.20712399999999997,0.20915300000000003,0.191903,0.19794,46694000.0,3842330000
verge,2018-04-05,0.057311,0.06287899999999999,0.050125,0.054932,174590000.0,848164000
wanchain,2018-04-05,3.03,3.2,2.98,3.17,4778540.0,
zcash,2018-04-05,183.49,186.71,178.76,184.61,36531300.0,666250000
bitcoin,2018-04-06,6815.96,6857.49,6575.0,6636.32,3766810000.0,115601000000
bitcoin-cash,2018-04-06,641.86,646.08,603.71,610.43,225186000.0,10948500000.0
bitcoin-gold,2018-04-06,41.59,42.01,39.0,39.61,7731100.0,703937000.0
bitshares,2018-04-06,0.143875,0.148857,0.137542,0.138352,8316210.0,375978000
bytecoin-bcn,2018-04-06,0.0020829999999999998,0.0021100000000000003,0.001991,0.002027,1314600.0,382969000
cardano,2018-04-06,0.148394,0.150481,0.14182999999999998,0.144451,51827500.0,3847430000.0
dash,2018-04-06,300.65,302.8,284.21,285.45,61683100.0,2403380000
dogecoin,2018-04-06,0.002715,0.0027370000000000003,0.002614,0.00267,2848290.0,309208000
ethereum,2018-04-06,382.73,385.19,366.91,370.29,967106000.0,37752600000.0
ethereum-classic,2018-04-06,13.69,13.85,13.04,13.15,84228500.0,1382250000.0
iota,2018-04-06,0.979734,0.995309,0.9292040000000001,0.9353670000000001,13385200.0,2723200000
lisk,2018-04-06,8.55,8.55,7.68,8.25,17839400.0,885475000.0
litecoin,2018-04-06,118.81,119.93,112.79,113.16,233190000.0,6648250000
monero,2018-04-06,172.41,175.37,161.92,162.0,42452500.0,2741770000
nano,2018-04-06,5.12,5.18,4.89,5.0,7555570.0,682610000.0
nem,2018-04-06,0.223908,0.22778099999999998,0.21313000000000001,0.219099,15421400.0,2015180000
neo,2018-04-06,47.05,47.48,44.59,44.94,46850100.0,3058490000.0
qtum,2018-04-06,13.43,13.58,12.62,12.88,78152100.0,1188400000.0
ripple,2018-04-06,0.494781,0.49809,0.46561499999999995,0.47643100000000005,218156000.0,19343200000
siacoin,2018-04-06,0.011119,0.011376,0.010328,0.010690999999999999,4597000.0,373538000.0
steem,2018-04-06,1.88,1.9,1.67,1.76,9876680.0,481197000
stellar,2018-04-06,0.19778099999999998,0.19964500000000002,0.18909,0.19331700000000002,30056300.0,3669020000
verge,2018-04-06,0.054386000000000004,0.059661,0.052576,0.05848300000000001,75422500.0,806292000
wanchain,2018-04-06,3.15,3.22,3.0,3.02,5182220.0,
zcash,2018-04-06,183.41,184.78,174.49,175.63,32598900.0,667309000
bitcoin,2018-04-07,6630.51,7050.54,6630.51,6911.09,3976610000.0,112467000000
bitcoin-cash,2018-04-07,611.2,652.59,610.41,640.35,231143000.0,10426600000.0
bitcoin-gold,2018-04-07,39.74,41.75,39.71,41.16,6153040.0,672739000.0
bitshares,2018-04-07,0.138524,0.145262,0.138351,0.142206,7011680.0,362035000
bytecoin-bcn,2018-04-07,0.002029,0.002176,0.0020239999999999998,0.002118,1067760.0,373008000
cardano,2018-04-07,0.14488499999999999,0.151469,0.14382899999999998,0.148794,48205400.0,3756440000.0
dash,2018-04-07,285.72,308.68,285.17,297.8,60452100.0,2284550000
dogecoin,2018-04-07,0.002682,0.002865,0.002669,0.002802,3034220.0,305488000
ethereum,2018-04-07,370.38,393.06,369.94,385.31,951475000.0,36541900000.0
ethereum-classic,2018-04-07,13.15,13.8,13.14,13.47,79211100.0,1328390000.0
iota,2018-04-07,0.9354520000000001,1.01,0.9345620000000001,0.984719,13535500.0,2600120000
lisk,2018-04-07,8.26,8.83,8.24,8.59,17467600.0,855521000.0
litecoin,2018-04-07,113.14,119.38,113.09,116.26,211470000.0,6332130000
monero,2018-04-07,162.27,172.74,162.27,170.12,30577500.0,2580780000
nano,2018-04-07,5.02,5.34,5.02,5.09,7519260.0,669418000.0
nem,2018-04-07,0.21951700000000002,0.22806500000000002,0.21853699999999998,0.22296799999999997,12824500.0,1975660000
neo,2018-04-07,44.91,47.81,44.83,46.42,49786600.0,2919100000.0
qtum,2018-04-07,12.86,13.51,12.84,13.17,82806500.0,1138120000.0
ripple,2018-04-07,0.476851,0.495667,0.474575,0.487867,209076000.0,18642300000
siacoin,2018-04-07,0.010699,0.011304999999999999,0.010609,0.011082999999999999,3338650.0,359637000.0
steem,2018-04-07,1.75,2.0,1.69,1.88,7151710.0,447624000
stellar,2018-04-07,0.193547,0.20575,0.192891,0.20185899999999998,27242100.0,3590470000
verge,2018-04-07,0.058714999999999996,0.067753,0.058466,0.06445,120038000.0,871547000
wanchain,2018-04-07,3.03,3.82,3.02,3.59,23856100.0,
zcash,2018-04-07,175.39,184.66,174.84,181.81,34326500.0,639366000
bitcoin,2018-04-08,6919.98,7111.56,6919.98,7023.52,3652500000.0,117392000000
bitcoin-cash,2018-04-08,640.89,659.81,640.89,655.26,198906000.0,10934300000.0
bitcoin-gold,2018-04-08,41.21,42.41,41.17,42.1,5044870.0,697696000.0
bitshares,2018-04-08,0.142585,0.145929,0.14103,0.143767,6188610.0,372691000
bytecoin-bcn,2018-04-08,0.00212,0.002199,0.00212,0.002172,378934.0,389687000
cardano,2018-04-08,0.148825,0.158452,0.148825,0.156599,51093100.0,3858610000.0
dash,2018-04-08,297.94,314.1,297.79,310.85,63050000.0,2382780000
dogecoin,2018-04-08,0.002786,0.002907,0.002786,0.002843,3683180.0,317419000
ethereum,2018-04-08,385.74,402.59,385.6,400.51,948488000.0,38065400000.0
ethereum-classic,2018-04-08,13.47,14.48,13.45,14.12,95690300.0,1360980000.0
iota,2018-04-08,0.981009,1.05,0.981009,1.02,23121200.0,2726750000
lisk,2018-04-08,8.6,9.37,8.6,9.15,16607000.0,890997000.0
litecoin,2018-04-08,116.29,118.55,115.95,117.67,194664000.0,6510420000
monero,2018-04-08,169.99,174.15,169.3,173.97,24114000.0,2703720000
nano,2018-04-08,5.1,5.29,5.03,5.07,7375620.0,679915000.0
nem,2018-04-08,0.22294,0.23549,0.220521,0.23549,15325100.0,2006460000
neo,2018-04-08,46.54,49.19,46.54,49.19,44671100.0,3025190000.0
qtum,2018-04-08,13.19,13.59,12.78,13.46,74875900.0,1167640000.0
ripple,2018-04-08,0.488227,0.501418,0.487591,0.500398,137548000.0,19087000000
siacoin,2018-04-08,0.011093,0.011397,0.010909,0.011087999999999999,2828600.0,373144000.0
steem,2018-04-08,1.86,1.93,1.85,1.91,3208590.0,477253000
stellar,2018-04-08,0.201817,0.207877,0.20127899999999999,0.206377,18973800.0,3743890000
verge,2018-04-08,0.064303,0.06864400000000001,0.061784000000000006,0.06775700000000001,64043900.0,954747000
wanchain,2018-04-08,3.58,3.98,3.58,3.92,15045700.0,
zcash,2018-04-08,181.7,185.3,180.5,183.9,28660200.0,663663000
bitcoin,2018-04-09,7044.32,7178.11,6661.99,6770.73,4894060000.0,119516000000
bitcoin-cash,2018-04-09,656.09,680.6,627.32,637.03,254947000.0,11194800000.0
bitcoin-gold,2018-04-09,42.09,44.11,40.45,41.2,8747160.0,712689000.0
bitshares,2018-04-09,0.143921,0.147448,0.136769,0.13805699999999999,9312640.0,376225000
bytecoin-bcn,2018-04-09,0.0021899999999999997,0.002293,0.002066,0.002114,1543110.0,402666000
cardano,2018-04-09,0.157094,0.165656,0.147478,0.153106,93021900.0,4072980000.0
dash,2018-04-09,311.26,321.83,293.13,298.4,69226600.0,2489860000
dogecoin,2018-04-09,0.002855,0.0029289999999999997,0.002724,0.002763,4827250.0,325309000
ethereum,2018-04-09,400.86,429.25,390.61,398.53,1478390000.0,39565100000.0
ethereum-classic,2018-04-09,14.14,14.51,13.35,13.63,94279200.0,1429250000.0
iota,2018-04-09,1.02,1.06,0.9672569999999999,0.989505,25263700.0,2842810000
lisk,2018-04-09,9.15,9.74,8.4,8.63,21092600.0,948271000.0
litecoin,2018-04-09,117.78,122.43,113.33,114.99,260171000.0,6595640000
monero,2018-04-09,174.06,179.13,164.26,167.06,24546500.0,2768980000
nano,2018-04-09,5.08,5.2,4.72,4.84,11176400.0,676310000.0
nem,2018-04-09,0.235835,0.244534,0.223406,0.229289,21341700.0,2122520000
neo,2018-04-09,49.37,56.66,49.37,52.93,267977000.0,3209100000.0
qtum,2018-04-09,13.46,14.48,13.18,13.46,125374000.0,1191330000.0
ripple,2018-04-09,0.501201,0.512142,0.482573,0.49185500000000004,271775000.0,19594200000
siacoin,2018-04-09,0.011149,0.012045,0.010607,0.010834,4608340.0,375279000.0
steem,2018-04-09,1.91,2.2,1.79,1.83,8131340.0,490832000
stellar,2018-04-09,0.20671799999999999,0.213455,0.19283699999999998,0.19733299999999998,36684300.0,3834820000
verge,2018-04-09,0.067728,0.078112,0.066787,0.078112,193835000.0,1005890000
wanchain,2018-04-09,3.9,3.99,3.52,3.69,13151900.0,
zcash,2018-04-09,184.22,188.64,174.99,177.41,33855700.0,674205000
bitcoin,2018-04-10,6795.44,6872.41,6704.15,6834.76,4272750000.0,115306000000
bitcoin-cash,2018-04-10,637.7,657.01,628.86,649.62,225054000.0,10882100000.0
bitcoin-gold,2018-04-10,41.22,41.24,40.05,40.88,7640680.0,698011000.0
bitshares,2018-04-10,0.13836400000000001,0.143599,0.136985,0.14261600000000002,6488910.0,361740000
bytecoin-bcn,2018-04-10,0.00214,0.0023510000000000002,0.002094,0.0023420000000000003,4360270.0,393396000
cardano,2018-04-10,0.15324000000000002,0.15782000000000002,0.149316,0.156347,55981300.0,3973070000.0
dash,2018-04-10,298.65,300.85,293.22,298.81,71283200.0,2389530000
dogecoin,2018-04-10,0.002759,0.003073,0.00274,0.003043,10212100.0,314378000
ethereum,2018-04-10,399.41,415.89,393.88,414.24,1196000000.0,39430400000.0
ethereum-classic,2018-04-10,13.65,13.78,13.35,13.65,73476000.0,1380040000.0
iota,2018-04-10,0.9905510000000001,1.01,0.967799,1.01,21163200.0,2753270000
lisk,2018-04-10,8.64,8.67,8.41,8.53,14258800.0,896151000.0
litecoin,2018-04-10,115.21,115.4,112.52,114.26,202879000.0,6453330000
monero,2018-04-10,167.06,167.38,164.4,165.57,31208400.0,2658460000
nano,2018-04-10,4.84,4.9,4.7,4.85,6671320.0,644978000.0
nem,2018-04-10,0.229739,0.235359,0.22429699999999997,0.235359,12849700.0,2067650000
neo,2018-04-10,53.2,53.2,49.67,52.62,90631300.0,3458030000.0
qtum,2018-04-10,13.5,13.6,12.97,13.44,89319900.0,1194620000.0
ripple,2018-04-10,0.492134,0.493645,0.482839,0.49193100000000006,154495000.0,19239800000
siacoin,2018-04-10,0.010786,0.011658,0.010754000000000001,0.011447,8685880.0,363286000.0
steem,2018-04-10,1.83,1.85,1.76,1.85,2149730.0,469951000
stellar,2018-04-10,0.197444,0.20128900000000002,0.196407,0.199344,26841200.0,3662770000
verge,2018-04-10,0.077388,0.09061,0.07594,0.08413,445879000.0,1149670000
wanchain,2018-04-10,3.71,4.48,3.67,4.48,27672800.0,393625000.0
zcash,2018-04-10,177.75,180.77,174.97,179.72,33315100.0,651798000
bitcoin,2018-04-11,6843.47,6968.32,6817.59,6968.32,4641890000.0,116126000000
bitcoin-cash,2018-04-11,648.9,666.58,648.9,666.58,252158000.0,11074400000.0
bitcoin-gold,2018-04-11,40.81,42.68,40.81,42.25,13074500.0,691164000.0
bitshares,2018-04-11,0.142778,0.157114,0.141794,0.155961,11438600.0,373322000
bytecoin-bcn,2018-04-11,0.002327,0.002545,0.002327,0.002526,3812750.0,427825000
cardano,2018-04-11,0.15676099999999998,0.166431,0.154079,0.166029,91793300.0,4064350000.0
dash,2018-04-11,299.51,309.42,296.69,309.42,70827500.0,2396990000
dogecoin,2018-04-11,0.003039,0.0034990000000000004,0.003013,0.003396,25292400.0,346295000
ethereum,2018-04-11,415.02,430.54,412.47,430.54,1439040000.0,40980200000.0
ethereum-classic,2018-04-11,13.69,14.61,13.61,14.59,104725000.0,1383590000.0
iota,2018-04-11,1.01,1.07,1.0,1.07,23924000.0,2801700000
lisk,2018-04-11,8.55,8.8,8.41,8.74,15079400.0,887063000.0
litecoin,2018-04-11,114.29,119.09,113.33,118.29,230069000.0,6403270000
monero,2018-04-11,165.55,169.16,164.53,169.16,41345600.0,2634970000
nano,2018-04-11,4.85,5.44,4.8,5.27,15907600.0,646461000.0
nem,2018-04-11,0.23540100000000003,0.24721100000000001,0.23302199999999998,0.24688600000000002,15445500.0,2118610000
neo,2018-04-11,52.58,59.46,52.32,58.54,178201000.0,3417620000.0
qtum,2018-04-11,13.46,14.43,13.45,14.43,129214000.0,1191690000.0
ripple,2018-04-11,0.492568,0.548455,0.489026,0.539506,341707000.0,19256700000
siacoin,2018-04-11,0.011413,0.012459,0.011395,0.012284,11889900.0,384632000.0
steem,2018-04-11,1.85,2.01,1.82,1.96,4439840.0,473253000
stellar,2018-04-11,0.199526,0.21246500000000001,0.198926,0.212337,40041100.0,3701460000
verge,2018-04-11,0.08357300000000001,0.086088,0.07915,0.082343,156412000.0,1241890000
wanchain,2018-04-11,4.48,4.69,4.31,4.37,28904700.0,475802000.0
zcash,2018-04-11,179.94,184.78,179.38,184.78,41436000.0,661099000
bitcoin,2018-04-12,6955.38,7899.23,6806.51,7889.25,8906250000.0,118048000000
bitcoin-cash,2018-04-12,666.39,734.48,658.93,734.48,417017000.0,11374200000.0
bitcoin-gold,2018-04-12,42.41,46.58,40.75,46.32,30858900.0,718334000.0
bitshares,2018-04-12,0.15526900000000002,0.178671,0.150396,0.178671,25591300.0,406028000
bytecoin-bcn,2018-04-12,0.002531,0.002926,0.002397,0.002869,4903200.0,465316000
cardano,2018-04-12,0.166757,0.214525,0.16452999999999998,0.212233,488007000.0,4323520000.0
dash,2018-04-12,308.94,354.0,305.76,353.8,89128200.0,2473010000
dogecoin,2018-04-12,0.0033740000000000003,0.0037979999999999997,0.0032549999999999996,0.0037979999999999997,13877700.0,384547000
ethereum,2018-04-12,430.16,493.06,417.41,492.94,2519360000.0,42483600000.0
ethereum-classic,2018-04-12,14.56,16.25,13.8,16.17,211979000.0,1472450000.0
iota,2018-04-12,1.07,1.38,1.04,1.34,81319300.0,2961960000
lisk,2018-04-12,8.74,9.82,8.51,9.72,38829900.0,906544000.0
litecoin,2018-04-12,118.29,129.34,113.55,129.34,587511000.0,6629030000
monero,2018-04-12,168.92,191.94,166.3,191.94,62352400.0,2689210000
nano,2018-04-12,5.24,5.85,4.9,5.8,15564500.0,698873000.0
nem,2018-04-12,0.24628200000000003,0.27768400000000004,0.236673,0.275733,40413700.0,2216540000
neo,2018-04-12,58.38,66.71,54.91,66.71,272689000.0,3794850000.0
qtum,2018-04-12,14.39,16.48,13.77,16.36,227065000.0,1273610000.0
ripple,2018-04-12,0.5386569999999999,0.644518,0.5065430000000001,0.628737,1346740000.0,21058600000
siacoin,2018-04-12,0.012176000000000001,0.013744999999999999,0.012056,0.013744999999999999,16657100.0,410578000.0
steem,2018-04-12,2.01,2.75,1.93,2.72,74749400.0,515214000
stellar,2018-04-12,0.211258,0.24226399999999998,0.20699499999999998,0.24211999999999997,103292000.0,3919100000
verge,2018-04-12,0.083121,0.094467,0.080839,0.090361,180372000.0,1235520000
wanchain,2018-04-12,4.36,6.25,4.34,6.04,41240700.0,462580000.0
zcash,2018-04-12,185.4,217.0,183.67,216.41,63825600.0,682471000
bitcoin,2018-04-13,7901.09,8183.96,7758.93,7895.96,7764460000.0,134114000000
bitcoin-cash,2018-04-13,735.78,781.13,725.4,738.3,384095000.0,12559600000.0
bitcoin-gold,2018-04-13,46.41,48.53,44.94,45.4,22189300.0,786202000.0
bitshares,2018-04-13,0.179179,0.20689899999999997,0.179179,0.188711,32895600.0,468604000
bytecoin-bcn,2018-04-13,0.002878,0.0033060000000000003,0.002791,0.0031550000000000003,5922770.0,529062000
cardano,2018-04-13,0.21163200000000001,0.21838200000000002,0.19656700000000002,0.200532,230413000.0,5487000000.0
dash,2018-04-13,355.67,388.31,346.61,353.07,93868000.0,2847730000
dogecoin,2018-04-13,0.003782,0.004294,0.00375,0.003995,18150400.0,431087000
ethereum,2018-04-13,493.16,526.47,482.66,492.74,2419250000.0,48715400000.0
ethereum-classic,2018-04-13,16.06,16.61,15.52,15.61,190710000.0,1624100000.0
iota,2018-04-13,1.33,1.5,1.28,1.32,90093700.0,3707450000
lisk,2018-04-13,9.76,10.57,9.49,9.77,39713300.0,1012860000.0
litecoin,2018-04-13,129.27,133.04,124.06,125.35,458040000.0,7246460000
monero,2018-04-13,192.04,201.17,186.78,188.87,56740700.0,3057950000
nano,2018-04-13,5.8,7.13,5.62,5.77,46281800.0,773208000.0
nem,2018-04-13,0.276,0.309298,0.269359,0.282566,60138100.0,2484000000
neo,2018-04-13,66.66,68.1,61.56,62.21,177671000.0,4332710000.0
qtum,2018-04-13,16.27,17.26,15.57,15.57,326062000.0,1440610000.0
ripple,2018-04-13,0.630093,0.693112,0.605816,0.638087,1245170000.0,24651000000
siacoin,2018-04-13,0.013665,0.015575,0.013362,0.01463,19946100.0,461156000.0
steem,2018-04-13,2.73,3.35,2.58,2.7,83578800.0,698902000
stellar,2018-04-13,0.241112,0.26708000000000004,0.23292,0.24629,112587000.0,4474920000
verge,2018-04-13,0.09,0.100342,0.088386,0.091562,157946000.0,1338130000
wanchain,2018-04-13,5.96,6.88,5.59,5.74,62270800.0,633183000.0
zcash,2018-04-13,216.31,242.0,212.34,228.14,71798000.0,797812000
bitcoin,2018-04-14,7874.67,8140.71,7846.0,7986.24,5191430000.0,133682000000
bitcoin-cash,2018-04-14,738.72,760.48,723.22,738.99,267415000.0,12611200000.0
bitcoin-gold,2018-04-14,45.1,46.86,44.57,45.61,10333700.0,764041000.0
bitshares,2018-04-14,0.185877,0.195576,0.178044,0.18648199999999998,20346000.0,486175000
bytecoin-bcn,2018-04-14,0.0031829999999999996,0.0033619999999999995,0.003084,0.003321,4923470.0,585068000
cardano,2018-04-14,0.198675,0.20649499999999998,0.194708,0.200853,113212000.0,5151050000.0
dash,2018-04-14,352.53,374.76,350.53,356.14,77555400.0,2823210000
dogecoin,2018-04-14,0.003958,0.004218,0.003924,0.00415,13585900.0,451198000
ethereum,2018-04-14,492.58,512.02,488.28,501.48,1519080000.0,48668400000.0
ethereum-classic,2018-04-14,15.57,16.31,15.5,16.02,130820000.0,1574710000.0
iota,2018-04-14,1.31,1.45,1.29,1.43,47173200.0,3647790000
lisk,2018-04-14,9.73,10.17,9.69,9.98,15811800.0,1009800000.0
litecoin,2018-04-14,125.22,129.34,124.77,126.29,258806000.0,7021250000
monero,2018-04-14,188.64,197.19,188.15,190.42,42979700.0,3004320000
nano,2018-04-14,5.75,6.32,5.72,5.88,15469100.0,766402000.0
nem,2018-04-14,0.280179,0.305177,0.278387,0.305177,30159900.0,2521610000
neo,2018-04-14,62.21,65.45,61.75,63.86,90798000.0,4043730000.0
qtum,2018-04-14,15.67,16.28,15.39,15.81,203908000.0,1387090000.0
ripple,2018-04-14,0.6373800000000001,0.661508,0.6163069999999999,0.632184,626268000.0,24936100000
siacoin,2018-04-14,0.014808000000000002,0.018354,0.014536000000000002,0.0163,54610200.0,499995000.0
steem,2018-04-14,2.67,2.77,2.55,2.62,8865570.0,683944000
stellar,2018-04-14,0.245338,0.259121,0.2426,0.250668,44754800.0,4553400000
verge,2018-04-14,0.091795,0.097612,0.082488,0.086951,143997000.0,1365190000
wanchain,2018-04-14,5.63,6.35,5.42,5.63,30017000.0,597306000.0
zcash,2018-04-14,228.35,238.36,219.68,222.03,53766200.0,843875000
bitcoin,2018-04-15,7999.33,8338.42,7999.33,8329.11,5244480000.0,135812000000
bitcoin-cash,2018-04-15,741.91,785.35,741.91,780.83,327336000.0,12667100000.0
bitcoin-gold,2018-04-15,45.77,49.38,45.77,48.97,14013200.0,775518000.0
bitshares,2018-04-15,0.186628,0.232528,0.186628,0.228075,61641300.0,488196000
bytecoin-bcn,2018-04-15,0.003319,0.004581,0.003319,0.004396,8187490.0,610169000
cardano,2018-04-15,0.201389,0.223444,0.19994,0.22139,169798000.0,5221430000.0
dash,2018-04-15,356.67,384.69,356.67,381.7,87933500.0,2857030000
dogecoin,2018-04-15,0.004135,0.004614,0.004135,0.004571,11867500.0,471474000
ethereum,2018-04-15,502.88,531.7,502.88,531.7,1726090000.0,49696300000.0
ethereum-classic,2018-04-15,16.07,16.83,16.03,16.75,121745000.0,1626260000.0
iota,2018-04-15,1.44,1.69,1.44,1.67,135481000.0,3992880000
lisk,2018-04-15,9.98,10.48,9.98,10.48,16400400.0,1036700000.0
litecoin,2018-04-15,126.67,132.04,126.67,132.04,274427000.0,7104120000
monero,2018-04-15,190.91,203.93,190.91,200.62,50712700.0,3041250000
nano,2018-04-15,5.88,6.41,5.88,6.41,13102300.0,784109000.0
nem,2018-04-15,0.306989,0.358358,0.306989,0.358358,83251500.0,2762900000
neo,2018-04-15,64.33,70.33,64.33,70.33,126368000.0,4181560000.0
qtum,2018-04-15,15.84,16.91,15.84,16.85,177596000.0,1402040000.0
ripple,2018-04-15,0.634883,0.682534,0.634143,0.682534,609637000.0,24838400000
siacoin,2018-04-15,0.016528,0.018721,0.016526,0.018538,27255300.0,558422000.0
steem,2018-04-15,2.62,2.75,2.62,2.75,9133700.0,665534000
stellar,2018-04-15,0.250979,0.29639499999999996,0.250979,0.290722,129731000.0,4658090000
verge,2018-04-15,0.08667799999999999,0.094045,0.08567899999999999,0.09082799999999999,131901000.0,1289450000
wanchain,2018-04-15,5.65,6.19,5.65,5.98,20248200.0,599758000.0
zcash,2018-04-15,222.65,234.44,222.65,232.18,50127300.0,824395000
